/*--------------------------------*- C++ -*----------------------------------*\
| =========                 |                                                 |
| \\      /  F ield         | OpenFOAM: The Open Source CFD Toolbox           |
|  \\    /   O peration     | Version:  2.3.0                                 |
|   \\  /    A nd           | Web:      www.OpenFOAM.org                      |
|    \\/     M anipulation  |                                                 |
\*---------------------------------------------------------------------------*/
FoamFile
{
    version     2.0;
    format      ascii;
    class       volVectorField;
    location    "0.3";
    object      U;
}
// * * * * * * * * * * * * * * * * * * * * * * * * * * * * * * * * * * * * * //

dimensions      [0 1 -1 0 0 0 0];

internalField   nonuniform List<vector> 
2268
(
(-0.0482907 0.01579 0)
(-0.06337 -0.00247885 0)
(-0.0296207 -0.0158312 0)
(0.0199999 -0.0187491 0)
(0.0775403 -0.0197261 0)
(0.135901 -0.019402 0)
(0.19384 -0.0188668 0)
(0.251036 -0.0184537 0)
(0.307587 -0.0181512 0)
(0.36351 -0.0178571 0)
(0.41848 -0.0174391 0)
(0.471732 -0.0167381 0)
(0.521949 -0.0155473 0)
(0.567045 -0.013539 0)
(0.603456 -0.0102013 0)
(0.626751 -0.00385176 0)
(0.624547 0.00728499 0)
(0.580228 0.0243222 0)
(0.482307 0.0455619 0)
(0.318962 0.064447 0)
(0.118513 0.0717596 0)
(-0.164686 0.0219692 0)
(-0.108659 -0.0848481 0)
(-0.0332334 0.0353043 0)
(-0.0210269 -0.00648019 0)
(0.0151613 -0.0307144 0)
(0.0650246 -0.0394855 0)
(0.12125 -0.0424779 0)
(0.179057 -0.042818 0)
(0.236913 -0.0424338 0)
(0.294323 -0.0419962 0)
(0.351124 -0.0415656 0)
(0.407115 -0.0409753 0)
(0.46185 -0.0399626 0)
(0.514532 -0.0381858 0)
(0.563888 -0.0351777 0)
(0.60798 -0.0302161 0)
(0.643937 -0.0221621 0)
(0.667349 -0.00874927 0)
(0.675495 0.0129406 0)
(0.661743 0.0452006 0)
(0.61266 0.0873805 0)
(0.504327 0.131499 0)
(0.334695 0.160172 0)
(0.0545689 0.116487 0)
(0.0266696 -0.0875971 0)
(-0.0103192 0.0412722 0)
(0.00759226 -0.0192253 0)
(0.0463666 -0.0505646 0)
(0.0961071 -0.0634428 0)
(0.150988 -0.0678121 0)
(0.207445 -0.0685498 0)
(0.264136 -0.0681443 0)
(0.320526 -0.0675121 0)
(0.37633 -0.0667685 0)
(0.431236 -0.0656921 0)
(0.484745 -0.0639052 0)
(0.53606 -0.0608981 0)
(0.583975 -0.0559661 0)
(0.626715 -0.0480639 0)
(0.661752 -0.0356035 0)
(0.685429 -0.0162346 0)
(0.694023 0.0134433 0)
(0.683128 0.0570298 0)
(0.646886 0.116108 0)
(0.572607 0.183996 0)
(0.452964 0.238131 0)
(0.23364 0.200825 0)
(0.126505 -0.0286575 0)
(0.00430057 0.036806 0)
(0.0284023 -0.033501 0)
(0.070635 -0.0718955 0)
(0.121009 -0.0880688 0)
(0.175016 -0.0936147 0)
(0.230211 -0.094674 0)
(0.285611 -0.0942214 0)
(0.340755 -0.093362 0)
(0.395322 -0.0922484 0)
(0.448952 -0.0906091 0)
(0.501124 -0.0879616 0)
(0.551063 -0.0836436 0)
(0.597642 -0.0767396 0)
(0.639263 -0.0659201 0)
(0.673723 -0.0492322 0)
(0.697978 -0.023954 0)
(0.708561 0.0135347 0)
(0.701792 0.0670871 0)
(0.673909 0.139123 0)
(0.617798 0.224778 0)
(0.526366 0.30283 0)
(0.353538 0.288106 0)
(0.199782 0.0753121 0)
(0.0111222 0.026485 0)
(0.042793 -0.0512497 0)
(0.0894248 -0.0946061 0)
(0.141147 -0.113026 0)
(0.194781 -0.119356 0)
(0.248964 -0.120617 0)
(0.303155 -0.120105 0)
(0.357045 -0.119024 0)
(0.410339 -0.117534 0)
(0.462669 -0.115311 0)
(0.51352 -0.11178 0)
(0.562156 -0.106147 0)
(0.607548 -0.0973187 0)
(0.648296 -0.0837338 0)
(0.682528 -0.063149 0)
(0.707747 -0.0325422 0)
(0.721009 0.0118651 0)
(0.719318 0.0740273 0)
(0.69974 0.156684 0)
(0.657445 0.256437 0)
(0.583635 0.355973 0)
(0.443529 0.375664 0)
(0.2596 0.218814 0)
(0.0141862 0.0127531 0)
(0.0526529 -0.0721022 0)
(0.10376 -0.11868 0)
(0.157135 -0.138225 0)
(0.2107 -0.144812 0)
(0.264076 -0.14607 0)
(0.317175 -0.145438 0)
(0.369864 -0.144124 0)
(0.421909 -0.142252 0)
(0.472962 -0.139445 0)
(0.522531 -0.135043 0)
(0.569935 -0.12814 0)
(0.614258 -0.117502 0)
(0.654312 -0.101395 0)
(0.688581 -0.0773542 0)
(0.715089 -0.0421206 0)
(0.731464 0.00819944 0)
(0.735394 0.0775821 0)
(0.724541 0.168996 0)
(0.695459 0.280641 0)
(0.637188 0.400109 0)
(0.526089 0.462018 0)
(0.317537 0.395972 0)
(0.0160746 -0.00319086 0)
(0.0597975 -0.0955493 0)
(0.114736 -0.144068 0)
(0.169615 -0.163731 0)
(0.223161 -0.170044 0)
(0.275823 -0.171064 0)
(0.327904 -0.170218 0)
(0.379437 -0.168633 0)
(0.430256 -0.166365 0)
(0.480048 -0.162971 0)
(0.528359 -0.157716 0)
(0.574568 -0.149602 0)
(0.617878 -0.137296 0)
(0.657329 -0.118943 0)
(0.69178 -0.0919324 0)
(0.719774 -0.052822 0)
(0.73953 0.00235935 0)
(0.74943 0.0775703 0)
(0.74787 0.175952 0)
(0.732889 0.297367 0)
(0.692784 0.434552 0)
(0.618217 0.54506 0)
(0.385798 0.601551 0)
(0.0178743 -0.0206973 0)
(0.0654968 -0.121007 0)
(0.123304 -0.170492 0)
(0.179259 -0.189454 0)
(0.232656 -0.195041 0)
(0.284587 -0.195603 0)
(0.335668 -0.194438 0)
(0.386059 -0.192526 0)
(0.435657 -0.189832 0)
(0.484191 -0.18584 0)
(0.531248 -0.179744 0)
(0.576266 -0.170476 0)
(0.618565 -0.156638 0)
(0.657418 -0.136328 0)
(0.692075 -0.106859 0)
(0.721605 -0.0646645 0)
(0.744818 -0.00574435 0)
(0.760804 0.0737766 0)
(0.768948 0.177017 0)
(0.769236 0.305107 0)
(0.752717 0.455009 0)
(0.723827 0.61278 0)
(0.480126 0.878342 0)
(0.0144259 -0.000853698 0)
(-0.0607925 0.0249372 0)
(-0.15328 0.0201252 0)
(-0.190241 0.00684917 0)
(-0.189116 -0.00287082 0)
(-0.164325 -0.00862463 0)
(-0.128595 -0.0108228 0)
(-0.0884495 -0.0112836 0)
(-0.0489381 -0.0104908 0)
(-0.0136105 -0.00877694 0)
(0.0149715 -0.006632 0)
(0.0353344 -0.00437183 0)
(0.0473182 -0.0021698 0)
(0.0515119 -0.000208243 0)
(0.0489106 0.00138335 0)
(0.0409572 0.00252948 0)
(0.0294416 0.00307688 0)
(0.0167267 0.00284132 0)
(0.00494017 0.00210181 0)
(-0.0365617 0.0224199 0)
(-0.121385 0.0558866 0)
(-0.193666 0.0393257 0)
(-0.212783 0.0101773 0)
(-0.201899 -0.00898006 0)
(-0.175736 -0.0204301 0)
(-0.139296 -0.0255937 0)
(-0.0990333 -0.0268497 0)
(-0.059315 -0.0251574 0)
(-0.0234044 -0.0214218 0)
(0.00619049 -0.0164496 0)
(0.0280767 -0.0109417 0)
(0.0417576 -0.00555361 0)
(0.0476067 -0.000714981 0)
(0.0467033 0.00327352 0)
(0.0403777 0.00623285 0)
(0.0301564 0.00794634 0)
(0.0180366 0.00817231 0)
(0.00560608 0.00715308 0)
(-0.0737735 0.0659068 0)
(-0.160437 0.0864122 0)
(-0.21077 0.0531531 0)
(-0.221171 0.0101507 0)
(-0.206472 -0.0170723 0)
(-0.178839 -0.0333785 0)
(-0.141989 -0.0411484 0)
(-0.101963 -0.0430188 0)
(-0.0626652 -0.0404441 0)
(-0.0270781 -0.0347668 0)
(0.00241924 -0.0270332 0)
(0.0245997 -0.0183895 0)
(0.0388913 -0.00981389 0)
(0.0455428 -0.00202736 0)
(0.0454813 0.00448886 0)
(0.0400025 0.00936348 0)
(0.0305655 0.01235 0)
(0.0189325 0.0131827 0)
(0.00631078 0.0120783 0)
(-0.103253 0.122865 0)
(-0.193446 0.115292 0)
(-0.226769 0.0622121 0)
(-0.228512 0.0079719 0)
(-0.209384 -0.0263846 0)
(-0.179848 -0.0471915 0)
(-0.142074 -0.0572979 0)
(-0.101741 -0.0596524 0)
(-0.0625239 -0.056066 0)
(-0.0271961 -0.0483577 0)
(0.00203175 -0.037864 0)
(0.0240746 -0.0260732 0)
(0.038444 -0.0142935 0)
(0.0453598 -0.00351597 0)
(0.0456603 0.00555157 0)
(0.0405623 0.01241 0)
(0.0314366 0.0167634 0)
(0.0199081 0.0183858 0)
(0.00700676 0.0176483 0)
(-0.131249 0.192278 0)
(-0.226357 0.142382 0)
(-0.242691 0.0655249 0)
(-0.234405 0.00290842 0)
(-0.210864 -0.037154 0)
(-0.179333 -0.0619109 0)
(-0.140244 -0.0741006 0)
(-0.0990794 -0.0767316 0)
(-0.059516 -0.0719687 0)
(-0.0242458 -0.0620656 0)
(0.00468767 -0.0487367 0)
(0.0263373 -0.0337848 0)
(0.0403772 -0.0188088 0)
(0.0470869 -0.00505684 0)
(0.0472751 0.00655977 0)
(0.0420939 0.0154246 0)
(0.0328258 0.0211991 0)
(0.0210114 0.023717 0)
(0.00761494 0.0235544 0)
(-0.161877 0.276159 0)
(-0.259196 0.165331 0)
(-0.255338 0.0611189 0)
(-0.235518 -0.00484679 0)
(-0.209198 -0.0488482 0)
(-0.176565 -0.0771964 0)
(-0.136262 -0.0913595 0)
(-0.0939611 -0.0940993 0)
(-0.0537028 -0.08798 0)
(-0.0182866 -0.0757124 0)
(0.0103606 -0.0594392 0)
(0.0314289 -0.0412936 0)
(0.0447922 -0.0231362 0)
(0.0508532 -0.00644518 0)
(0.050454 0.00769499 0)
(0.044715 0.0185661 0)
(0.0348485 0.0257923 0)
(0.022347 0.0292763 0)
(0.00816505 0.0298112 0)
(-0.195531 0.366008 0)
(-0.279978 0.176801 0)
(-0.254571 0.0456827 0)
(-0.224497 -0.0144197 0)
(-0.200815 -0.0602647 0)
(-0.169829 -0.0925144 0)
(-0.129297 -0.108962 0)
(-0.0859714 -0.111793 0)
(-0.0448573 -0.104095 0)
(-0.00916921 -0.089221 0)
(0.0191725 -0.0698409 0)
(0.0394848 -0.0484287 0)
(0.0518484 -0.0270843 0)
(0.0568295 -0.00747548 0)
(0.0553647 0.00916687 0)
(0.0485832 0.0220408 0)
(0.0376532 0.030735 0)
(0.0240533 0.0352206 0)
(0.00874335 0.0364526 0)
(-0.24619 0.562008 0)
(-0.222698 0.157491 0)
(-0.214863 0.0227812 0)
(-0.187793 -0.0218958 0)
(-0.179389 -0.0712468 0)
(-0.15618 -0.108157 0)
(-0.118027 -0.127214 0)
(-0.0744671 -0.130266 0)
(-0.0324765 -0.120883 0)
(0.00356911 -0.103076 0)
(0.0314949 -0.0802117 0)
(0.0507739 -0.0552363 0)
(0.0617484 -0.0305398 0)
(0.0652019 -0.00794034 0)
(0.062185 0.0112314 0)
(0.0538597 0.0261256 0)
(0.0413954 0.0363124 0)
(0.0263014 0.0418218 0)
(0.00950802 0.0436234 0)
(0.0211209 -0.0511254 0)
(0.0731275 -0.164207 0)
(0.13375 -0.213363 0)
(0.190546 -0.229969 0)
(0.243407 -0.233785 0)
(0.294141 -0.23329 0)
(0.343699 -0.23143 0)
(0.392379 -0.228889 0)
(0.440155 -0.22545 0)
(0.486816 -0.220481 0)
(0.532011 -0.213074 0)
(0.575262 -0.202073 0)
(0.616044 -0.186054 0)
(0.65398 -0.163153 0)
(0.688948 -0.130689 0)
(0.720832 -0.0849665 0)
(0.749335 -0.0219915 0)
(0.774556 0.0616692 0)
(0.797722 0.168433 0)
(0.822503 0.299498 0)
(0.853412 0.454161 0)
(0.915886 0.637912 0)
(0.997281 0.986784 0)
(0.0262743 -0.0979643 0)
(0.0828741 -0.227274 0)
(0.145325 -0.27311 0)
(0.201406 -0.28466 0)
(0.252375 -0.285179 0)
(0.300887 -0.282818 0)
(0.348159 -0.279793 0)
(0.394558 -0.276286 0)
(0.440083 -0.271806 0)
(0.484561 -0.265563 0)
(0.52768 -0.256513 0)
(0.568989 -0.24342 0)
(0.608034 -0.224981 0)
(0.644782 -0.199711 0)
(0.679933 -0.165281 0)
(0.714379 -0.117868 0)
(0.748636 -0.0535218 0)
(0.783491 0.0302973 0)
(0.821191 0.13402 0)
(0.866666 0.255739 0)
(0.927973 0.39079 0)
(1.01282 0.535382 0)
(1.15272 0.709917 0)
(0.0311069 -0.152059 0)
(0.0930841 -0.293119 0)
(0.157328 -0.331923 0)
(0.21125 -0.336778 0)
(0.258971 -0.333611 0)
(0.304329 -0.329511 0)
(0.348731 -0.325573 0)
(0.392498 -0.321344 0)
(0.435558 -0.316054 0)
(0.477716 -0.308781 0)
(0.518669 -0.298335 0)
(0.557897 -0.283374 0)
(0.594806 -0.262812 0)
(0.629456 -0.235951 0)
(0.66332 -0.201306 0)
(0.698242 -0.154701 0)
(0.73519 -0.0918759 0)
(0.774941 -0.0109708 0)
(0.819278 0.0866456 0)
(0.871661 0.196211 0)
(0.936969 0.309962 0)
(1.01682 0.417927 0)
(1.12946 0.516278 0)
(0.0314804 -0.215472 0)
(0.108104 -0.365155 0)
(0.173222 -0.390368 0)
(0.22166 -0.386287 0)
(0.264093 -0.37955 0)
(0.305227 -0.37435 0)
(0.346135 -0.370025 0)
(0.386797 -0.365385 0)
(0.426921 -0.359439 0)
(0.466239 -0.351224 0)
(0.504455 -0.339402 0)
(0.540981 -0.322418 0)
(0.575014 -0.299377 0)
(0.606461 -0.270737 0)
(0.637194 -0.236725 0)
(0.669702 -0.192406 0)
(0.705462 -0.13293 0)
(0.745525 -0.0567229 0)
(0.791404 0.0339402 0)
(0.845214 0.132764 0)
(0.909068 0.232529 0)
(0.984305 0.32483 0)
(1.07782 0.406123 0)
(0.0389802 -0.292844 0)
(0.143041 -0.447426 0)
(0.19459 -0.446617 0)
(0.229156 -0.431231 0)
(0.264626 -0.421638 0)
(0.301604 -0.415767 0)
(0.339213 -0.41094 0)
(0.376768 -0.405473 0)
(0.413737 -0.39832 0)
(0.449727 -0.388627 0)
(0.484358 -0.37496 0)
(0.517116 -0.355527 0)
(0.547539 -0.32955 0)
(0.575917 -0.298706 0)
(0.603181 -0.265411 0)
(0.630713 -0.223618 0)
(0.661409 -0.167877 0)
(0.69813 -0.0969795 0)
(0.743201 -0.0131919 0)
(0.797223 0.0774595 0)
(0.860295 0.166982 0)
(0.933548 0.246735 0)
(1.01843 0.313036 0)
(0.107238 -0.384008 0)
(0.21548 -0.531941 0)
(0.214849 -0.482666 0)
(0.227441 -0.45927 0)
(0.258371 -0.449907 0)
(0.2935 -0.444094 0)
(0.329173 -0.438562 0)
(0.364388 -0.431891 0)
(0.398711 -0.423112 0)
(0.431598 -0.411464 0)
(0.462343 -0.39534 0)
(0.490595 -0.372513 0)
(0.516788 -0.341749 0)
(0.542358 -0.305124 0)
(0.565175 -0.271736 0)
(0.582673 -0.231704 0)
(0.602579 -0.179705 0)
(0.631744 -0.115519 0)
(0.674682 -0.0402393 0)
(0.733747 0.0419507 0)
(0.809001 0.122008 0)
(0.895717 0.190104 0)
(0.986826 0.245325 0)
(0.303048 -0.600209 0)
(0.334747 -0.59811 0)
(0.203029 -0.450644 0)
(0.216639 -0.45484 0)
(0.251179 -0.454009 0)
(0.288086 -0.451182 0)
(0.323736 -0.447345 0)
(0.357744 -0.442082 0)
(0.390066 -0.43467 0)
(0.419938 -0.424405 0)
(0.446427 -0.410115 0)
(0.470486 -0.391088 0)
(0.496529 -0.369411 0)
(0.535733 -0.347911 0)
(0.557995 -0.306712 0)
(0.56488 -0.258929 0)
(0.570031 -0.20897 0)
(0.581234 -0.150617 0)
(0.609221 -0.0824126 0)
(0.661305 -0.00918311 0)
(0.739867 0.071337 0)
(0.847896 0.146839 0)
(0.956321 0.197348 0)
(0.240582 -0.937047 0)
(0.0698267 -0.422529 0)
(0.144796 -0.371886 0)
(0.214744 -0.511791 0)
(0.259104 -0.560026 0)
(0.307321 -0.563089 0)
(0.358194 -0.557481 0)
(0.408474 -0.549106 0)
(0.457809 -0.536735 0)
(0.506545 -0.519113 0)
(0.554963 -0.497128 0)
(0.60244 -0.473485 0)
(0.647304 -0.445041 0)
(0.689626 -0.399375 0)
(0.730347 -0.343905 0)
(0.771767 -0.291282 0)
(0.8127 -0.251199 0)
(0.852583 -0.224778 0)
(0.893535 -0.208092 0)
(0.938055 -0.193726 0)
(0.987553 -0.172152 0)
(1.05315 -0.128864 0)
(1.0126 0.0374846 0)
(-0.158839 -0.992657 0)
(-0.0315436 -0.55613 0)
(0.097226 -0.515192 0)
(0.201904 -0.564975 0)
(0.270752 -0.587404 0)
(0.329241 -0.586067 0)
(0.385799 -0.577308 0)
(0.440563 -0.566534 0)
(0.493698 -0.553803 0)
(0.546054 -0.538023 0)
(0.598356 -0.518556 0)
(0.650367 -0.49519 0)
(0.701174 -0.466226 0)
(0.751438 -0.427844 0)
(0.804274 -0.380411 0)
(0.861762 -0.330601 0)
(0.922312 -0.283326 0)
(0.983587 -0.239166 0)
(1.04391 -0.195763 0)
(1.10128 -0.14825 0)
(1.15155 -0.089846 0)
(1.19249 -0.0138326 0)
(1.22345 0.0606419 0)
(-0.0608163 -0.759567 0)
(-0.00453784 -0.7071 0)
(0.108011 -0.65513 0)
(0.198508 -0.649336 0)
(0.267397 -0.648037 0)
(0.326291 -0.64102 0)
(0.382222 -0.630901 0)
(0.436563 -0.61944 0)
(0.489504 -0.606368 0)
(0.541462 -0.590678 0)
(0.592923 -0.571423 0)
(0.644102 -0.547773 0)
(0.695219 -0.518594 0)
(0.747543 -0.482542 0)
(0.803501 -0.440292 0)
(0.864623 -0.395399 0)
(0.930319 -0.35087 0)
(0.999014 -0.307394 0)
(1.06913 -0.263426 0)
(1.13949 -0.21508 0)
(1.20943 -0.155679 0)
(1.28305 -0.0761142 0)
(1.36901 0.024228 0)
(0.00752612 -0.790291 0)
(0.0413364 -0.783095 0)
(0.114948 -0.741293 0)
(0.183572 -0.721879 0)
(0.243926 -0.710213 0)
(0.298751 -0.698673 0)
(0.351159 -0.686369 0)
(0.402205 -0.673329 0)
(0.452079 -0.658972 0)
(0.500957 -0.64236 0)
(0.54914 -0.622562 0)
(0.597032 -0.598773 0)
(0.645314 -0.570303 0)
(0.695363 -0.536844 0)
(0.749048 -0.499266 0)
(0.807707 -0.459659 0)
(0.871594 -0.419822 0)
(0.940334 -0.38017 0)
(1.01363 -0.339447 0)
(1.09183 -0.294581 0)
(1.17623 -0.240624 0)
(1.2711 -0.171758 0)
(1.38029 -0.0875247 0)
(0.0167367 -0.814424 0)
(0.0528893 -0.837252 0)
(0.104685 -0.801983 0)
(0.157226 -0.779596 0)
(0.207463 -0.763711 0)
(0.2554 -0.749703 0)
(0.301981 -0.736021 0)
(0.347615 -0.721927 0)
(0.392337 -0.706611 0)
(0.436192 -0.6892 0)
(0.479387 -0.668922 0)
(0.522365 -0.645225 0)
(0.565919 -0.617856 0)
(0.611303 -0.587017 0)
(0.660043 -0.55365 0)
(0.713437 -0.51923 0)
(0.772316 -0.484994 0)
(0.837291 -0.451278 0)
(0.909228 -0.417213 0)
(0.989747 -0.380568 0)
(1.08126 -0.337652 0)
(1.18808 -0.283633 0)
(1.31253 -0.214525 0)
(0.0177525 -0.845853 0)
(0.0484313 -0.877292 0)
(0.0844554 -0.846913 0)
(0.124484 -0.825278 0)
(0.164869 -0.808461 0)
(0.204778 -0.793533 0)
(0.244173 -0.779099 0)
(0.283027 -0.764243 0)
(0.321238 -0.748131 0)
(0.35879 -0.730013 0)
(0.395858 -0.70934 0)
(0.432886 -0.68586 0)
(0.470647 -0.659687 0)
(0.510253 -0.63137 0)
(0.553022 -0.601921 0)
(0.600245 -0.572597 0)
(0.653083 -0.544454 0)
(0.712755 -0.517969 0)
(0.78086 -0.492818 0)
(0.859768 -0.467643 0)
(0.95255 -0.439658 0)
(1.06377 -0.404011 0)
(1.19622 -0.353592 0)
(0.0149069 -0.876278 0)
(0.0372175 -0.904524 0)
(0.0610295 -0.87969 0)
(0.0904831 -0.860374 0)
(0.121444 -0.844128 0)
(0.152922 -0.829223 0)
(0.184484 -0.814576 0)
(0.21588 -0.79932 0)
(0.246937 -0.782702 0)
(0.277622 -0.764138 0)
(0.308112 -0.743316 0)
(0.338843 -0.720272 0)
(0.370539 -0.695437 0)
(0.404199 -0.669624 0)
(0.441006 -0.643967 0)
(0.482219 -0.619719 0)
(0.529146 -0.597997 0)
(0.583284 -0.579571 0)
(0.646567 -0.564725 0)
(0.721689 -0.552972 0)
(0.812043 -0.542336 0)
(0.922426 -0.527846 0)
(1.05686 -0.499595 0)
(0.00911012 -0.898642 0)
(0.0234195 -0.92071 0)
(0.0380295 -0.902326 0)
(0.0582869 -0.885951 0)
(0.080436 -0.871006 0)
(0.103626 -0.856694 0)
(0.127314 -0.842244 0)
(0.151179 -0.826924 0)
(0.175038 -0.810121 0)
(0.198879 -0.79144 0)
(0.2229 -0.770803 0)
(0.247534 -0.748511 0)
(0.273464 -0.725258 0)
(0.301593 -0.702083 0)
(0.332998 -0.680264 0)
(0.368867 -0.661151 0)
(0.410504 -0.646017 0)
(0.459434 -0.635975 0)
(0.517584 -0.631909 0)
(0.58755 -0.634181 0)
(0.67258 -0.641686 0)
(0.777287 -0.649661 0)
(0.906572 -0.646005 0)
(0.00299874 -0.911169 0)
(0.0100003 -0.928873 0)
(0.0174374 -0.916444 0)
(0.0295671 -0.902935 0)
(0.0436712 -0.889587 0)
(0.0590894 -0.876216 0)
(0.0753038 -0.862291 0)
(0.0920067 -0.84724 0)
(0.109052 -0.830615 0)
(0.126472 -0.812213 0)
(0.144497 -0.792175 0)
(0.163563 -0.771032 0)
(0.184311 -0.749698 0)
(0.207556 -0.729401 0)
(0.23426 -0.711555 0)
(0.265488 -0.697629 0)
(0.302416 -0.689056 0)
(0.346382 -0.687237 0)
(0.399002 -0.693542 0)
(0.462364 -0.709045 0)
(0.539021 -0.733462 0)
(0.632784 -0.762519 0)
(0.748491 -0.782737 0)
(-0.00210509 -0.913809 0)
(-0.00153831 -0.93124 0)
(-1.43067e-05 -0.923221 0)
(0.0050248 -0.912268 0)
(0.0120013 -0.900628 0)
(0.0204221 -0.888417 0)
(0.0298528 -0.875284 0)
(0.040045 -0.860822 0)
(0.0509155 -0.84475 0)
(0.0625538 -0.827048 0)
(0.0752246 -0.808049 0)
(0.0893619 -0.788477 0)
(0.105553 -0.76942 0)
(0.124516 -0.752248 0)
(0.147066 -0.738481 0)
(0.17409 -0.72967 0)
(0.206517 -0.727343 0)
(0.245331 -0.733054 0)
(0.291598 -0.748438 0)
(0.346579 -0.77501 0)
(0.411715 -0.813129 0)
(0.489595 -0.859262 0)
(0.584264 -0.899897 0)
(-0.00580201 -0.9087 0)
(-0.0106539 -0.928675 0)
(-0.0142013 -0.923617 0)
(-0.0151744 -0.914966 0)
(-0.0143177 -0.905052 0)
(-0.011979 -0.894128 0)
(-0.00848984 -0.881998 0)
(-0.00401755 -0.868409 0)
(0.0014284 -0.85324 0)
(0.00799373 -0.836635 0)
(0.0159677 -0.819086 0)
(0.0257666 -0.801464 0)
(0.0379089 -0.784978 0)
(0.0529887 -0.771088 0)
(0.0716443 -0.761365 0)
(0.0945218 -0.757374 0)
(0.122227 -0.760627 0)
(0.155278 -0.772655 0)
(0.194069 -0.795096 0)
(0.238905 -0.829588 0)
(0.289992 -0.876932 0)
(0.348619 -0.93463 0)
(0.417794 -0.990842 0)
(-0.00809765 -0.898906 0)
(-0.0173648 -0.921 0)
(-0.0252769 -0.918627 0)
(-0.031142 -0.9121 0)
(-0.0353764 -0.903855 0)
(-0.0381643 -0.894269 0)
(-0.0397295 -0.883288 0)
(-0.0401536 -0.8708 0)
(-0.0393767 -0.856827 0)
(-0.0372084 -0.841646 0)
(-0.0333501 -0.82587 0)
(-0.0274227 -0.810468 0)
(-0.0189987 -0.796717 0)
(-0.00763234 -0.786106 0)
(0.00710684 -0.780189 0)
(0.0255922 -0.780462 0)
(0.0480643 -0.788308 0)
(0.0745568 -0.805062 0)
(0.104803 -0.832135 0)
(0.138232 -0.871028 0)
(0.173954 -0.92281 0)
(0.212107 -0.986255 0)
(0.254638 -1.05252 0)
(-0.00948779 -0.885436 0)
(-0.0220509 -0.909492 0)
(-0.0334202 -0.90937 0)
(-0.0431641 -0.90472 0)
(-0.0515081 -0.898022 0)
(-0.058492 -0.889764 0)
(-0.0642403 -0.880014 0)
(-0.0687579 -0.868785 0)
(-0.0719305 -0.856214 0)
(-0.0735427 -0.84268 0)
(-0.0733089 -0.828876 0)
(-0.0709099 -0.815817 0)
(-0.0660299 -0.804792 0)
(-0.0583891 -0.797256 0)
(-0.0477764 -0.794685 0)
(-0.0340954 -0.798433 0)
(-0.0174429 -0.809668 0)
(0.00178507 -0.829408 0)
(0.0227752 -0.858671 0)
(0.0442822 -0.898625 0)
(0.0645874 -0.950473 0)
(0.082906 -1.01426 0)
(0.100031 -1.08468 0)
(-0.0101888 -0.869644 0)
(-0.0250241 -0.89512 0)
(-0.0389645 -0.896841 0)
(-0.0516625 -0.893793 0)
(-0.0632108 -0.888483 0)
(-0.0735257 -0.881492 0)
(-0.0826463 -0.872992 0)
(-0.0905172 -0.863098 0)
(-0.0969893 -0.852034 0)
(-0.101843 -0.840249 0)
(-0.104828 -0.82847 0)
(-0.105701 -0.817714 0)
(-0.104269 -0.809229 0)
(-0.100423 -0.804388 0)
(-0.0941635 -0.804533 0)
(-0.0856471 -0.810826 0)
(-0.0752604 -0.824159 0)
(-0.0637261 -0.845172 0)
(-0.0522218 -0.874414 0)
(-0.0424398 -0.912612 0)
(-0.0366097 -0.960915 0)
(-0.0361484 -1.02038 0)
(-0.0418768 -1.08901 0)
(-0.0103694 -0.852556 0)
(-0.0265909 -0.878806 0)
(-0.0422981 -0.881939 0)
(-0.0571285 -0.880198 0)
(-0.0710706 -0.876084 0)
(-0.0839382 -0.870253 0)
(-0.0957021 -0.862961 0)
(-0.106265 -0.854397 0)
(-0.115462 -0.844846 0)
(-0.123091 -0.834787 0)
(-0.12895 -0.824949 0)
(-0.132882 -0.816307 0)
(-0.134819 -0.810027 0)
(-0.13481 -0.807357 0)
(-0.133045 -0.809475 0)
(-0.129887 -0.817327 0)
(-0.125938 -0.831516 0)
(-0.122128 -0.852295 0)
(-0.119829 -0.879733 0)
(-0.120939 -0.914058 0)
(-0.127918 -0.956145 0)
(-0.142606 -1.00763 0)
(-0.167124 -1.06932 0)
(-0.0101694 -0.834991 0)
(-0.0270382 -0.861348 0)
(-0.0438225 -0.865447 0)
(-0.0600749 -0.864702 0)
(-0.0757035 -0.861571 0)
(-0.0904415 -0.856758 0)
(-0.104208 -0.850577 0)
(-0.11688 -0.843265 0)
(-0.128297 -0.835137 0)
(-0.138285 -0.826676 0)
(-0.146703 -0.818577 0)
(-0.153482 -0.811741 0)
(-0.15867 -0.807222 0)
(-0.162452 -0.80612 0)
(-0.165173 -0.80943 0)
(-0.16735 -0.817881 0)
(-0.169723 -0.831803 0)
(-0.173324 -0.851103 0)
(-0.179577 -0.875401 0)
(-0.190394 -0.90441 0)
(-0.20823 -0.938582 0)
(-0.23513 -0.97967 0)
(-0.274194 -1.03048 0)
(-0.00971132 -0.817571 0)
(-0.0266342 -0.843407 0)
(-0.0439257 -0.84803 0)
(-0.061003 -0.847966 0)
(-0.0777155 -0.84559 0)
(-0.0937368 -0.841623 0)
(-0.108949 -0.836411 0)
(-0.123221 -0.830212 0)
(-0.136406 -0.823345 0)
(-0.148372 -0.816269 0)
(-0.159038 -0.80962 0)
(-0.16842 -0.804204 0)
(-0.176663 -0.800944 0)
(-0.184068 -0.800776 0)
(-0.191091 -0.804515 0)
(-0.198354 -0.812685 0)
(-0.206672 -0.825387 0)
(-0.2171 -0.842232 0)
(-0.231009 -0.862457 0)
(-0.250196 -0.885287 0)
(-0.276941 -0.91064 0)
(-0.313327 -0.939986 0)
(-0.363082 -0.977183 0)
(-0.00910149 -0.800741 0)
(-0.0256236 -0.825508 0)
(-0.0429663 -0.83023 0)
(-0.0603802 -0.830541 0)
(-0.0776741 -0.828687 0)
(-0.0944821 -0.825378 0)
(-0.110663 -0.82096 0)
(-0.126086 -0.815692 0)
(-0.140631 -0.809871 0)
(-0.154209 -0.803912 0)
(-0.1668 -0.798374 0)
(-0.17849 -0.793953 0)
(-0.189507 -0.79143 0)
(-0.200233 -0.791581 0)
(-0.211203 -0.795044 0)
(-0.223101 -0.802169 0)
(-0.236766 -0.812868 0)
(-0.253222 -0.826531 0)
(-0.273731 -0.842089 0)
(-0.29989 -0.858328 0)
(-0.333705 -0.874585 0)
(-0.377161 -0.891735 0)
(-0.434195 -0.91376 0)
(-0.0084268 -0.784788 0)
(-0.0242227 -0.808044 0)
(-0.0412631 -0.812481 0)
(-0.0586242 -0.812878 0)
(-0.076089 -0.811319 0)
(-0.0932689 -0.808471 0)
(-0.11001 -0.804657 0)
(-0.12619 -0.800112 0)
(-0.14172 -0.795094 0)
(-0.156554 -0.789956 0)
(-0.170726 -0.785169 0)
(-0.184382 -0.781315 0)
(-0.197806 -0.779032 0)
(-0.211437 -0.778937 0)
(-0.225854 -0.781511 0)
(-0.241768 -0.786954 0)
(-0.260011 -0.795038 0)
(-0.281543 -0.805001 0)
(-0.307486 -0.815554 0)
(-0.339199 -0.82513 0)
(-0.378359 -0.83249 0)
(-0.426733 -0.83773 0)
(-0.48809 -0.844237 0)
(-0.00774966 -0.76987 0)
(-0.0226108 -0.791293 0)
(-0.0390867 -0.795115 0)
(-0.0560933 -0.795337 0)
(-0.0734 -0.793859 0)
(-0.090609 -0.79128 0)
(-0.107562 -0.787877 0)
(-0.124152 -0.783838 0)
(-0.140319 -0.779371 0)
(-0.156059 -0.774755 0)
(-0.171453 -0.770371 0)
(-0.186689 -0.766681 0)
(-0.202089 -0.764189 0)
(-0.218121 -0.763366 0)
(-0.23538 -0.764549 0)
(-0.254575 -0.767813 0)
(-0.276505 -0.772834 0)
(-0.302056 -0.778758 0)
(-0.332198 -0.784165 0)
(-0.368044 -0.787233 0)
(-0.410923 -0.786228 0)
(-0.462274 -0.780423 0)
(-0.525379 -0.772184 0)
(-0.00710268 -0.756043 0)
(-0.0209225 -0.775431 0)
(-0.0366533 -0.778374 0)
(-0.0530804 -0.778198 0)
(-0.0699702 -0.776612 0)
(-0.0869271 -0.774123 0)
(-0.103795 -0.770944 0)
(-0.120485 -0.767204 0)
(-0.136967 -0.763043 0)
(-0.153274 -0.758668 0)
(-0.169521 -0.754364 0)
(-0.185926 -0.750483 0)
(-0.202832 -0.747404 0)
(-0.220709 -0.745464 0)
(-0.240144 -0.744876 0)
(-0.261819 -0.745615 0)
(-0.286486 -0.747286 0)
(-0.314945 -0.748997 0)
(-0.348023 -0.749276 0)
(-0.3866 -0.746155 0)
(-0.431663 -0.73753 0)
(-0.484262 -0.721942 0)
(-0.546966 -0.70063 0)
(-0.00648711 -0.743308 0)
(-0.0192429 -0.760551 0)
(-0.0341229 -0.762424 0)
(-0.0498112 -0.761671 0)
(-0.0660848 -0.759817 0)
(-0.0825594 -0.757264 0)
(-0.0990881 -0.754142 0)
(-0.115603 -0.750509 0)
(-0.132101 -0.746435 0)
(-0.148646 -0.742048 0)
(-0.165381 -0.737545 0)
(-0.182539 -0.733175 0)
(-0.200464 -0.729206 0)
(-0.219613 -0.72586 0)
(-0.240544 -0.723244 0)
(-0.26389 -0.72125 0)
(-0.290341 -0.71944 0)
(-0.320606 -0.716917 0)
(-0.355379 -0.712223 0)
(-0.395332 -0.703344 0)
(-0.441149 -0.687956 0)
(-0.493494 -0.664048 0)
(-0.554147 -0.63185 0)
(-0.00588026 -0.731643 0)
(-0.0176126 -0.746674 0)
(-0.0316035 -0.747361 0)
(-0.0464487 -0.745908 0)
(-0.0619547 -0.743669 0)
(-0.0777576 -0.740927 0)
(-0.0937281 -0.737721 0)
(-0.109821 -0.734029 0)
(-0.12606 -0.729849 0)
(-0.142535 -0.725235 0)
(-0.159404 -0.720302 0)
(-0.176906 -0.71521 0)
(-0.195374 -0.710128 0)
(-0.215235 -0.705183 0)
(-0.237001 -0.700393 0)
(-0.261246 -0.695586 0)
(-0.288579 -0.690299 0)
(-0.319616 -0.683657 0)
(-0.354929 -0.674259 0)
(-0.395008 -0.660134 0)
(-0.440282 -0.638877 0)
(-0.49109 -0.608129 0)
(-0.548491 -0.567335 0)
(-0.0052558 -0.721032 0)
(-0.0160445 -0.733765 0)
(-0.0291646 -0.733225 0)
(-0.0431031 -0.731014 0)
(-0.057725 -0.728319 0)
(-0.0726966 -0.7253 0)
(-0.0879167 -0.721899 0)
(-0.103367 -0.718012 0)
(-0.119097 -0.713568 0)
(-0.135214 -0.708552 0)
(-0.151886 -0.703009 0)
(-0.169347 -0.697022 0)
(-0.187908 -0.690681 0)
(-0.207957 -0.684031 0)
(-0.22995 -0.67702 0)
(-0.254387 -0.669431 0)
(-0.281795 -0.660788 0)
(-0.31269 -0.650257 0)
(-0.347526 -0.636522 0)
(-0.386642 -0.617713 0)
(-0.430262 -0.591465 0)
(-0.478474 -0.555254 0)
(-0.531767 -0.507971 0)
(-0.00461469 -0.71146 0)
(-0.014548 -0.721747 0)
(-0.0268567 -0.720016 0)
(-0.0398442 -0.717061 0)
(-0.0534848 -0.713896 0)
(-0.0674842 -0.710552 0)
(-0.0817823 -0.706873 0)
(-0.096392 -0.702683 0)
(-0.111387 -0.697847 0)
(-0.126886 -0.692294 0)
(-0.14306 -0.686008 0)
(-0.16013 -0.679012 0)
(-0.178376 -0.67133 0)
(-0.198141 -0.662946 0)
(-0.219819 -0.653754 0)
(-0.243835 -0.643503 0)
(-0.270627 -0.63172 0)
(-0.30061 -0.617619 0)
(-0.334131 -0.599988 0)
(-0.371399 -0.577095 0)
(-0.412479 -0.546689 0)
(-0.457281 -0.506229 0)
(-0.505884 -0.45424 0)
(-0.00400478 -0.702888 0)
(-0.0131471 -0.710517 0)
(-0.0247267 -0.707724 0)
(-0.036713 -0.704112 0)
(-0.0492773 -0.700515 0)
(-0.0621717 -0.696832 0)
(-0.075391 -0.692822 0)
(-0.0889835 -0.688246 0)
(-0.103043 -0.682919 0)
(-0.117696 -0.676726 0)
(-0.133106 -0.669608 0)
(-0.149474 -0.661537 0)
(-0.167047 -0.65249 0)
(-0.186119 -0.642402 0)
(-0.20702 -0.63113 0)
(-0.2301 -0.618402 0)
(-0.25571 -0.603758 0)
(-0.284173 -0.586467 0)
(-0.315733 -0.565427 0)
(-0.35049 -0.53906 0)
(-0.388388 -0.505278 0)
(-0.429218 -0.461612 0)
(-0.472783 -0.406363 0)
(-0.00348046 -0.695313 0)
(-0.0118649 -0.699975 0)
(-0.0228197 -0.696348 0)
(-0.0337228 -0.69224 0)
(-0.0451051 -0.688293 0)
(-0.0567634 -0.684284 0)
(-0.0687605 -0.679906 0)
(-0.0811797 -0.674879 0)
(-0.0941303 -0.668986 0)
(-0.107739 -0.662082 0)
(-0.122154 -0.654077 0)
(-0.137553 -0.644908 0)
(-0.154147 -0.634513 0)
(-0.17218 -0.622796 0)
(-0.191922 -0.609587 0)
(-0.213652 -0.594607 0)
(-0.237642 -0.577414 0)
(-0.264128 -0.557338 0)
(-0.293265 -0.533386 0)
(-0.325064 -0.504143 0)
(-0.359379 -0.4677 0)
(-0.395918 -0.421716 0)
(-0.434323 -0.364361 0)
(-0.00301148 -0.688795 0)
(-0.0106523 -0.689999 0)
(-0.0211644 -0.685915 0)
(-0.0308562 -0.68154 0)
(-0.0409365 -0.677357 0)
(-0.0512287 -0.673045 0)
(-0.0618745 -0.66827 0)
(-0.0729865 -0.662738 0)
(-0.0846812 -0.656223 0)
(-0.0970763 -0.648562 0)
(-0.110301 -0.639646 0)
(-0.124505 -0.629388 0)
(-0.139862 -0.617699 0)
(-0.156569 -0.604457 0)
(-0.174842 -0.589479 0)
(-0.194899 -0.572486 0)
(-0.216942 -0.553064 0)
(-0.241133 -0.530604 0)
(-0.267552 -0.504222 0)
(-0.296139 -0.472659 0)
(-0.326679 -0.434192 0)
(-0.35883 -0.386631 0)
(-0.392145 -0.328077 0)
(-0.00262704 -0.683213 0)
(-0.0093767 -0.680315 0)
(-0.0197915 -0.676458 0)
(-0.0280754 -0.672143 0)
(-0.0367172 -0.667847 0)
(-0.0455173 -0.663248 0)
(-0.0547004 -0.658044 0)
(-0.0643944 -0.65196 0)
(-0.0747111 -0.64478 0)
(-0.0857504 -0.63634 0)
(-0.0976171 -0.626518 0)
(-0.11043 -0.615208 0)
(-0.124329 -0.6023 0)
(-0.139471 -0.587658 0)
(-0.156026 -0.571088 0)
(-0.17416 -0.552322 0)
(-0.194021 -0.530976 0)
(-0.215713 -0.506504 0)
(-0.239257 -0.478129 0)
(-0.26454 -0.44474 0)
(-0.291296 -0.404796 0)
(-0.319149 -0.356266 0)
(-0.347605 -0.297219 0)
(-0.00325943 -0.67803 0)
(-0.0081398 -0.670456 0)
(-0.0188352 -0.668037 0)
(-0.0253556 -0.664199 0)
(-0.0323896 -0.659892 0)
(-0.0395782 -0.654994 0)
(-0.0472085 -0.649317 0)
(-0.0553969 -0.64264 0)
(-0.0642347 -0.634771 0)
(-0.0737949 -0.625553 0)
(-0.0841542 -0.614855 0)
(-0.0954028 -0.602555 0)
(-0.107649 -0.588526 0)
(-0.121017 -0.572618 0)
(-0.135642 -0.554635 0)
(-0.151652 -0.53432 0)
(-0.169157 -0.511322 0)
(-0.188221 -0.485162 0)
(-0.208832 -0.455164 0)
(-0.230843 -0.420362 0)
(-0.253958 -0.37939 0)
(-0.27777 -0.330376 0)
(-0.30175 -0.271387 0)
(-0.00787719 -0.673055 0)
(-0.0076301 -0.660265 0)
(-0.0185725 -0.660873 0)
(-0.0226834 -0.657895 0)
(-0.0278972 -0.653576 0)
(-0.0333717 -0.648312 0)
(-0.0393866 -0.642104 0)
(-0.0460046 -0.634803 0)
(-0.0532791 -0.626245 0)
(-0.061249 -0.616277 0)
(-0.0699619 -0.604759 0)
(-0.0794817 -0.591554 0)
(-0.0898911 -0.57652 0)
(-0.101289 -0.55949 0)
(-0.113784 -0.540267 0)
(-0.127483 -0.518606 0)
(-0.142474 -0.494188 0)
(-0.158809 -0.466598 0)
(-0.176468 -0.435258 0)
(-0.195306 -0.399345 0)
(-0.215028 -0.35767 0)
(-0.235211 -0.308535 0)
(-0.255281 -0.250035 0)
(-0.0212759 -0.668355 0)
(-0.00816153 -0.651457 0)
(-0.0191586 -0.655838 0)
(-0.0200043 -0.653673 0)
(-0.0231727 -0.649101 0)
(-0.02687 -0.643298 0)
(-0.0312443 -0.636472 0)
(-0.0362521 -0.628523 0)
(-0.0418938 -0.619295 0)
(-0.0481707 -0.60863 0)
(-0.0551033 -0.596373 0)
(-0.0627327 -0.582369 0)
(-0.0711207 -0.566455 0)
(-0.0803471 -0.548453 0)
(-0.0905027 -0.528159 0)
(-0.101681 -0.505333 0)
(-0.113969 -0.479683 0)
(-0.127426 -0.450845 0)
(-0.142062 -0.418329 0)
(-0.157783 -0.381454 0)
(-0.17436 -0.339215 0)
(-0.191412 -0.29013 0)
(-0.208351 -0.232397 0)
(-0.0491496 -0.65815 0)
(-0.00790719 -0.650296 0)
(-0.020096 -0.655486 0)
(-0.0171325 -0.652815 0)
(-0.0180884 -0.647308 0)
(-0.0200202 -0.64065 0)
(-0.0227884 -0.633083 0)
(-0.0261856 -0.62447 0)
(-0.0301494 -0.614618 0)
(-0.0346464 -0.603338 0)
(-0.0396741 -0.590449 0)
(-0.0452556 -0.575771 0)
(-0.0514358 -0.559122 0)
(-0.058278 -0.540306 0)
(-0.0658582 -0.519109 0)
(-0.074261 -0.495285 0)
(-0.0835744 -0.468552 0)
(-0.0938823 -0.43857 0)
(-0.105248 -0.404914 0)
(-0.117685 -0.367008 0)
(-0.131119 -0.32403 0)
(-0.145356 -0.274749 0)
(-0.159988 -0.217565 0)
(-0.0967906 -0.623781 0)
(-0.0051065 -0.665822 0)
(-0.0192778 -0.662215 0)
(-0.0132994 -0.655827 0)
(-0.0122415 -0.648347 0)
(-0.012648 -0.640549 0)
(-0.013976 -0.632206 0)
(-0.015844 -0.623006 0)
(-0.0181383 -0.612663 0)
(-0.0208064 -0.600933 0)
(-0.023833 -0.587599 0)
(-0.0272284 -0.572458 0)
(-0.0310227 -0.555305 0)
(-0.0352605 -0.535926 0)
(-0.0399991 -0.514087 0)
(-0.0453064 -0.489528 0)
(-0.0512625 -0.461954 0)
(-0.0579614 -0.431019 0)
(-0.0655121 -0.396302 0)
(-0.0740361 -0.35726 0)
(-0.0836649 -0.313163 0)
(-0.0945153 -0.262982 0)
(-0.106617 -0.205466 0)
(-0.133121 -0.556388 0)
(-0.00242571 -0.694024 0)
(-0.0112731 -0.669431 0)
(-0.00626974 -0.656304 0)
(-0.00478156 -0.646262 0)
(-0.00449419 -0.637399 0)
(-0.00477704 -0.628472 0)
(-0.00531921 -0.618888 0)
(-0.00603653 -0.608243 0)
(-0.00689625 -0.596237 0)
(-0.00788813 -0.582623 0)
(-0.00901571 -0.567181 0)
(-0.0102918 -0.549694 0)
(-0.0117357 -0.52994 0)
(-0.0133721 -0.507683 0)
(-0.0152316 -0.482653 0)
(-0.0173542 -0.454542 0)
(-0.0197959 -0.42298 0)
(-0.0226396 -0.387501 0)
(-0.0260149 -0.34749 0)
(-0.03014 -0.302083 0)
(-0.035415 -0.250036 0)
(-0.0425575 -0.189747 0)
(1.02175 0.841922 0)
(0.730076 0.593972 0)
(0.365377 0.331874 0)
(0.17141 0.149131 0)
(1.29707 0.774399 0)
(1.2968 0.747368 0)
(1.2112 0.668543 0)
(1.10643 0.569523 0)
(1.24291 0.583845 0)
(1.3159 0.622775 0)
(1.36508 0.642729 0)
(1.38224 0.634306 0)
(1.16137 0.463665 0)
(1.2188 0.499186 0)
(1.27516 0.531475 0)
(1.32553 0.555444 0)
(1.08692 0.358767 0)
(1.1313 0.388451 0)
(1.17646 0.419371 0)
(1.22183 0.448422 0)
(1.04883 0.286898 0)
(1.08416 0.314369 0)
(1.119 0.342254 0)
(1.15497 0.368097 0)
(1.02116 0.234756 0)
(1.05781 0.259689 0)
(1.09293 0.28506 0)
(1.13086 0.309243 0)
(1.01168 0.147915 0)
(1.02776 0.197991 0)
(1.05186 0.234693 0)
(1.09589 0.263149 0)
(1.25915 0.0796029 0)
(1.27658 0.0723059 0)
(1.29118 0.0557289 0)
(1.30498 0.0516276 0)
(1.43589 0.0893014 0)
(1.46782 0.123561 0)
(1.48973 0.152242 0)
(1.50409 0.178466 0)
(1.46822 -0.0224501 0)
(1.51982 0.0209631 0)
(1.56759 0.0665497 0)
(1.60943 0.116133 0)
(1.41468 -0.150512 0)
(1.47809 -0.102291 0)
(1.54077 -0.0477497 0)
(1.59933 0.0141545 0)
(1.30689 -0.297095 0)
(1.37778 -0.248879 0)
(1.44962 -0.18892 0)
(1.51903 -0.115852 0)
(1.17101 -0.454603 0)
(1.24595 -0.409484 0)
(1.32314 -0.347045 0)
(1.39958 -0.264883 0)
(1.01732 -0.615624 0)
(1.09163 -0.576564 0)
(1.16943 -0.515353 0)
(1.24851 -0.428247 0)
(0.847909 -0.76791 0)
(0.916275 -0.736992 0)
(0.989334 -0.680621 0)
(1.06625 -0.593806 0)
(0.666086 -0.900916 0)
(0.724494 -0.880603 0)
(0.789061 -0.833661 0)
(0.860189 -0.753807 0)
(0.478135 -1.00782 0)
(0.523693 -1.00063 0)
(0.576566 -0.96806 0)
(0.637953 -0.902226 0)
(0.291821 -1.08427 0)
(0.322539 -1.09102 0)
(0.360904 -1.07577 0)
(0.40867 -1.02871 0)
(0.114185 -1.12843 0)
(0.129231 -1.14829 0)
(0.151515 -1.15141 0)
(0.183687 -1.12625 0)
(-0.0495336 -1.13991 0)
(-0.0502361 -1.17027 0)
(-0.0450183 -1.19093 0)
(-0.030947 -1.1901 0)
(-0.192926 -1.12133 0)
(-0.207302 -1.1582 0)
(-0.2179 -1.19272 0)
(-0.222152 -1.21423 0)
(-0.313915 -1.07833 0)
(-0.339265 -1.11733 0)
(-0.363212 -1.16061 0)
(-0.383744 -1.19885 0)
(-0.412881 -1.01642 0)
(-0.446604 -1.05322 0)
(-0.481228 -1.09937 0)
(-0.51488 -1.1472 0)
(-0.490431 -0.941048 0)
(-0.529786 -0.971908 0)
(-0.571861 -1.01538 0)
(-0.61519 -1.06509 0)
(-0.547408 -0.857768 0)
(-0.589649 -0.880099 0)
(-0.635801 -0.916565 0)
(-0.685133 -0.961428 0)
(-0.584783 -0.77167 0)
(-0.627331 -0.784239 0)
(-0.674285 -0.811051 0)
(-0.725657 -0.846717 0)
(-0.604082 -0.687213 0)
(-0.644855 -0.690182 0)
(-0.689892 -0.706579 0)
(-0.739734 -0.731409 0)
(-0.607415 -0.607573 0)
(-0.645086 -0.602114 0)
(-0.686474 -0.608843 0)
(-0.732353 -0.623287 0)
(-0.597081 -0.534547 0)
(-0.631037 -0.522265 0)
(-0.668009 -0.520843 0)
(-0.708831 -0.526423 0)
(-0.57536 -0.468854 0)
(-0.605465 -0.451331 0)
(-0.637909 -0.443423 0)
(-0.673499 -0.44191 0)
(-0.544441 -0.41061 0)
(-0.570795 -0.389174 0)
(-0.598923 -0.376226 0)
(-0.629566 -0.369171 0)
(-0.506403 -0.359654 0)
(-0.529188 -0.335343 0)
(-0.553303 -0.318504 0)
(-0.57942 -0.307093 0)
(-0.463208 -0.315685 0)
(-0.482645 -0.289309 0)
(-0.503057 -0.269487 0)
(-0.525061 -0.254634 0)
(-0.416586 -0.27829 0)
(-0.432924 -0.250491 0)
(-0.449951 -0.228418 0)
(-0.468227 -0.210861 0)
(-0.367962 -0.246962 0)
(-0.381473 -0.218254 0)
(-0.395443 -0.194531 0)
(-0.410365 -0.174889 0)
(-0.318442 -0.221151 0)
(-0.329421 -0.191944 0)
(-0.340667 -0.167073 0)
(-0.352598 -0.14587 0)
(-0.268826 -0.200237 0)
(-0.277623 -0.170879 0)
(-0.286506 -0.145299 0)
(-0.29582 -0.123003 0)
(-0.219504 -0.183403 0)
(-0.226621 -0.154234 0)
(-0.233646 -0.128403 0)
(-0.240821 -0.105523 0)
(-0.169876 -0.169328 0)
(-0.176151 -0.140578 0)
(-0.182237 -0.114965 0)
(-0.188209 -0.0922056 0)
(-0.116209 -0.157604 0)
(-0.122836 -0.129179 0)
(-0.129888 -0.103977 0)
(-0.136452 -0.0816177 0)
(-0.0497139 -0.13864 0)
(-0.0553918 -0.107629 0)
(-0.0618834 -0.0800571 0)
(-0.0695832 -0.0569626 0)
(0.20887 0.23044 0)
(0.369118 0.324975 0)
(0.00221413 0.0317735 0)
(-0.0572608 -0.0413564 0)
(-0.103543 -0.0906832 0)
(-0.110019 -0.133498 0)
(-0.0872189 -0.156193 0)
(-0.0489918 -0.159535 0)
(-0.00775809 -0.147235 0)
(0.0281763 -0.124348 0)
(0.055205 -0.0955732 0)
(0.0726159 -0.0647193 0)
(0.0810198 -0.0346178 0)
(0.0815621 -0.0072904 0)
(0.0755122 0.0158592 0)
(0.0641332 0.0339455 0)
(0.0486607 0.0465402 0)
(0.0307197 0.0537493 0)
(0.0111983 0.0564419 0)
(0.949143 0.449497 0)
(0.811155 0.337583 0)
(0.745143 0.307578 0)
(0.421517 0.184626 0)
(0.214225 -0.0289464 0)
(0.0756686 -0.12783 0)
(0.0171621 -0.176752 0)
(0.0144936 -0.1925 0)
(0.040371 -0.181053 0)
(0.0715122 -0.152258 0)
(0.0958269 -0.114707 0)
(0.109759 -0.0749232 0)
(0.113703 -0.0368913 0)
(0.109216 -0.00292124 0)
(0.0979618 0.0256181 0)
(0.0814326 0.0479315 0)
(0.0609589 0.063684 0)
(0.0383038 0.0730677 0)
(0.0141963 0.0768469 0)
(1.33999 0.578301 0)
(1.23341 0.506319 0)
(1.11331 0.429321 0)
(1.00559 0.362169 0)
(0.776062 0.29203 0)
(0.461068 0.0640718 0)
(0.256637 -0.110677 0)
(0.148357 -0.186737 0)
(0.120969 -0.200276 0)
(0.1317 -0.174353 0)
(0.148171 -0.129836 0)
(0.156388 -0.080673 0)
(0.154256 -0.0340847 0)
(0.1433 0.00684164 0)
(0.125484 0.0407957 0)
(0.102519 0.0672103 0)
(0.0758534 0.0859627 0)
(0.0473737 0.097436 0)
(0.0176764 0.102498 0)
(1.38271 0.566897 0)
(1.39325 0.557251 0)
(1.34014 0.534235 0)
(1.25888 0.491741 0)
(1.16231 0.429247 0)
(0.967536 0.341805 0)
(0.650739 0.148789 0)
(0.405836 -0.0683552 0)
(0.268018 -0.170521 0)
(0.222827 -0.177992 0)
(0.217311 -0.136253 0)
(0.21467 -0.0796287 0)
(0.203642 -0.0245454 0)
(0.184154 0.0233532 0)
(0.158129 0.062564 0)
(0.12733 0.0928226 0)
(0.0932342 0.114315 0)
(0.0577997 0.127693 0)
(0.0215747 0.133927 0)
(1.29512 0.485517 0)
(1.37418 0.524815 0)
(1.4039 0.550021 0)
(1.38131 0.559065 0)
(1.32366 0.540408 0)
(1.23824 0.49046 0)
(1.04661 0.382923 0)
(0.752056 0.190742 0)
(0.503501 -0.0341204 0)
(0.363949 -0.133818 0)
(0.310808 -0.122689 0)
(0.286683 -0.0669725 0)
(0.262199 -0.00555096 0)
(0.231465 0.0485116 0)
(0.195367 0.0923704 0)
(0.155376 0.12593 0)
(0.112764 0.149727 0)
(0.0694215 0.164692 0)
(0.0258639 0.171832 0)
(1.21783 0.40218 0)
(1.30778 0.451968 0)
(1.37708 0.510197 0)
(1.40734 0.561905 0)
(1.3925 0.592786 0)
(1.34406 0.585713 0)
(1.26258 0.54156 0)
(1.04817 0.421813 0)
(0.785023 0.202344 0)
(0.560814 -0.00676272 0)
(0.436756 -0.0691826 0)
(0.374804 -0.0344607 0)
(0.329707 0.0268567 0)
(0.284284 0.0846533 0)
(0.236117 0.131724 0)
(0.185724 0.167586 0)
(0.133801 0.193013 0)
(0.0819026 0.209126 0)
(0.0304481 0.216853 0)
(1.19266 0.344355 0)
(1.27347 0.400601 0)
(1.34492 0.461931 0)
(1.39655 0.533235 0)
(1.41003 0.600901 0)
(1.38622 0.637734 0)
(1.33801 0.632087 0)
(1.24145 0.581912 0)
(1.01056 0.426646 0)
(0.77653 0.193537 0)
(0.592352 0.0431724 0)
(0.479961 0.0296822 0)
(0.404999 0.0780389 0)
(0.340797 0.134407 0)
(0.278693 0.182048 0)
(0.217012 0.218595 0)
(0.155393 0.244676 0)
(0.0947128 0.26138 0)
(0.0351398 0.269325 0)
(1.16711 0.296919 0)
(1.25706 0.347397 0)
(1.34034 0.421874 0)
(1.39699 0.508379 0)
(1.41629 0.595889 0)
(1.40003 0.665655 0)
(1.36306 0.691164 0)
(1.3095 0.681548 0)
(1.16342 0.595147 0)
(0.945565 0.398414 0)
(0.7503 0.204472 0)
(0.595036 0.133324 0)
(0.484679 0.153426 0)
(0.398215 0.200276 0)
(0.320881 0.244433 0)
(0.24756 0.279373 0)
(0.176371 0.304811 0)
(0.107186 0.321446 0)
(0.0397195 0.329203 0)
(1.26155 0.147683 0)
(1.2408 0.26112 0)
(1.3371 0.370425 0)
(1.40404 0.487375 0)
(1.42421 0.599962 0)
(1.40338 0.688276 0)
(1.36502 0.736571 0)
(1.32188 0.7469 0)
(1.24071 0.717915 0)
(1.04925 0.569529 0)
(0.874767 0.381722 0)
(0.702821 0.270047 0)
(0.561321 0.254543 0)
(0.452366 0.283436 0)
(0.359934 0.319177 0)
(0.275484 0.349744 0)
(0.195462 0.373024 0)
(0.118586 0.388876 0)
(0.0439203 0.396115 0)
(1.51637 0.212558 0)
(1.52807 0.181145 0)
(1.52803 0.195786 0)
(1.4261 0.446124 0)
(1.42188 0.616525 0)
(1.39647 0.720186 0)
(1.35193 0.78077 0)
(1.31026 0.799765 0)
(1.25565 0.804728 0)
(1.09489 0.70157 0)
(0.949258 0.545652 0)
(0.784425 0.422148 0)
(0.625181 0.376004 0)
(0.498203 0.382254 0)
(0.392872 0.40524 0)
(0.298897 0.42875 0)
(0.211441 0.448372 0)
(0.128187 0.462762 0)
(0.0475144 0.469267 0)
(1.66706 0.201405 0)
(1.70261 0.279053 0)
(1.69674 0.303445 0)
(1.46537 0.532379 0)
(1.40903 0.65532 0)
(1.3734 0.762816 0)
(1.32587 0.826345 0)
(1.28281 0.850519 0)
(1.2391 0.869639 0)
(1.11568 0.810956 0)
(0.984245 0.689771 0)
(0.835325 0.575753 0)
(0.670227 0.509374 0)
(0.53177 0.492686 0)
(0.417209 0.500232 0)
(0.316231 0.51463 0)
(0.223308 0.529389 0)
(0.135378 0.54178 0)
(0.0502813 0.547396 0)
(1.68418 0.126501 0)
(1.74228 0.295475 0)
(1.74603 0.448087 0)
(1.48825 0.640861 0)
(1.38938 0.727108 0)
(1.33674 0.816936 0)
(1.28701 0.873679 0)
(1.24269 0.899641 0)
(1.20524 0.922431 0)
(1.11293 0.898942 0)
(0.992876 0.815539 0)
(0.858078 0.724138 0)
(0.693789 0.647618 0)
(0.550509 0.609899 0)
(0.431268 0.600891 0)
(0.32644 0.605019 0)
(0.230419 0.614206 0)
(0.139767 0.624296 0)
(0.0520405 0.628982 0)
(1.62242 0.0263478 0)
(1.70527 0.280231 0)
(1.72111 0.555408 0)
(1.52767 0.756745 0)
(1.36311 0.810544 0)
(1.28987 0.883195 0)
(1.23829 0.923811 0)
(1.19536 0.942653 0)
(1.16292 0.964034 0)
(1.09128 0.968525 0)
(0.982746 0.927241 0)
(0.854779 0.866347 0)
(0.694322 0.785572 0)
(0.553132 0.728896 0)
(0.434257 0.703455 0)
(0.329105 0.697186 0)
(0.232561 0.700713 0)
(0.141236 0.708516 0)
(0.0527363 0.712392 0)
(1.51721 -0.0935937 0)
(1.62562 0.244649 0)
(1.6651 0.634186 0)
(1.51865 0.89304 0)
(1.30853 0.912445 0)
(1.23418 0.959443 0)
(1.18342 0.974746 0)
(1.1444 0.981631 0)
(1.11717 1.0001 0)
(1.0593 1.02485 0)
(0.956496 1.03383 0)
(0.82419 1.00401 0)
(0.671755 0.918915 0)
(0.539779 0.844388 0)
(0.426455 0.803893 0)
(0.32454 0.788269 0)
(0.229995 0.786756 0)
(0.139943 0.792631 0)
(0.052429 0.795951 0)
(1.37492 -0.23465 0)
(1.51133 0.182119 0)
(1.58416 0.691365 0)
(1.46433 1.01684 0)
(1.24425 1.02809 0)
(1.17762 1.03702 0)
(1.13023 1.02326 0)
(1.09713 1.01632 0)
(1.07716 1.03052 0)
(1.02651 1.07488 0)
(0.90322 1.14512 0)
(0.763499 1.13769 0)
(0.627947 1.04192 0)
(0.512489 0.950681 0)
(0.409468 0.898263 0)
(0.313902 0.875606 0)
(0.223484 0.870374 0)
(0.136324 0.875008 0)
(0.0512621 0.878108 0)
(1.19301 -0.389511 0)
(1.35938 0.0900659 0)
(1.46666 0.722472 0)
(1.36962 1.12172 0)
(1.19122 1.13893 0)
(1.13076 1.10799 0)
(1.08778 1.06702 0)
(1.05784 1.0446 0)
(1.04454 1.06274 0)
(0.970584 1.1477 0)
(0.811002 1.2723 0)
(0.678068 1.26127 0)
(0.569981 1.14673 0)
(0.476136 1.04257 0)
(0.386492 0.983468 0)
(0.2992 0.957189 0)
(0.214256 0.950087 0)
(0.131054 0.954391 0)
(0.0494537 0.957648 0)
(0.98174 -0.554558 0)
(1.17509 -0.0358267 0)
(1.30845 0.721499 0)
(1.22944 1.18784 0)
(1.14906 1.22242 0)
(1.10172 1.16743 0)
(1.05959 1.09876 0)
(1.01657 1.05558 0)
(0.984181 1.11819 0)
(0.869617 1.27261 0)
(0.699874 1.40824 0)
(0.590708 1.36308 0)
(0.511657 1.22777 0)
(0.438538 1.1179 0)
(0.36199 1.05837 0)
(0.282995 1.03219 0)
(0.203781 1.02516 0)
(0.124921 1.03006 0)
(0.0472606 1.03382 0)
(0.749225 -0.722066 0)
(0.935296 -0.182635 0)
(1.13979 0.71569 0)
(1.12407 1.20003 0)
(1.11132 1.25506 0)
(1.0766 1.2221 0)
(1.03419 1.15056 0)
(0.934865 1.06661 0)
(0.799773 1.16826 0)
(0.719057 1.40433 0)
(0.601908 1.52152 0)
(0.525076 1.43683 0)
(0.466805 1.28743 0)
(0.407592 1.17935 0)
(0.340224 1.12441 0)
(0.267627 1.10119 0)
(0.193342 1.0957 0)
(0.118573 1.10183 0)
(0.0448947 1.10629 0)
(0.502834 -0.876235 0)
(0.665463 -0.347901 0)
(0.983189 0.551242 0)
(1.06115 1.18619 0)
(1.06144 1.26189 0)
(1.03938 1.27154 0)
(0.995876 1.25039 0)
(0.879037 1.1972 0)
(0.637561 1.24426 0)
(0.595994 1.49131 0)
(0.55262 1.59221 0)
(0.497085 1.48797 0)
(0.444438 1.33543 0)
(0.38805 1.23355 0)
(0.323678 1.18524 0)
(0.254346 1.16597 0)
(0.183553 1.16245 0)
(0.112282 1.16994 0)
(0.0424369 1.17502 0)
(0.25454 -1.00995 0)
(0.405287 -0.538719 0)
(0.740775 0.272625 0)
(0.983657 1.1548 0)
(0.995535 1.26087 0)
(0.991083 1.30575 0)
(0.951953 1.35548 0)
(0.886174 1.36178 0)
(0.704447 1.35302 0)
(0.587614 1.53904 0)
(0.577795 1.63888 0)
(0.515944 1.53714 0)
(0.44659 1.3867 0)
(0.380177 1.28948 0)
(0.311997 1.24561 0)
(0.242694 1.22882 0)
(0.174018 1.22638 0)
(0.105771 1.2347 0)
(0.0397842 1.23997 0)
(0.0094376 -1.11396 0)
(0.128233 -0.724171 0)
(0.342111 -0.0215844 0)
(0.869751 1.03397 0)
(0.925372 1.22522 0)
(0.9381 1.31844 0)
(0.921374 1.39121 0)
(0.88898 1.43634 0)
(0.81949 1.45105 0)
(0.662387 1.5969 0)
(0.64562 1.70463 0)
(0.56005 1.60843 0)
(0.461742 1.45543 0)
(0.377315 1.35516 0)
(0.301119 1.30955 0)
(0.230202 1.29149 0)
(0.163249 1.28809 0)
(0.0982073 1.29607 0)
(0.0366554 1.30077 0)
(-0.215413 -1.17864 0)
(-0.138681 -0.87479 0)
(0.0435447 -0.288518 0)
(0.49112 0.577002 0)
(0.834585 1.14299 0)
(0.868673 1.31593 0)
(0.883238 1.40473 0)
(0.873658 1.48377 0)
(0.851283 1.52721 0)
(0.766281 1.62379 0)
(0.695479 1.78423 0)
(0.585168 1.71078 0)
(0.466388 1.54705 0)
(0.36677 1.4332 0)
(0.283995 1.37805 0)
(0.212926 1.354 0)
(0.149006 1.34712 0)
(0.0884114 1.35334 0)
(0.0326702 1.35643 0)
(-0.407374 -1.20246 0)
(-0.373842 -0.987855 0)
(-0.204888 -0.507485 0)
(0.0527116 0.161397 0)
(0.68623 0.968331 0)
(0.77332 1.25742 0)
(0.818335 1.39777 0)
(0.830896 1.49053 0)
(0.833522 1.57074 0)
(0.796587 1.66186 0)
(0.669228 1.86567 0)
(0.53757 1.82725 0)
(0.431745 1.64963 0)
(0.333733 1.5169 0)
(0.253032 1.44726 0)
(0.18682 1.41387 0)
(0.129068 1.40162 0)
(0.0752671 1.40488 0)
(0.0274949 1.40528 0)
(-0.565886 -1.1828 0)
(-0.588731 -1.06117 0)
(-0.470206 -0.705472 0)
(-0.216123 -0.143111 0)
(0.167238 0.509009 0)
(0.616741 1.13112 0)
(0.708104 1.35165 0)
(0.744114 1.48187 0)
(0.752618 1.60025 0)
(0.743672 1.74553 0)
(0.566211 1.97748 0)
(0.411658 1.93474 0)
(0.34814 1.74126 0)
(0.271292 1.5925 0)
(0.204286 1.5094 0)
(0.149672 1.46656 0)
(0.102206 1.44864 0)
(0.0581852 1.44835 0)
(0.0209592 1.44511 0)
(-0.6883 -1.1189 0)
(-0.768333 -1.07176 0)
(-0.741394 -0.847315 0)
(-0.53633 -0.408718 0)
(-0.241198 0.179197 0)
(0.288109 0.773703 0)
(0.528636 1.25599 0)
(0.60667 1.44494 0)
(0.585013 1.60984 0)
(0.583981 1.85024 0)
(0.427892 2.13028 0)
(0.24678 2.02236 0)
(0.231439 1.80657 0)
(0.183857 1.64823 0)
(0.139316 1.55669 0)
(0.10205 1.50714 0)
(0.068766 1.48482 0)
(0.0374179 1.48134 0)
(0.01316 1.47327 0)
(-0.773189 -1.01799 0)
(-0.898722 -1.01196 0)
(-0.972246 -0.89071 0)
(-0.91665 -0.605441 0)
(-0.694031 -0.144561 0)
(-0.372195 0.438899 0)
(-0.0122712 1.0334 0)
(0.321344 1.39439 0)
(0.298696 1.58749 0)
(0.260814 1.92018 0)
(0.144885 2.26704 0)
(0.062116 2.0805 0)
(0.091156 1.83762 0)
(0.0782306 1.67717 0)
(0.0623993 1.58357 0)
(0.0465721 1.53161 0)
(0.0306835 1.50714 0)
(0.0137816 1.50129 0)
(0.00388317 1.48867 0)
(-0.820009 -0.894011 0)
(-0.969706 -0.895708 0)
(-1.11208 -0.825163 0)
(-1.1981 -0.644978 0)
(-1.16581 -0.312267 0)
(-0.993416 0.176525 0)
(-0.742906 0.718219 0)
(-0.441439 1.23071 0)
(-0.289969 1.63272 0)
(-0.199529 1.97009 0)
(-0.290507 2.24438 0)
(-0.157457 2.05002 0)
(-0.0699414 1.81974 0)
(-0.0374615 1.67275 0)
(-0.0206446 1.58599 0)
(-0.0126719 1.53711 0)
(-0.0091653 1.51362 0)
(-0.0110402 1.50951 0)
(-0.00651964 1.4871 0)
(-0.832397 -0.76359 0)
(-0.984694 -0.752839 0)
(-1.15165 -0.691166 0)
(-1.31141 -0.560641 0)
(-1.42155 -0.327021 0)
(-1.4316 0.0384196 0)
(-1.33339 0.514677 0)
(-1.15936 1.03393 0)
(-0.956746 1.52662 0)
(-0.795323 1.91631 0)
(-0.63167 2.08161 0)
(-0.368676 1.9201 0)
(-0.226957 1.74666 0)
(-0.149168 1.63222 0)
(-0.101309 1.56253 0)
(-0.0701689 1.52255 0)
(-0.0475525 1.50375 0)
(-0.034408 1.50575 0)
(-0.0163117 1.46855 0)
(-0.817816 -0.63982 0)
(-0.957934 -0.610726 0)
(-1.11627 -0.538629 0)
(-1.28377 -0.416392 0)
(-1.4384 -0.223401 0)
(-1.5433 0.0610429 0)
(-1.56137 0.438042 0)
(-1.47928 0.879547 0)
(-1.30422 1.32381 0)
(-1.07178 1.67176 0)
(-0.786304 1.80739 0)
(-0.510665 1.72994 0)
(-0.345774 1.63293 0)
(-0.24033 1.56232 0)
(-0.170194 1.51663 0)
(-0.120127 1.48981 0)
(-0.0811597 1.47884 0)
(-0.053907 1.48907 0)
(-0.0237927 1.43664 0)
(-0.784672 -0.529497 0)
(-0.906423 -0.484596 0)
(-1.04209 -0.40061 0)
(-1.186 -0.276219 0)
(-1.32505 -0.10007 0)
(-1.4356 0.13967 0)
(-1.48592 0.444523 0)
(-1.44718 0.795161 0)
(-1.30616 1.14392 0)
(-1.07861 1.41604 0)
(-0.809248 1.54032 0)
(-0.575506 1.53692 0)
(-0.415621 1.50602 0)
(-0.302815 1.47664 0)
(-0.221139 1.45549 0)
(-0.158455 1.44317 0)
(-0.107505 1.44168 0)
(-0.068312 1.46028 0)
(-0.0283952 1.39515 0)
(-0.739406 -0.43436 0)
(-0.842196 -0.378528 0)
(-0.953144 -0.287201 0)
(-1.06701 -0.162338 0)
(-1.17427 0.00114026 0)
(-1.25886 0.208077 0)
(-1.29873 0.45709 0)
(-1.27051 0.733188 0)
(-1.16088 1.00133 0)
(-0.980655 1.21238 0)
(-0.771868 1.33166 0)
(-0.587832 1.37374 0)
(-0.44668 1.386 0)
(-0.338174 1.38749 0)
(-0.253125 1.38675 0)
(-0.183916 1.3878 0)
(-0.125621 1.39575 0)
(-0.0775281 1.42156 0)
(-0.0304771 1.3477 0)
(-0.686175 -0.353567 0)
(-0.771955 -0.291233 0)
(-0.861307 -0.19745 0)
(-0.948965 -0.0758408 0)
(-1.02735 0.0747317 0)
(-1.0853 0.254876 0)
(-1.10833 0.460838 0)
(-1.08166 0.680524 0)
(-0.997784 0.890853 0)
(-0.865574 1.06254 0)
(-0.712943 1.1773 0)
(-0.570741 1.24237 0)
(-0.451 1.27963 0)
(-0.351521 1.30166 0)
(-0.268309 1.31616 0)
(-0.197439 1.3283 0)
(-0.13584 1.34451 0)
(-0.0820958 1.37577 0)
(-0.0306883 1.2975 0)
(-0.627607 -0.285435 0)
(-0.698851 -0.219728 0)
(-0.770816 -0.126862 0)
(-0.838404 -0.0111067 0)
(-0.895508 0.126462 0)
(-0.934293 0.284325 0)
(-0.945539 0.457891 0)
(-0.920822 0.637652 0)
(-0.856899 0.808516 0)
(-0.760465 0.953476 0)
(-0.648171 1.06205 0)
(-0.537487 1.13659 0)
(-0.437012 1.18727 0)
(-0.348094 1.22216 0)
(-0.269935 1.24748 0)
(-0.200939 1.26827 0)
(-0.139205 1.29099 0)
(-0.0828137 1.32584 0)
(-0.029627 1.24707 0)
(-0.565644 -0.228347 0)
(-0.624508 -0.161137 0)
(-0.682714 -0.0709354 0)
(-0.735488 0.0378468 0)
(-0.777992 0.163148 0)
(-0.804635 0.302559 0)
(-0.809554 0.451668 0)
(-0.788085 0.603162 0)
(-0.739129 0.747004 0)
(-0.667324 0.872779 0)
(-0.582453 0.973964 0)
(-0.494776 1.05074 0)
(-0.410605 1.10784 0)
(-0.332537 1.15041 0)
(-0.261321 1.18312 0)
(-0.196547 1.21023 0)
(-0.137012 1.23763 0)
(-0.0805246 1.27441 0)
(-0.0277515 1.19823 0)
(-0.501941 -0.180977 0)
(-0.550115 -0.113232 0)
(-0.597169 -0.0262214 0)
(-0.638881 0.0756916 0)
(-0.671394 0.190065 0)
(-0.690601 0.314354 0)
(-0.692666 0.444703 0)
(-0.674931 0.575554 0)
(-0.637156 0.700011 0)
(-0.582447 0.811309 0)
(-0.51672 0.905043 0)
(-0.446372 0.98057 0)
(-0.376124 1.04015 0)
(-0.308708 1.08701 0)
(-0.24538 1.1245 0)
(-0.186249 1.15592 0)
(-0.130549 1.1863 0)
(-0.0760009 1.22364 0)
(-0.0253813 1.15227 0)
(-0.437904 -0.142214 0)
(-0.47678 -0.074359 0)
(-0.514563 0.00959097 0)
(-0.547697 0.105387 0)
(-0.573059 0.210528 0)
(-0.587569 0.322599 0)
(-0.588587 0.438392 0)
(-0.574475 0.553693 0)
(-0.545257 0.663621 0)
(-0.503014 0.763554 0)
(-0.451499 0.850363 0)
(-0.394935 0.923186 0)
(-0.336843 0.983082 0)
(-0.279599 1.03205 0)
(-0.224459 1.07235 0)
(-0.171738 1.1064 0)
(-0.120973 1.13837 0)
(-0.0698965 1.17521 0)
(-0.0227289 1.11007 0)
(-0.374623 -0.111064 0)
(-0.405422 -0.0432153 0)
(-0.435445 0.0381358 0)
(-0.46172 0.128853 0)
(-0.481705 0.226481 0)
(-0.493048 0.328835 0)
(-0.493846 0.4333 0)
(-0.482997 0.536675 0)
(-0.460568 0.635429 0)
(-0.427962 0.726288 0)
(-0.387655 0.806965 0)
(-0.342527 0.876608 0)
(-0.295149 0.935651 0)
(-0.247395 0.985272 0)
(-0.20035 1.02693 0)
(-0.154387 1.06232 0)
(-0.109255 1.09479 0)
(-0.0627447 1.13034 0)
(-0.0199377 1.0722 0)
(-0.312948 -0.0866486 0)
(-0.336731 -0.0187113 0)
(-0.360293 0.0606878 0)
(-0.381056 0.147418 0)
(-0.3969 0.239113 0)
(-0.405991 0.33386 0)
(-0.406923 0.429553 0)
(-0.398916 0.523749 0)
(-0.382019 0.613845 0)
(-0.357176 0.697461 0)
(-0.326046 0.772882 0)
(-0.290598 0.839333 0)
(-0.25266 0.896903 0)
(-0.213633 0.946232 0)
(-0.174384 0.98821 0)
(-0.135274 1.024 0)
(-0.0961848 1.05617 0)
(-0.0549752 1.08988 0)
(-0.017112 1.03896 0)
(-0.253726 -0.0682841 0)
(-0.271396 1.63933e-05 0)
(-0.289661 0.0783071 0)
(-0.306065 0.162104 0)
(-0.318699 0.249227 0)
(-0.32611 0.33811 0)
(-0.327277 0.427085 0)
(-0.321657 0.51427 0)
(-0.309285 0.597704 0)
(-0.290791 0.675603 0)
(-0.26728 0.746645 0)
(-0.240075 0.810135 0)
(-0.210441 0.865968 0)
(-0.179381 0.914442 0)
(-0.147548 0.956066 0)
(-0.115239 0.991588 0)
(-0.0824035 1.02294 0)
(-0.046965 1.05443 0)
(-0.0143538 1.01055 0)
(-0.197936 -0.0550834 0)
(-0.210589 0.0140142 0)
(-0.224696 0.092159 0)
(-0.237865 0.173818 0)
(-0.247988 0.257376 0)
(-0.253985 0.341748 0)
(-0.255237 0.425631 0)
(-0.251431 0.507539 0)
(-0.242619 0.585935 0)
(-0.229224 0.659423 0)
(-0.211969 0.726937 0)
(-0.191723 0.787849 0)
(-0.16933 0.841946 0)
(-0.145477 0.88931 0)
(-0.12062 0.930189 0)
(-0.0949523 0.965017 0)
(-0.0684255 0.995151 0)
(-0.039015 1.02407 0)
(-0.011753 0.986421 0)
(-0.146296 -0.0443314 0)
(-0.156693 0.0268597 0)
(-0.168608 0.104654 0)
(-0.179826 0.183807 0)
(-0.187897 0.264026 0)
(-0.192368 0.344648 0)
(-0.193185 0.424566 0)
(-0.190313 0.502497 0)
(-0.18387 0.577138 0)
(-0.174164 0.647321 0)
(-0.16167 0.712137 0)
(-0.146949 0.771004 0)
(-0.130552 0.823649 0)
(-0.112939 0.870022 0)
(-0.0944163 0.910198 0)
(-0.0750972 0.944385 0)
(-0.0549072 0.973488 0)
(-0.0318308 1.00036 0)
(-0.0096347 0.968478 0)
(-0.0858649 -0.0238034 0)
(-0.115788 0.042864 0)
(-0.130309 0.118498 0)
(-0.140878 0.192956 0)
(-0.146943 0.269232 0)
(-0.149429 0.346269 0)
(-0.148876 0.422785 0)
(-0.145548 0.497471 0)
(-0.13967 0.569095 0)
(-0.131527 0.63659 0)
(-0.121469 0.69913 0)
(-0.109887 0.756157 0)
(-0.097166 0.807359 0)
(-0.0836433 0.852587 0)
(-0.0695787 0.891771 0)
(-0.0551186 0.924878 0)
(-0.0403242 0.952213 0)
(-0.0239421 0.97547 0)
(-0.00777408 0.946059 0)
)
;

boundaryField
{
    leftWall
    {
        type            fixedValue;
        value           uniform (0 0 0);
    }
    rightWall
    {
        type            fixedValue;
        value           uniform (0 0 0);
    }
    lowerWall
    {
        type            fixedValue;
        value           uniform (0 0 0);
    }
    atmosphere
    {
        type            pressureInletOutletVelocity;
        value           nonuniform List<vector> 
46
(
(-0 -0.552616 0)
(-0 -0.701917 0)
(-0 -0.672305 0)
(-0 -0.657782 0)
(-0 -0.647488 0)
(-0 -0.63856 0)
(-0 -0.6296 0)
(-0 -0.619998 0)
(-0 -0.609345 0)
(-0 -0.597336 0)
(-0 -0.58372 0)
(-0 -0.568276 0)
(-0 -0.550784 0)
(-0 -0.531024 0)
(-0 -0.508753 0)
(-0 -0.483703 0)
(-0 -0.455559 0)
(-0 -0.423948 0)
(-0 -0.388394 0)
(-0 -0.34827 0)
(-0 -0.302694 0)
(-0 -0.250382 0)
(-0 -0.189609 0)
(-0 -0.137983 0)
(-0 -0.106527 0)
(-0 -0.0783007 0)
(-0 -0.0542611 0)
(-0 -0.0174452 0)
(-0.115788 0.042864 0)
(-0.130309 0.118498 0)
(-0.140878 0.192956 0)
(-0.146943 0.269232 0)
(-0.149429 0.346269 0)
(-0.148876 0.422785 0)
(-0.145548 0.497471 0)
(-0.13967 0.569095 0)
(-0.131527 0.63659 0)
(-0.121469 0.69913 0)
(-0.109887 0.756157 0)
(-0.097166 0.807359 0)
(-0.0836433 0.852587 0)
(-0.0695787 0.891771 0)
(-0.0551186 0.924878 0)
(-0.0403242 0.952213 0)
(-0.0239421 0.97547 0)
(-0.00777408 0.946059 0)
)
;
    }
    defaultFaces
    {
        type            empty;
    }
}


// ************************************************************************* //
