/*--------------------------------*- C++ -*----------------------------------*\
| =========                 |                                                 |
| \\      /  F ield         | OpenFOAM: The Open Source CFD Toolbox           |
|  \\    /   O peration     | Version:  2.3.0                                 |
|   \\  /    A nd           | Web:      www.OpenFOAM.org                      |
|    \\/     M anipulation  |                                                 |
\*---------------------------------------------------------------------------*/
FoamFile
{
    version     2.0;
    format      ascii;
    class       volVectorField;
    location    "85";
    object      Ur;
}
// * * * * * * * * * * * * * * * * * * * * * * * * * * * * * * * * * * * * * //

dimensions      [0 1 -1 0 0 0 0];

internalField   nonuniform List<vector> 
1875
(
(-0.0157912 0.218062 0)
(-0.0212969 0.219107 0)
(-0.0111595 0.219167 0)
(-0.00186204 0.218435 0)
(0.00532319 0.218711 0)
(0.0103764 0.219617 0)
(0.0128371 0.220441 0)
(0.0128916 0.220668 0)
(0.0109258 0.220002 0)
(0.00736239 0.218478 0)
(0.00242085 0.216144 0)
(-0.00318419 0.214045 0)
(-0.0087993 0.211534 0)
(-0.0150206 0.207135 0)
(-0.0223221 0.201088 0)
(-0.0298423 0.196806 0)
(-0.0361824 0.195136 0)
(-0.0401921 0.19547 0)
(-0.0410192 0.195204 0)
(-0.0384688 0.19543 0)
(-0.032394 0.196325 0)
(-0.023934 0.196985 0)
(-0.0134719 0.193619 0)
(-0.0174324 0.192193 0)
(-0.0141665 0.193751 0)
(-0.00500766 0.284177 0)
(-0.00450793 0.285586 0)
(0.00882758 0.288483 0)
(0.0149018 0.290384 0)
(0.019794 0.290038 0)
(0.0235567 0.287953 0)
(0.026197 0.285063 0)
(0.0275539 0.281983 0)
(0.0276049 0.279242 0)
(0.0262012 0.276918 0)
(0.0232133 0.275012 0)
(0.0180814 0.272983 0)
(0.01179 0.271353 0)
(0.00513645 0.271032 0)
(-0.00179414 0.271922 0)
(-0.0082361 0.272056 0)
(-0.0122697 0.271248 0)
(-0.0127695 0.269706 0)
(-0.013932 0.26912 0)
(-0.0140055 0.268921 0)
(-0.0136284 0.268692 0)
(-0.0131028 0.268663 0)
(-0.0145665 0.271097 0)
(-0.0148398 0.270847 0)
(-0.00770357 0.27323 0)
(0.00062314 0.27879 0)
(0.00873645 0.281098 0)
(0.0205702 0.281717 0)
(0.0264847 0.281609 0)
(0.0306999 0.28095 0)
(0.0339077 0.28006 0)
(0.0362302 0.278939 0)
(0.0375456 0.277644 0)
(0.0375738 0.276082 0)
(0.0361961 0.274387 0)
(0.033941 0.27263 0)
(0.0309864 0.270811 0)
(0.0261288 0.269073 0)
(0.0200321 0.267234 0)
(0.0142391 0.265486 0)
(0.00855214 0.263557 0)
(0.00221925 0.260998 0)
(-0.00377547 0.25785 0)
(-0.00702132 0.256864 0)
(-0.00878171 0.256663 0)
(-0.00949035 0.257242 0)
(-0.00941198 0.258648 0)
(-0.00771078 0.262706 0)
(-0.00746408 0.263608 0)
(-0.00374138 0.265028 0)
(0.0120722 0.283976 0)
(0.0245609 0.286281 0)
(0.0273848 0.284745 0)
(0.0304377 0.282645 0)
(0.0338922 0.280827 0)
(0.0365159 0.279221 0)
(0.0376942 0.277715 0)
(0.0372899 0.276316 0)
(0.0355184 0.274934 0)
(0.032873 0.2736 0)
(0.0292152 0.272357 0)
(0.0249565 0.271098 0)
(0.0204183 0.269542 0)
(0.0155923 0.268011 0)
(0.0109296 0.266302 0)
(0.006606 0.264405 0)
(0.00195195 0.262612 0)
(-0.00201184 0.261653 0)
(-0.00361298 0.260987 0)
(-0.00423098 0.260881 0)
(-0.00381172 0.261032 0)
(-0.00318982 0.261587 0)
(-0.00250593 0.261419 0)
(-0.00382231 0.263021 0)
(-0.00103772 0.264661 0)
(0.0167727 0.277633 0)
(0.0274924 0.279001 0)
(0.023048 0.277411 0)
(0.0260065 0.275365 0)
(0.0313384 0.273673 0)
(0.034683 0.272077 0)
(0.035769 0.270442 0)
(0.0350052 0.268865 0)
(0.0328134 0.267576 0)
(0.0295377 0.26646 0)
(0.0253906 0.265428 0)
(0.0204465 0.264392 0)
(0.0148046 0.263498 0)
(0.00872067 0.262691 0)
(0.002576 0.261822 0)
(-0.00268385 0.260698 0)
(-0.00612024 0.260305 0)
(-0.00742984 0.261042 0)
(-0.00716866 0.260535 0)
(-0.00586101 0.260194 0)
(-0.0040317 0.260667 0)
(-0.00245043 0.261137 0)
(-0.00114612 0.261312 0)
(0.00108709 0.26357 0)
(0.00184302 0.265138 0)
(0.0205589 0.268025 0)
(0.02807 0.26967 0)
(0.01716 0.268223 0)
(0.0223024 0.266742 0)
(0.0289098 0.265518 0)
(0.031522 0.264104 0)
(0.0317132 0.262767 0)
(0.0304459 0.261611 0)
(0.0278869 0.260668 0)
(0.0240314 0.259927 0)
(0.0189385 0.259291 0)
(0.0128369 0.258731 0)
(0.00606043 0.25826 0)
(-0.000889071 0.257883 0)
(-0.00698352 0.257628 0)
(-0.0109719 0.258029 0)
(-0.0122367 0.258677 0)
(-0.0117344 0.259021 0)
(-0.010066 0.260106 0)
(-0.00733052 0.261334 0)
(-0.00455028 0.262198 0)
(-0.00246855 0.262815 0)
(-0.000940121 0.263216 0)
(0.00384622 0.26418 0)
(0.00430361 0.265357 0)
(0.0264968 0.258414 0)
(0.0299352 0.259635 0)
(0.0129189 0.259013 0)
(0.0194911 0.258547 0)
(0.0247506 0.257217 0)
(0.0257072 0.255695 0)
(0.0250886 0.2546 0)
(0.0229259 0.253861 0)
(0.0192058 0.253325 0)
(0.0139764 0.253034 0)
(0.00762877 0.25302 0)
(0.000829002 0.252956 0)
(-0.00569289 0.253008 0)
(-0.0111589 0.25344 0)
(-0.0148597 0.254688 0)
(-0.0164488 0.256427 0)
(-0.016119 0.258028 0)
(-0.0143575 0.259674 0)
(-0.0113696 0.261327 0)
(-0.00785554 0.262688 0)
(-0.00481212 0.26357 0)
(-0.00264699 0.264055 0)
(-0.000747068 0.264318 0)
(0.00520139 0.263534 0)
(0.00536923 0.263468 0)
(0.0296323 0.252442 0)
(0.0296417 0.252738 0)
(0.00840056 0.252824 0)
(0.0145242 0.252159 0)
(0.0164994 0.25065 0)
(0.0161405 0.2495 0)
(0.0147077 0.248895 0)
(0.0113287 0.248693 0)
(0.00657932 0.24889 0)
(0.0011696 0.248879 0)
(-0.00460105 0.248199 0)
(-0.0100596 0.249232 0)
(-0.0144872 0.251196 0)
(-0.0174242 0.254002 0)
(-0.0189229 0.255992 0)
(-0.0188237 0.257898 0)
(-0.0172371 0.259922 0)
(-0.0143021 0.261908 0)
(-0.0106923 0.263557 0)
(-0.00721306 0.264632 0)
(-0.00443885 0.265184 0)
(-0.00237263 0.265396 0)
(-0.000207658 0.265446 0)
(0.00554843 0.265228 0)
(0.00508998 0.264479 0)
(0.0275917 0.249556 0)
(0.0245989 0.248764 0)
(0.0029216 0.249086 0)
(0.00678545 0.248277 0)
(0.00647968 0.2471 0)
(0.00607174 0.24667 0)
(0.00447383 0.246673 0)
(0.00145104 0.247051 0)
(-0.00241075 0.246827 0)
(-0.00704427 0.246782 0)
(-0.0109726 0.250992 0)
(-0.0144105 0.254115 0)
(-0.0170524 0.255218 0)
(-0.0194878 0.257158 0)
(-0.0195871 0.259191 0)
(-0.018279 0.261208 0)
(-0.0155948 0.263184 0)
(-0.0122254 0.264782 0)
(-0.00882655 0.265846 0)
(-0.00587718 0.266372 0)
(-0.00354583 0.266516 0)
(-0.00166781 0.266437 0)
(0.000436294 0.266261 0)
(0.00500022 0.265891 0)
(0.00414318 0.264662 0)
(0.0244781 0.24849 0)
(0.0190274 0.248136 0)
(-0.00280339 0.248439 0)
(-0.00067701 0.2479 0)
(-0.00125463 0.247768 0)
(-0.000865588 0.248254 0)
(-0.00166604 0.249214 0)
(-0.00334964 0.250921 0)
(-0.00628816 0.255141 0)
(-0.00955964 0.260474 0)
(-0.0128174 0.26032 0)
(-0.0170127 0.258996 0)
(-0.0191524 0.261214 0)
(-0.0185209 0.261255 0)
(-0.0175229 0.263022 0)
(-0.0151922 0.264791 0)
(-0.0122215 0.266184 0)
(-0.00911763 0.267094 0)
(-0.00626973 0.267544 0)
(-0.00387682 0.267636 0)
(-0.00195098 0.267497 0)
(-0.000353864 0.267216 0)
(0.00130861 0.266781 0)
(0.00430042 0.266052 0)
(0.0029643 0.264983 0)
(0.02098 0.250057 0)
(0.0147449 0.250051 0)
(-0.00589911 0.250701 0)
(-0.00422248 0.250895 0)
(-0.0042303 0.251748 0)
(-0.00329665 0.252828 0)
(-0.00360057 0.254152 0)
(-0.00521427 0.255577 0)
(-0.00867576 0.255985 0)
(-0.0122209 0.256398 0)
(-0.0148347 0.258466 0)
(-0.0156086 0.260683 0)
(-0.01585 0.262171 0)
(-0.0150129 0.264727 0)
(-0.0133655 0.266231 0)
(-0.0109452 0.267405 0)
(-0.00828489 0.268185 0)
(-0.00568167 0.268607 0)
(-0.00333721 0.268741 0)
(-0.0013412 0.268663 0)
(0.000290396 0.268435 0)
(0.00153903 0.268097 0)
(0.00245942 0.267612 0)
(0.00400947 0.266813 0)
(0.00233884 0.266028 0)
(0.018089 0.253219 0)
(0.0127131 0.253484 0)
(-0.0057531 0.254483 0)
(-0.00444566 0.255026 0)
(-0.00416815 0.25598 0)
(-0.00328034 0.256984 0)
(-0.0036166 0.258088 0)
(-0.00528156 0.259197 0)
(-0.00784306 0.26021 0)
(-0.0102138 0.260776 0)
(-0.0118711 0.262219 0)
(-0.0125441 0.264326 0)
(-0.012313 0.265869 0)
(-0.0111843 0.267132 0)
(-0.00940558 0.268152 0)
(-0.00725438 0.268883 0)
(-0.00497713 0.269337 0)
(-0.00272252 0.269552 0)
(-0.000633103 0.269575 0)
(0.00119355 0.269447 0)
(0.00268969 0.269175 0)
(0.00376563 0.26872 0)
(0.00459772 0.268069 0)
(0.0063042 0.267574 0)
(0.00376801 0.267774 0)
(0.0162308 0.256382 0)
(0.0123084 0.256671 0)
(-0.00446751 0.257677 0)
(-0.00409258 0.25815 0)
(-0.00377539 0.259033 0)
(-0.00311318 0.25986 0)
(-0.00351025 0.260734 0)
(-0.00494812 0.261553 0)
(-0.00668201 0.262585 0)
(-0.00810793 0.263771 0)
(-0.00913963 0.264982 0)
(-0.00946891 0.266205 0)
(-0.00904476 0.267289 0)
(-0.00803496 0.268183 0)
(-0.00663333 0.268857 0)
(-0.00503404 0.269307 0)
(-0.00334838 0.269561 0)
(-0.00161914 0.26961 0)
(0.000111944 0.269489 0)
(0.00176727 0.269229 0)
(0.00319087 0.268865 0)
(0.00442573 0.26836 0)
(0.00622584 0.267814 0)
(0.00860148 0.26744 0)
(0.00527781 0.266178 0)
(0.0138599 0.258807 0)
(0.0109836 0.25818 0)
(-0.00304958 0.258786 0)
(-0.00298212 0.259982 0)
(-0.00309741 0.260843 0)
(-0.00271902 0.261607 0)
(-0.00315776 0.26239 0)
(-0.00419079 0.26315 0)
(-0.00517461 0.264149 0)
(-0.00605971 0.265133 0)
(-0.00675529 0.266053 0)
(-0.00704082 0.26691 0)
(-0.00699269 0.26761 0)
(-0.00668723 0.268103 0)
(-0.00612045 0.268378 0)
(-0.00531314 0.268482 0)
(-0.00432144 0.268441 0)
(-0.00318567 0.268477 0)
(-0.00190208 0.268447 0)
(-0.000512745 0.268321 0)
(0.000858638 0.268019 0)
(0.00252974 0.267812 0)
(0.00505823 0.267626 0)
(0.00848446 0.267052 0)
(0.00573426 0.267072 0)
(0.0099004 0.260989 0)
(0.00838186 0.25985 0)
(-0.00130716 0.260355 0)
(-0.00119934 0.260822 0)
(-0.00181126 0.261588 0)
(-0.00167896 0.262455 0)
(-0.00221964 0.263197 0)
(-0.00291366 0.263919 0)
(-0.00340717 0.264753 0)
(-0.00422001 0.26547 0)
(-0.00517333 0.266074 0)
(-0.00607915 0.266467 0)
(-0.00682097 0.266671 0)
(-0.00733486 0.266822 0)
(-0.00756479 0.26696 0)
(-0.00744643 0.267084 0)
(-0.00694184 0.267197 0)
(-0.0062923 0.267136 0)
(-0.00544311 0.267019 0)
(-0.00440664 0.266976 0)
(-0.00294004 0.267355 0)
(-0.0011216 0.267498 0)
(0.000432514 0.267507 0)
(0.00657572 0.265901 0)
(0.00580722 0.266662 0)
(0.00583914 0.26053 0)
(0.00555527 0.259122 0)
(4.67396e-05 0.261291 0)
(0.000157073 0.261747 0)
(-0.000249199 0.262252 0)
(-0.000158975 0.262613 0)
(-0.000481821 0.263136 0)
(-0.00108054 0.263898 0)
(-0.0018265 0.264375 0)
(-0.00307615 0.264643 0)
(-0.00461874 0.264778 0)
(-0.00622808 0.26491 0)
(-0.0076019 0.265095 0)
(-0.00860581 0.265296 0)
(-0.00925837 0.265516 0)
(-0.00956895 0.265751 0)
(-0.0095934 0.266047 0)
(-0.00912737 0.266249 0)
(-0.00847709 0.266592 0)
(-0.00786769 0.266975 0)
(-0.00762609 0.267147 0)
(-0.00773441 0.267162 0)
(-0.00849569 0.266766 0)
(-0.000524885 0.266487 0)
(0.00223066 0.264998 0)
(0.00150958 0.263353 0)
(0.00268177 0.261434 0)
(0.000794987 0.261493 0)
(0.00131387 0.261576 0)
(0.00133979 0.261763 0)
(0.00164059 0.261796 0)
(0.00165871 0.262014 0)
(0.00100045 0.262795 0)
(-0.000456295 0.263016 0)
(-0.00231563 0.263074 0)
(-0.00430043 0.263108 0)
(-0.00618748 0.263197 0)
(-0.00782837 0.263378 0)
(-0.00912313 0.263633 0)
(-0.0100219 0.263938 0)
(-0.0105339 0.264283 0)
(-0.0106876 0.264617 0)
(-0.010644 0.26518 0)
(-0.010732 0.265738 0)
(-0.011131 0.266002 0)
(-0.0118628 0.265733 0)
(-0.0134281 0.265994 0)
(-0.0161733 0.266888 0)
(-0.0127339 0.267736 0)
(-0.00467698 0.265944 0)
(-0.00225877 0.265105 0)
(-0.000525208 0.263032 0)
(0.00221178 0.261368 0)
(0.00252687 0.261482 0)
(0.00282084 0.261473 0)
(0.00346717 0.262056 0)
(0.00382213 0.262021 0)
(0.00324555 0.261446 0)
(0.00132348 0.261514 0)
(-0.00106721 0.261473 0)
(-0.00344967 0.261405 0)
(-0.00558406 0.261406 0)
(-0.00737032 0.261519 0)
(-0.00877036 0.26175 0)
(-0.00974145 0.262068 0)
(-0.0102902 0.262438 0)
(-0.0104746 0.262824 0)
(-0.0106471 0.263127 0)
(-0.0113205 0.263233 0)
(-0.0123946 0.263398 0)
(-0.0131208 0.264015 0)
(-0.0132884 0.264994 0)
(-0.014974 0.266444 0)
(-0.0190141 0.269354 0)
(-0.0110689 0.268564 0)
(-0.00625229 0.264075 0)
(-0.0035269 0.261815 0)
(0.00394754 0.261486 0)
(0.00417355 0.261462 0)
(0.00454966 0.261398 0)
(0.00529182 0.260921 0)
(0.00593478 0.260608 0)
(0.00571969 0.26043 0)
(0.00386485 0.260218 0)
(0.00102743 0.25997 0)
(-0.00194665 0.259846 0)
(-0.00445076 0.259744 0)
(-0.00639358 0.259734 0)
(-0.00784418 0.259855 0)
(-0.00887224 0.260099 0)
(-0.00952734 0.260409 0)
(-0.00994647 0.260746 0)
(-0.0103184 0.260961 0)
(-0.0106617 0.261227 0)
(-0.010984 0.261861 0)
(-0.0108768 0.262762 0)
(-0.00916671 0.263476 0)
(-0.00762103 0.26478 0)
(-0.0154333 0.267481 0)
(-0.0118756 0.267526 0)
(-0.00909215 0.26284 0)
(-0.00610687 0.261738 0)
(0.00496519 0.261943 0)
(0.0058581 0.261877 0)
(0.00621609 0.2617 0)
(0.0069029 0.26122 0)
(0.00760192 0.260938 0)
(0.0075741 0.259605 0)
(0.00650454 0.258504 0)
(0.00392739 0.258939 0)
(0.000597805 0.258683 0)
(-0.00259924 0.258605 0)
(-0.00502172 0.258491 0)
(-0.00665303 0.258433 0)
(-0.00773645 0.258508 0)
(-0.00845411 0.2587 0)
(-0.00897221 0.258969 0)
(-0.00918929 0.25933 0)
(-0.00882718 0.259851 0)
(-0.0081764 0.260438 0)
(-0.00754388 0.261171 0)
(-0.0056565 0.261983 0)
(-0.00182938 0.26224 0)
(-0.00997657 0.263194 0)
(-0.0109027 0.264314 0)
(-0.0103818 0.264065 0)
(-0.00834653 0.263938 0)
(0.00479742 0.262831 0)
(0.0073228 0.26242 0)
(0.00776333 0.262219 0)
(0.00827887 0.261757 0)
(0.0087207 0.260772 0)
(0.00920758 0.260994 0)
(0.00857168 0.259239 0)
(0.00714076 0.256976 0)
(0.00437702 0.258059 0)
(0.000486265 0.257912 0)
(-0.00315016 0.257688 0)
(-0.00544969 0.257554 0)
(-0.0067271 0.257499 0)
(-0.0074117 0.257567 0)
(-0.00769183 0.257747 0)
(-0.007569 0.258139 0)
(-0.00690766 0.25856 0)
(-0.0057854 0.25897 0)
(-0.00461139 0.259451 0)
(-0.00322432 0.260005 0)
(0.000175674 0.259953 0)
(-0.0070711 0.259527 0)
(-0.00955927 0.260679 0)
(-0.010566 0.264581 0)
(-0.0100881 0.265274 0)
(0.00334507 0.264269 0)
(0.00800899 0.263305 0)
(0.0091992 0.262887 0)
(0.00950758 0.262445 0)
(0.00977523 0.26177 0)
(0.00977437 0.260189 0)
(0.00980692 0.261275 0)
(0.0091431 0.258566 0)
(0.00730711 0.25461 0)
(0.00448086 0.255761 0)
(0.000814256 0.256464 0)
(-0.00277824 0.256667 0)
(-0.00516267 0.256767 0)
(-0.00633683 0.256853 0)
(-0.00658721 0.257002 0)
(-0.00621422 0.257238 0)
(-0.00539409 0.257599 0)
(-0.00403888 0.257902 0)
(-0.00251381 0.258144 0)
(-0.00157723 0.258368 0)
(0.000702457 0.258326 0)
(-0.00558807 0.257542 0)
(-0.00796187 0.257939 0)
(-0.00994613 0.265097 0)
(-0.0110412 0.266317 0)
(0.00116861 0.266097 0)
(0.00721427 0.264884 0)
(0.00986088 0.263908 0)
(0.0105941 0.26328 0)
(0.0106835 0.262608 0)
(0.0104316 0.261765 0)
(0.00992333 0.259547 0)
(0.00894274 0.261111 0)
(0.008165 0.259696 0)
(0.00668547 0.255991 0)
(0.00460343 0.255461 0)
(0.00159071 0.255766 0)
(-0.00166441 0.256056 0)
(-0.00407115 0.256365 0)
(-0.0051625 0.256624 0)
(-0.0050015 0.256833 0)
(-0.00414334 0.257107 0)
(-0.00283114 0.257354 0)
(-0.00124201 0.257462 0)
(-0.00041672 0.257472 0)
(0.000817869 0.257466 0)
(-0.00525306 0.256706 0)
(-0.00713477 0.256315 0)
(-0.00876279 0.265846 0)
(-0.0109992 0.267331 0)
(-0.000999341 0.268006 0)
(0.00476446 0.26704 0)
(0.00883013 0.265639 0)
(0.0108113 0.264526 0)
(0.0112783 0.263671 0)
(0.0110409 0.262804 0)
(0.0100204 0.261679 0)
(0.00916184 0.261892 0)
(0.00748003 0.262074 0)
(0.00714354 0.260195 0)
(0.0060114 0.256239 0)
(0.00452952 0.255533 0)
(0.00222666 0.255739 0)
(-0.000509463 0.256017 0)
(-0.00267643 0.256439 0)
(-0.0034935 0.256793 0)
(-0.00303982 0.257001 0)
(-0.00196379 0.257253 0)
(-0.000617214 0.257331 0)
(0.000138376 0.257259 0)
(0.000610335 0.257189 0)
(-0.00622106 0.256657 0)
(-0.00754908 0.255843 0)
(-0.00742485 0.265911 0)
(-0.0102618 0.26769 0)
(-0.00285986 0.268597 0)
(0.00126894 0.268562 0)
(0.00588233 0.267517 0)
(0.00934378 0.266171 0)
(0.0109158 0.264996 0)
(0.0110886 0.263987 0)
(0.0103047 0.263058 0)
(0.00906689 0.261028 0)
(0.00808738 0.260718 0)
(0.00658996 0.260899 0)
(0.00609375 0.260713 0)
(0.00550729 0.25778 0)
(0.00447024 0.256528 0)
(0.00278747 0.256313 0)
(0.000577683 0.256537 0)
(-0.00120421 0.256983 0)
(-0.00171018 0.257313 0)
(-0.00113169 0.257482 0)
(-0.000199565 0.25764 0)
(0.000267253 0.257612 0)
(0.000355792 0.257532 0)
(-0.00691707 0.257322 0)
(-0.00779483 0.25672 0)
(-0.00496725 0.264104 0)
(-0.00748448 0.267008 0)
(-0.00325493 0.267772 0)
(-0.000577725 0.268608 0)
(0.00292139 0.268494 0)
(0.00672971 0.267497 0)
(0.00931825 0.26623 0)
(0.0102554 0.265054 0)
(0.00999619 0.264006 0)
(0.00867142 0.26276 0)
(0.00713588 0.261002 0)
(0.00594799 0.259964 0)
(0.00537102 0.259604 0)
(0.00494157 0.259545 0)
(0.00474243 0.258344 0)
(0.00428576 0.257488 0)
(0.00307926 0.257222 0)
(0.00132281 0.257442 0)
(-3.47914e-05 0.257828 0)
(-0.000273371 0.258058 0)
(0.00025329 0.258116 0)
(0.000449712 0.258232 0)
(0.000285028 0.258321 0)
(-0.00676248 0.258155 0)
(-0.00738934 0.25801 0)
(-0.00223333 0.26495 0)
(-0.00401273 0.26637 0)
(-0.00188188 0.266781 0)
(-0.000216281 0.267615 0)
(0.00147567 0.268014 0)
(0.00415581 0.267696 0)
(0.00681851 0.266741 0)
(0.00836545 0.265592 0)
(0.00868049 0.264504 0)
(0.00776743 0.26349 0)
(0.00621797 0.262604 0)
(0.00503443 0.26186 0)
(0.00425405 0.261149 0)
(0.00391957 0.260421 0)
(0.0039161 0.259447 0)
(0.00418398 0.258868 0)
(0.00407491 0.258344 0)
(0.00309764 0.258226 0)
(0.00163768 0.258474 0)
(0.000605891 0.25878 0)
(0.000765909 0.258888 0)
(0.00117999 0.259108 0)
(0.000375383 0.259724 0)
(-0.00634913 0.259234 0)
(-0.00650853 0.259315 0)
(-0.000118189 0.264532 0)
(-0.00146084 0.265739 0)
(-0.000985298 0.266097 0)
(0.000395845 0.266203 0)
(0.00116346 0.26648 0)
(0.00244151 0.266656 0)
(0.0042486 0.266297 0)
(0.00579355 0.265512 0)
(0.00645634 0.264582 0)
(0.00598369 0.263639 0)
(0.00476599 0.262924 0)
(0.00368858 0.262197 0)
(0.00306791 0.262023 0)
(0.00287835 0.26184 0)
(0.00298994 0.26091 0)
(0.00345633 0.260007 0)
(0.00400139 0.259497 0)
(0.00397694 0.259169 0)
(0.00311361 0.259173 0)
(0.00198238 0.259399 0)
(0.00205767 0.259576 0)
(0.00361415 0.259659 0)
(0.000861206 0.26075 0)
(-0.0067167 0.259895 0)
(-0.00562057 0.260164 0)
(0.00231609 0.263344 0)
(0.00204727 0.264458 0)
(-0.000344705 0.265421 0)
(0.000152712 0.264938 0)
(0.0012086 0.264872 0)
(0.00201006 0.265054 0)
(0.00277514 0.265172 0)
(0.00346108 0.264873 0)
(0.00375434 0.264255 0)
(0.00341373 0.263473 0)
(0.00263471 0.262745 0)
(0.00196033 0.262328 0)
(0.00166068 0.26139 0)
(0.00162705 0.261096 0)
(0.00191358 0.261348 0)
(0.00249446 0.260977 0)
(0.00323279 0.260511 0)
(0.00383623 0.260059 0)
(0.00373036 0.25982 0)
(0.0029398 0.25981 0)
(0.00278815 0.259875 0)
(0.00391932 0.259665 0)
(0.00143112 0.258275 0)
(-0.00501133 0.259713 0)
(-0.00440885 0.260174 0)
(0.0052136 0.262653 0)
(0.00746156 0.262354 0)
(0.000987783 0.263503 0)
(-0.00195672 0.262702 0)
(0.00028692 0.263264 0)
(0.00130399 0.263281 0)
(0.00153029 0.263262 0)
(0.00138039 0.26315 0)
(0.00106425 0.262917 0)
(0.00063444 0.262548 0)
(0.000361026 0.262231 0)
(0.000242939 0.262009 0)
(0.000223079 0.261807 0)
(0.000362311 0.261645 0)
(0.000792922 0.261532 0)
(0.0014894 0.261361 0)
(0.0022292 0.261155 0)
(0.00295314 0.260858 0)
(0.00330831 0.260472 0)
(0.00291893 0.260275 0)
(0.00245958 0.260225 0)
(0.0022185 0.259993 0)
(0.0015106 0.259551 0)
(-0.00222564 0.259735 0)
(-0.00287371 0.260364 0)
(0.0074476 0.260336 0)
(0.0105931 0.261519 0)
(0.00255598 0.260578 0)
(-0.00197068 0.262026 0)
(-0.00077152 0.261479 0)
(8.81154e-05 0.261572 0)
(8.13228e-05 0.261631 0)
(-0.000384259 0.261676 0)
(-0.00104392 0.261682 0)
(-0.00146855 0.261585 0)
(-0.00135524 0.261586 0)
(-0.00112273 0.261589 0)
(-0.000923271 0.261485 0)
(-0.000610497 0.261405 0)
(-7.94613e-05 0.261541 0)
(0.00062821 0.261645 0)
(0.00134243 0.26155 0)
(0.00197004 0.261366 0)
(0.00240571 0.261092 0)
(0.00243105 0.260778 0)
(0.00211581 0.260713 0)
(0.00141018 0.260634 0)
(0.000921125 0.260306 0)
(-0.000868765 0.260261 0)
(-0.00130323 0.260493 0)
(0.00868146 0.260347 0)
(0.010417 0.260438 0)
(0.00361392 0.259214 0)
(0.00112352 0.26024 0)
(-0.000165137 0.260141 0)
(-0.000158561 0.260356 0)
(-0.000703815 0.2605 0)
(-0.00162895 0.260628 0)
(-0.00263363 0.260721 0)
(-0.00296784 0.260856 0)
(-0.00250744 0.261093 0)
(-0.00206582 0.261318 0)
(-0.00170406 0.261773 0)
(-0.00124882 0.261894 0)
(-0.000672262 0.26173 0)
(-2.52196e-05 0.261792 0)
(0.00061302 0.261769 0)
(0.00113199 0.261662 0)
(0.00150176 0.261485 0)
(0.00182735 0.261276 0)
(0.00185213 0.261204 0)
(0.000959264 0.261197 0)
(0.00012244 0.261205 0)
(5.63961e-05 0.259726 0)
(0.0002468 0.261902 0)
(0.0103217 0.260937 0)
(0.0103838 0.259319 0)
(0.00341132 0.258764 0)
(0.00307073 0.258503 0)
(0.00106532 0.259474 0)
(-2.66992e-06 0.2597 0)
(-0.00134279 0.259802 0)
(-0.00274107 0.259894 0)
(-0.00379346 0.260031 0)
(-0.00382128 0.260364 0)
(-0.00314954 0.260753 0)
(-0.00261835 0.26105 0)
(-0.00213674 0.261196 0)
(-0.00159193 0.261442 0)
(-0.00102217 0.261742 0)
(-0.0004315 0.261845 0)
(0.000100582 0.261869 0)
(0.000520335 0.261813 0)
(0.000891944 0.261695 0)
(0.00147851 0.261571 0)
(0.00179805 0.261527 0)
(0.000638057 0.261549 0)
(-0.000685707 0.261172 0)
(0.00108868 0.261034 0)
(0.00186987 0.261487 0)
(0.0103125 0.260027 0)
(0.0102754 0.259896 0)
(0.002708 0.259653 0)
(0.00305432 0.259095 0)
(0.00180149 0.259215 0)
(-0.000112751 0.259346 0)
(-0.00219723 0.259358 0)
(-0.00379014 0.259438 0)
(-0.0045188 0.259715 0)
(-0.00415873 0.260311 0)
(-0.00333493 0.260718 0)
(-0.00273631 0.260893 0)
(-0.00224746 0.261274 0)
(-0.00173388 0.261524 0)
(-0.00120447 0.261722 0)
(-0.000686121 0.261845 0)
(-0.000267159 0.261892 0)
(6.78687e-05 0.261866 0)
(0.000491167 0.261795 0)
(0.00130307 0.261738 0)
(0.00180341 0.261671 0)
(0.000259816 0.261645 0)
(-0.00156655 0.261664 0)
(0.00151116 0.263011 0)
(0.00279148 0.26193 0)
(0.00901597 0.260176 0)
(0.00870088 0.259502 0)
(0.00198407 0.259441 0)
(0.00284506 0.259255 0)
(0.00186096 0.25917 0)
(-0.00069805 0.259149 0)
(-0.00318852 0.259101 0)
(-0.00451398 0.259275 0)
(-0.00472806 0.259699 0)
(-0.00410733 0.259455 0)
(-0.00331444 0.259317 0)
(-0.00275308 0.261132 0)
(-0.00224919 0.261376 0)
(-0.00173614 0.261525 0)
(-0.00125154 0.261716 0)
(-0.000817723 0.26184 0)
(-0.000496278 0.261898 0)
(-0.000198583 0.261901 0)
(0.000328303 0.261888 0)
(0.00124961 0.261889 0)
(0.0017421 0.261782 0)
(-2.45102e-05 0.26168 0)
(-0.00204272 0.261519 0)
(0.00132791 0.261252 0)
(0.00276859 0.262344 0)
(0.00756532 0.259945 0)
(0.00680589 0.259514 0)
(0.00142409 0.25929 0)
(0.00275174 0.259257 0)
(0.00131939 0.259167 0)
(-0.00171587 0.25897 0)
(-0.00403024 0.25896 0)
(-0.00472079 0.259262 0)
(-0.00436187 0.259726 0)
(-0.003732 0.259481 0)
(-0.00328986 0.260489 0)
(-0.00284889 0.261248 0)
(-0.00222773 0.261403 0)
(-0.00171045 0.261494 0)
(-0.00124504 0.261684 0)
(-0.000861664 0.261806 0)
(-0.000575523 0.261871 0)
(-0.000225256 0.261898 0)
(0.000454366 0.261926 0)
(0.00136411 0.261933 0)
(0.00172526 0.26176 0)
(0.000203575 0.261531 0)
(-0.00116441 0.261948 0)
(0.000669327 0.261557 0)
(0.00131032 0.260436 0)
(0.00678894 0.259354 0)
(0.00566736 0.259345 0)
(0.00103236 0.259327 0)
(0.00254638 0.259214 0)
(0.000317443 0.2591 0)
(-0.00296521 0.258812 0)
(-0.00460667 0.258944 0)
(-0.00469972 0.259348 0)
(-0.00407087 0.259847 0)
(-0.00348404 0.262432 0)
(-0.00307717 0.262857 0)
(-0.00252194 0.26062 0)
(-0.00201403 0.261106 0)
(-0.00153261 0.261443 0)
(-0.00110888 0.261624 0)
(-0.000788061 0.261743 0)
(-0.000519209 0.261813 0)
(-9.52929e-05 0.26186 0)
(0.00066472 0.261906 0)
(0.00138584 0.261885 0)
(0.00142081 0.261703 0)
(0.000595529 0.261385 0)
(0.000471529 0.261647 0)
(0.000155567 0.264256 0)
(-0.000478971 0.261521 0)
(0.00667963 0.258974 0)
(0.00552226 0.259259 0)
(0.000791538 0.259466 0)
(0.00185322 0.259249 0)
(-0.00104368 0.25901 0)
(-0.00408456 0.258841 0)
(-0.00487419 0.259153 0)
(-0.00464584 0.259608 0)
(-0.0041044 0.260067 0)
(-0.00356054 0.261413 0)
(-0.0028791 0.261251 0)
(-0.00202963 0.260859 0)
(-0.00169457 0.261211 0)
(-0.00124677 0.261459 0)
(-0.000875222 0.261605 0)
(-0.000601121 0.261702 0)
(-0.000311176 0.261764 0)
(0.000216099 0.261815 0)
(0.00103302 0.261853 0)
(0.00163057 0.261807 0)
(0.00156277 0.261687 0)
(0.00136298 0.261594 0)
(0.00301854 0.260919 0)
(8.66454e-05 0.262743 0)
(-0.00250819 0.260546 0)
(0.00677308 0.258909 0)
(0.00581056 0.259268 0)
(0.000612846 0.259487 0)
(0.000718742 0.259259 0)
(-0.00236037 0.258938 0)
(-0.00462462 0.259019 0)
(-0.00468644 0.259434 0)
(-0.00426638 0.259871 0)
(-0.00375602 0.260252 0)
(-0.00317028 0.259132 0)
(-0.0024488 0.259806 0)
(-0.00190779 0.261458 0)
(-0.00148064 0.261303 0)
(-0.00105025 0.261463 0)
(-0.000699317 0.261569 0)
(-0.000429166 0.261633 0)
(-7.97746e-05 0.261669 0)
(0.00055401 0.261693 0)
(0.00140934 0.261675 0)
(0.00196142 0.261569 0)
(0.00192728 0.261392 0)
(0.00178954 0.261252 0)
(0.00341283 0.261462 0)
(7.41071e-05 0.258511 0)
(-0.00282115 0.261582 0)
(0.00692854 0.259103 0)
(0.00592079 0.259581 0)
(0.000132537 0.259466 0)
(-0.000552017 0.259273 0)
(-0.00335382 0.258984 0)
(-0.00465612 0.259252 0)
(-0.00433056 0.259654 0)
(-0.00385519 0.260014 0)
(-0.00330673 0.260346 0)
(-0.00280141 0.260617 0)
(-0.00232036 0.260913 0)
(-0.00178992 0.261151 0)
(-0.00132183 0.26128 0)
(-0.000909233 0.261414 0)
(-0.000594508 0.261498 0)
(-0.000338948 0.261544 0)
(3.81026e-05 0.261569 0)
(0.000682373 0.261576 0)
(0.00143933 0.261523 0)
(0.00177103 0.261375 0)
(0.00157884 0.261262 0)
(0.00111535 0.261094 0)
(0.00171574 0.261896 0)
(-0.000100211 0.259651 0)
(-0.00150359 0.260754 0)
(0.00734442 0.259249 0)
(0.00549105 0.259821 0)
(-0.00127083 0.259423 0)
(-0.00194608 0.259276 0)
(-0.00412285 0.259145 0)
(-0.00452559 0.259495 0)
(-0.00406143 0.259848 0)
(-0.00360066 0.260156 0)
(-0.00306546 0.260435 0)
(-0.00252917 0.260647 0)
(-0.00201795 0.260741 0)
(-0.00155613 0.260952 0)
(-0.00112241 0.261252 0)
(-0.00074032 0.261361 0)
(-0.000466778 0.26143 0)
(-0.000215638 0.26147 0)
(0.000191778 0.261497 0)
(0.000828836 0.261505 0)
(0.00142498 0.261446 0)
(0.00151214 0.261286 0)
(0.00123762 0.260129 0)
(0.000616381 0.260069 0)
(0.000465546 0.259958 0)
(-0.000107294 0.261942 0)
(-0.000518751 0.259831 0)
(0.00685408 0.259036 0)
(0.00479636 0.258582 0)
(-0.00191227 0.259173 0)
(-0.00281998 0.259157 0)
(-0.00442634 0.25926 0)
(-0.00424275 0.259649 0)
(-0.00377682 0.259973 0)
(-0.00333393 0.26026 0)
(-0.00280532 0.260497 0)
(-0.00226199 0.260756 0)
(-0.00176989 0.260968 0)
(-0.00134495 0.261087 0)
(-0.000938861 0.261219 0)
(-0.000587796 0.261305 0)
(-0.000338395 0.261358 0)
(-7.06116e-05 0.261392 0)
(0.000373395 0.261421 0)
(0.000970882 0.26143 0)
(0.00137736 0.261471 0)
(0.00139979 0.261273 0)
(0.00116013 0.260919 0)
(0.000384359 0.260847 0)
(-5.13197e-05 0.260181 0)
(-0.000405499 0.260353 0)
(-0.000603547 0.262269 0)
(0.00535224 0.259047 0)
(0.00432019 0.258565 0)
(-0.00117575 0.259243 0)
(-0.00293737 0.259193 0)
(-0.0041225 0.259419 0)
(-0.00373315 0.259786 0)
(-0.00337679 0.260073 0)
(-0.00297777 0.260338 0)
(-0.00248567 0.260563 0)
(-0.00198261 0.260808 0)
(-0.00153372 0.260974 0)
(-0.00112348 0.26107 0)
(-0.000745241 0.261175 0)
(-0.000429145 0.261243 0)
(-0.000184369 0.261285 0)
(0.000118075 0.261319 0)
(0.000583982 0.261343 0)
(0.0010248 0.261343 0)
(0.00114835 0.260147 0)
(0.00104575 0.260037 0)
(0.000862259 0.262724 0)
(0.000397547 0.262518 0)
(0.000119857 0.260536 0)
(-0.000807752 0.259911 0)
(-0.000977229 0.260113 0)
(0.00433344 0.259367 0)
(0.00404733 0.259317 0)
(-0.000941291 0.259628 0)
(-0.00322094 0.25943 0)
(-0.0037943 0.259689 0)
(-0.00331574 0.259965 0)
(-0.00301167 0.260198 0)
(-0.00262942 0.260428 0)
(-0.0021773 0.260655 0)
(-0.00171247 0.260925 0)
(-0.00128546 0.261035 0)
(-0.000894895 0.261046 0)
(-0.000546619 0.261129 0)
(-0.000249506 0.26118 0)
(1.21604e-05 0.261217 0)
(0.000354147 0.261247 0)
(0.000798505 0.26133 0)
(0.00109153 0.261291 0)
(0.00106942 0.26098 0)
(0.00057248 0.260913 0)
(0.000242947 0.260288 0)
(0.000177823 0.260141 0)
(0.000169509 0.26261 0)
(-0.000792285 0.262223 0)
(-0.000996722 0.259729 0)
(0.00358761 0.25952 0)
(0.00366087 0.259322 0)
(-0.000973521 0.259426 0)
(-0.00335558 0.259522 0)
(-0.00346843 0.259848 0)
(-0.00302047 0.260073 0)
(-0.00270514 0.260283 0)
(-0.00231207 0.260491 0)
(-0.00188745 0.260653 0)
(-0.00146811 0.260719 0)
(-0.00104656 0.260849 0)
(-0.000686519 0.261025 0)
(-0.000356445 0.261085 0)
(-5.83838e-05 0.261124 0)
(0.000221521 0.261148 0)
(0.000541022 0.261178 0)
(0.000839982 0.260606 0)
(0.000951761 0.260227 0)
(0.000877612 0.262921 0)
(0.000564081 0.262786 0)
(0.000181984 0.259916 0)
(-0.000157633 0.259916 0)
(-0.00013237 0.260111 0)
(-0.00104625 0.260313 0)
(-0.00127871 0.261991 0)
(0.00277313 0.259599 0)
(0.00249903 0.259498 0)
(-0.000920194 0.25896 0)
(-0.00244863 0.259577 0)
(-0.00283181 0.259902 0)
(-0.0025871 0.260148 0)
(-0.00230342 0.260362 0)
(-0.00194373 0.260506 0)
(-0.00156064 0.260715 0)
(-0.00117064 0.260786 0)
(-0.000807114 0.260873 0)
(-0.000488727 0.26097 0)
(-0.000163562 0.261034 0)
(0.000157073 0.261068 0)
(0.00050155 0.261158 0)
(0.000865385 0.261206 0)
(0.00106322 0.260434 0)
(0.000833225 0.260702 0)
(0.000558788 0.260317 0)
(0.000598187 0.260247 0)
(0.000251112 0.262429 0)
(-9.17795e-05 0.261908 0)
(6.78364e-05 0.260072 0)
(-0.00148465 0.259904 0)
(-0.00176244 0.260329 0)
(0.00204659 0.259821 0)
(0.00136559 0.259657 0)
(-0.000863828 0.259658 0)
(-0.00151023 0.259877 0)
(-0.00223997 0.260133 0)
(-0.00214442 0.260035 0)
(-0.00185974 0.260117 0)
(-0.00155716 0.260667 0)
(-0.00120536 0.260356 0)
(-0.000860628 0.26084 0)
(-0.000585611 0.260952 0)
(-0.000240995 0.261019 0)
(7.48486e-05 0.260971 0)
(0.000348351 0.260996 0)
(0.000698132 0.26037 0)
(0.00103747 0.260107 0)
(0.00115844 0.262512 0)
(0.000993525 0.262665 0)
(0.000861461 0.259781 0)
(0.000534341 0.259796 0)
(-1.81631e-05 0.260592 0)
(-0.000206471 0.260996 0)
(1.81946e-05 0.261935 0)
(-0.00167724 0.262053 0)
(-0.00197106 0.260432 0)
(0.00148276 0.260079 0)
(0.000877384 0.260055 0)
(-0.000734892 0.260116 0)
(-0.00108861 0.259853 0)
(-0.00162475 0.259925 0)
(-0.00158505 0.259403 0)
(-0.00152569 0.259601 0)
(-0.00131675 0.260195 0)
(-0.000949195 0.259845 0)
(-0.000807859 0.261037 0)
(-0.000450914 0.260413 0)
(-7.00327e-05 0.260311 0)
(0.000285388 0.261088 0)
(0.000644715 0.261102 0)
(0.000987288 0.260314 0)
(0.000991196 0.260532 0)
(0.000868276 0.260631 0)
(0.00102255 0.260321 0)
(0.000926862 0.26253 0)
(0.000588885 0.261982 0)
(6.8163e-05 0.260342 0)
(-0.000459687 0.260408 0)
(-0.000287221 0.260504 0)
(-0.00181912 0.260267 0)
(-0.00207047 0.26086 0)
(0.00108834 0.26022 0)
(0.000587092 0.260127 0)
(-0.000494925 0.259849 0)
(-0.000705734 0.259334 0)
(-0.00131067 0.259461 0)
(-0.00132607 0.261948 0)
(-0.00118081 0.262064 0)
(-0.000971282 0.25978 0)
(-0.000727849 0.262328 0)
(-0.000521564 0.25963 0)
(-9.13688e-05 0.260009 0)
(3.12536e-05 0.260204 0)
(0.000241591 0.26011 0)
(0.000713584 0.259866 0)
(0.00104441 0.262555 0)
(0.00115851 0.262678 0)
(0.00125616 0.259647 0)
(0.00102757 0.259686 0)
(0.00069815 0.260209 0)
(0.000694874 0.260933 0)
(0.000283844 0.260841 0)
(-0.000424801 0.260615 0)
(-0.000394524 0.260406 0)
(-0.00205872 0.260555 0)
(-0.0022693 0.260271 0)
(0.000745678 0.260249 0)
(0.00039207 0.260275 0)
(-0.000470943 0.259439 0)
(-0.000820188 0.261784 0)
(-0.00136502 0.261936 0)
(-0.00147208 0.260389 0)
(-0.00108085 0.260512 0)
(-0.000684507 0.262254 0)
(-0.00060613 0.26058 0)
(-3.17918e-05 0.260412 0)
(4.16631e-06 0.262402 0)
(0.000253189 0.262507 0)
(0.000493141 0.260198 0)
(0.000645485 0.260449 0)
(0.000740349 0.260521 0)
(0.00120551 0.260278 0)
(0.00141746 0.26262 0)
(0.00118282 0.262448 0)
(0.000878232 0.260154 0)
(0.000684134 0.26044 0)
(0.000362984 0.260112 0)
(-0.000381684 0.261295 0)
(-0.00047123 0.261191 0)
(-0.00222535 0.261011 0)
(-0.002442 0.26076 0)
(0.000446376 0.260441 0)
(0.000113677 0.259857 0)
(-0.000532835 0.261957 0)
(-0.000804633 0.260292 0)
(-0.00100396 0.260378 0)
(-0.000845755 0.259388 0)
(-0.000896777 0.259397 0)
(-0.000821842 0.260608 0)
(-0.000400922 0.259421 0)
(-0.000366406 0.262918 0)
(-0.000201217 0.260667 0)
(0.00033887 0.260554 0)
(0.000745887 0.262631 0)
(0.000897153 0.262796 0)
(0.00118887 0.259535 0)
(0.00122141 0.259539 0)
(0.00119348 0.259937 0)
(0.00129504 0.260122 0)
(0.00101978 0.261323 0)
(0.00071548 0.260182 0)
(0.000448022 0.261004 0)
(-0.00036462 0.260513 0)
(-0.000550255 0.260123 0)
(-0.00233526 0.260103 0)
(-0.00255387 0.260251 0)
(0.000315658 0.25993 0)
(-5.21027e-05 0.259788 0)
(-0.000428763 0.260302 0)
(-0.000393526 0.259341 0)
(-0.000815689 0.25931 0)
(-0.000893909 0.262733 0)
(-0.000822702 0.262795 0)
(-0.000614203 0.259369 0)
(-0.000554495 0.262935 0)
(-0.000338746 0.260249 0)
(0.000207932 0.259466 0)
(0.000275107 0.259495 0)
(0.000481533 0.26053 0)
(0.000988403 0.260302 0)
(0.0013224 0.261695 0)
(0.00134487 0.262664 0)
(0.00131537 0.259472 0)
(0.00116873 0.259616 0)
(0.000936303 0.260173 0)
(0.00073426 0.260211 0)
(0.000518529 0.260661 0)
(-0.000339395 0.259927 0)
(-0.000585092 0.260207 0)
(-0.00238783 0.260111 0)
(-0.00264869 0.260249 0)
(0.000141353 0.25978 0)
(-0.000131979 0.261968 0)
(-0.000448034 0.259276 0)
(-0.000655336 0.262551 0)
(-0.00103027 0.262625 0)
(-0.00105626 0.259789 0)
(-0.000643435 0.259885 0)
(-0.000436909 0.262869 0)
(-0.000288542 0.260011 0)
(0.00015928 0.259388 0)
(0.000223315 0.262928 0)
(0.000462201 0.262937 0)
(0.000720707 0.259431 0)
(0.000825454 0.259423 0)
(0.000967442 0.260748 0)
(0.00120437 0.259836 0)
(0.00134501 0.262387 0)
(0.00113088 0.261233 0)
(0.000953212 0.259915 0)
(0.000752502 0.260669 0)
(0.000600535 0.259745 0)
(-0.000200307 0.260399 0)
(-0.000525812 0.260417 0)
(-0.00246331 0.260572 0)
(-0.00271281 0.260322 0)
(-0.000102301 0.262151 0)
(-0.00026025 0.260252 0)
(-0.000353245 0.262608 0)
(-0.000590641 0.25987 0)
(-0.000619165 0.259916 0)
(-0.000492774 0.259462 0)
(-0.000612388 0.25947 0)
(-0.000484788 0.26007 0)
(-0.000179435 0.259435 0)
(-0.000224723 0.26297 0)
(-3.46704e-05 0.260089 0)
(0.00057738 0.260017 0)
(0.000846329 0.262809 0)
(0.000890313 0.262739 0)
(0.00107261 0.261703 0)
(0.00116637 0.259399 0)
(0.00117509 0.259993 0)
(0.00119144 0.260703 0)
(0.00103507 0.260655 0)
(0.000764082 0.260182 0)
(0.000569007 0.260444 0)
(-0.00015731 0.260221 0)
(-0.000439793 0.260717 0)
(-0.00246842 0.260735 0)
(-0.00276425 0.260224 0)
(-0.000113757 0.260422 0)
(-0.000325619 0.259531 0)
(-0.000107824 0.259956 0)
(-0.000236416 0.259598 0)
(-0.000819799 0.259415 0)
(-0.000658296 0.262799 0)
(-0.000556878 0.262828 0)
(-0.000418985 0.25937 0)
(-0.000377809 0.26295 0)
(-0.000187595 0.260112 0)
(0.000229468 0.259475 0)
(0.000188457 0.259511 0)
(0.000387577 0.26011 0)
(0.0007807 0.260067 0)
(0.00114414 0.259863 0)
(0.00123502 0.262613 0)
(0.00121524 0.259644 0)
(0.00123157 0.260624 0)
(0.00108738 0.260926 0)
(0.00074542 0.260506 0)
(0.000370057 0.26061 0)
(-0.000208914 0.260269 0)
(-0.000363742 0.259934 0)
(-0.00249049 0.259812 0)
(-0.00278395 0.260204 0)
(-0.000234185 0.259391 0)
(-0.000326191 0.262504 0)
(7.38172e-05 0.259304 0)
(-0.00055937 0.262694 0)
(-0.00128607 0.262699 0)
(-0.000940341 0.259911 0)
(-0.000459703 0.259957 0)
(-0.000268338 0.262897 0)
(-0.000105284 0.260029 0)
(0.000267373 0.259391 0)
(0.00025591 0.262921 0)
(0.00039979 0.262935 0)
(0.000597045 0.259446 0)
(0.000665788 0.259449 0)
(0.000650323 0.259469 0)
(0.000833279 0.259847 0)
(0.00107818 0.261131 0)
(0.0011123 0.259755 0)
(0.00109664 0.259954 0)
(0.000676373 0.26071 0)
(7.3673e-05 0.260124 0)
(-0.000300207 0.260216 0)
(-0.00024181 0.260443 0)
(-0.00247472 0.260404 0)
(-0.00281144 0.260229 0)
(-0.000493511 0.262537 0)
(-0.00044854 0.25972 0)
(8.72033e-06 0.26256 0)
(-0.000467179 0.259593 0)
(-0.000716638 0.259928 0)
(-0.000381966 0.259448 0)
(-0.000506488 0.259452 0)
(-0.000356683 0.260034 0)
(-8.55684e-05 0.259411 0)
(-0.000148437 0.262908 0)
(-1.89658e-05 0.26003 0)
(0.00048515 0.259932 0)
(0.000691414 0.262737 0)
(0.000717777 0.262669 0)
(0.000767023 0.262578 0)
(0.000861744 0.259402 0)
(0.000945799 0.260372 0)
(0.00105573 0.260529 0)
(0.00107589 0.260365 0)
(0.000621953 0.260155 0)
(-7.19853e-05 0.260342 0)
(-0.00034194 0.260333 0)
(-0.000185147 0.260216 0)
(-0.00252897 0.260654 0)
(-0.00287303 0.26021 0)
(-0.000548948 0.259986 0)
(-0.000659558 0.259427 0)
(-0.000113265 0.259912 0)
(-7.83679e-05 0.259316 0)
(-0.000347362 0.259344 0)
(-0.000446779 0.262728 0)
(-0.000399182 0.262794 0)
(-0.000292226 0.25939 0)
(-0.000314909 0.262909 0)
(-0.000175279 0.260066 0)
(0.000225888 0.259408 0)
(8.71442e-05 0.259461 0)
(0.00016492 0.260039 0)
(0.000514672 0.260006 0)
(0.000820421 0.25992 0)
(0.00096526 0.261508 0)
(0.000967944 0.261125 0)
(0.00107429 0.260686 0)
(0.00106103 0.260478 0)
(0.000583941 0.260299 0)
(-0.000137261 0.260351 0)
(-0.000425053 0.260348 0)
(-0.000230719 0.260469 0)
(-0.00259058 0.259933 0)
(-0.00296582 0.260176 0)
(-0.000812305 0.259367 0)
(-0.00076792 0.262466 0)
(-0.000239794 0.259266 0)
(-0.000355617 0.262558 0)
(-0.000535427 0.262658 0)
(-0.000657927 0.259909 0)
(-0.000247949 0.259935 0)
(-0.000108839 0.262834 0)
(-2.21493e-05 0.259981 0)
(0.000350327 0.259342 0)
(0.000244349 0.262834 0)
(0.000295739 0.262884 0)
(0.000471581 0.259409 0)
(0.000496179 0.259394 0)
(0.000505936 0.25942 0)
(0.000608183 0.260628 0)
(0.000753391 0.260596 0)
(0.000937182 0.260296 0)
(0.000880202 0.260403 0)
(0.00043213 0.260376 0)
(-0.000209014 0.260298 0)
(-0.000490343 0.260307 0)
(-0.000310256 0.26015 0)
(-0.00272866 0.260263 0)
(-0.00309123 0.260146 0)
(-0.00112214 0.262565 0)
(-0.00089172 0.259795 0)
(-0.000119723 0.26262 0)
(-0.000254218 0.259953 0)
(-8.46369e-05 0.260026 0)
(-0.00014949 0.259468 0)
(-0.000311726 0.259435 0)
(-0.000211574 0.259969 0)
(9.91183e-07 0.259346 0)
(-0.000107053 0.262813 0)
(-8.12155e-05 0.261184 0)
(0.000318138 0.259824 0)
(0.000531841 0.262647 0)
(0.000463265 0.262603 0)
(0.000486368 0.262483 0)
(0.000627844 0.261543 0)
(0.000772521 0.260301 0)
(0.000874382 0.260758 0)
(0.000714489 0.26033 0)
(0.000273826 0.260185 0)
(-0.000225702 0.260216 0)
(-0.000495082 0.260235 0)
(-0.00030841 0.260316 0)
(-0.00280173 0.260193 0)
(-0.00321792 0.260109 0)
(-0.00112222 0.260053 0)
(-0.00100116 0.259508 0)
(6.42653e-05 0.260023 0)
(0.000172601 0.259469 0)
(-5.62149e-05 0.259428 0)
(-0.000299866 0.262751 0)
(-0.000370701 0.262805 0)
(-0.000307897 0.259436 0)
(-0.000365502 0.262868 0)
(-0.000378528 0.260146 0)
(4.64425e-05 0.25939 0)
(0.000121013 0.259393 0)
(-3.57041e-05 0.26003 0)
(0.000226247 0.260003 0)
(0.000443264 0.260013 0)
(0.000705978 0.259925 0)
(0.000884293 0.260651 0)
(0.000796108 0.260553 0)
(0.000491165 0.260433 0)
(5.9163e-05 0.260296 0)
(-0.000280503 0.260232 0)
(-0.000458839 0.260213 0)
(-0.000270738 0.260134 0)
(-0.00289977 0.260175 0)
(-0.00335415 0.260007 0)
(-0.00119762 0.259461 0)
(-0.00103811 0.262662 0)
(-4.57284e-05 0.259391 0)
(-6.40744e-05 0.262659 0)
(-0.000296834 0.26268 0)
(-0.000531869 0.26116 0)
(-0.000255168 0.261149 0)
(-0.000106606 0.262738 0)
(-7.29277e-05 0.261173 0)
(0.000337418 0.259223 0)
(0.000271165 0.259561 0)
(0.000246306 0.262976 0)
(0.000368645 0.259522 0)
(0.000484992 0.259465 0)
(0.000526195 0.25947 0)
(0.000583293 0.259375 0)
(0.000509789 0.260299 0)
(0.000415685 0.260445 0)
(-3.33303e-05 0.260491 0)
(-0.000436553 0.260344 0)
(-0.000619353 0.260239 0)
(-0.000660478 0.260149 0)
(-0.000336115 0.260144 0)
(-0.00319113 0.26004 0)
(-0.00370782 0.259758 0)
(-0.00119935 0.261484 0)
(-0.00104094 0.26001 0)
(-0.000174388 0.262792 0)
(-0.000165868 0.259984 0)
(-0.000136476 0.260427 0)
(-0.000408644 0.259727 0)
(-0.000405704 0.259708 0)
(-0.000220378 0.260406 0)
(0.000141682 0.259679 0)
(0.00017408 0.262812 0)
(0.000104637 0.261663 0)
(0.000106358 0.260864 0)
(0.000492492 0.262316 0)
(0.000483243 0.262378 0)
(0.000547409 0.262276 0)
(0.000607094 0.262197 0)
(0.000513711 0.260351 0)
(0.000302367 0.260179 0)
(-0.000364681 0.260159 0)
(-0.000863874 0.260081 0)
(-0.00106769 0.259998 0)
(-0.000949541 0.259904 0)
(-0.000457499 0.259945 0)
(-0.00372715 0.259885 0)
(-0.00426636 0.259622 0)
(-0.000626122 0.260558 0)
(-0.000598239 0.260075 0)
(-8.71439e-05 0.259939 0)
(-0.000156855 0.260088 0)
(-0.000214676 0.259356 0)
(-0.000533202 0.259217 0)
(-0.000758878 0.259174 0)
(-0.000690661 0.259077 0)
(-0.000643039 0.258971 0)
(-0.000523938 0.259568 0)
(-0.00032923 0.26052 0)
(-0.000135084 0.25833 0)
(-6.96e-05 0.25944 0)
(8.44769e-05 0.25936 0)
(0.000254272 0.259393 0)
(0.000375239 0.259421 0)
(0.000499625 0.259129 0)
(9.92289e-05 0.2591 0)
(-0.000509991 0.259108 0)
(-0.000980342 0.259124 0)
(-0.00127024 0.259145 0)
(-0.000967174 0.259051 0)
(-0.000312518 0.259123 0)
(-0.00389569 0.259075 0)
(-0.00448303 0.258926 0)
(0.000218057 0.261099 0)
(1.02987e-05 0.261626 0)
(-0.000672614 0.260091 0)
(-0.000524408 0.261303 0)
(-0.000599858 0.26122 0)
(-0.000907558 0.260874 0)
(-0.00102764 0.260745 0)
(-0.000966255 0.261077 0)
(-0.00078065 0.26062 0)
(-0.000567013 0.259412 0)
(-0.000187298 0.259362 0)
(-1.97728e-05 0.259965 0)
(0.000201468 0.259416 0)
(0.000337201 0.259323 0)
(0.000419713 0.259165 0)
(0.00043291 0.259006 0)
(0.000212097 0.259559 0)
(-7.81602e-05 0.259428 0)
(-0.000534375 0.259368 0)
(-0.000900884 0.259422 0)
(-0.00136041 0.259467 0)
(-0.00101324 0.259385 0)
(-0.000121863 0.259197 0)
(-0.00348503 0.259383 0)
(-0.00411655 0.259586 0)
(0.00213566 0.266796 0)
(0.000451389 0.265403 0)
(-0.00164116 0.265248 0)
(-0.0014174 0.263615 0)
(-0.00136824 0.264114 0)
(-0.00170414 0.265183 0)
(-0.00181212 0.265261 0)
(-0.0016159 0.264437 0)
(-0.00140774 0.2653 0)
(-0.001117 0.265204 0)
(-0.000855368 0.265256 0)
(-0.000561429 0.26491 0)
(-0.000442741 0.265349 0)
(-0.000271026 0.265343 0)
(-0.000135862 0.265301 0)
(-0.000107974 0.265315 0)
(1.607e-05 0.265236 0)
(1.87903e-05 0.265315 0)
(9.71554e-06 0.265489 0)
(-0.000313882 0.265966 0)
(-0.00136134 0.266202 0)
(-0.00195246 0.26652 0)
(-0.000528832 0.26637 0)
(-0.00331171 0.267529 0)
(-0.00447813 0.270525 0)
(-0.00177997 0.27656 0)
(-0.0064572 0.278356 0)
(-0.00536491 0.275603 0)
(-0.0021362 0.2777 0)
(-0.00161268 0.278669 0)
(-0.00176973 0.277975 0)
(-0.00161948 0.277594 0)
(-0.00111773 0.278011 0)
(-0.000409718 0.277764 0)
(0.000191973 0.278125 0)
(0.000702603 0.278514 0)
(0.00114625 0.27941 0)
(0.00154455 0.279397 0)
(0.00193419 0.279986 0)
(0.00228379 0.280676 0)
(0.0026195 0.281374 0)
(0.0027417 0.282426 0)
(0.00273281 0.283201 0)
(0.00286545 0.283879 0)
(0.0026906 0.284273 0)
(0.00202828 0.285173 0)
(0.00161765 0.285559 0)
(0.00439914 0.285585 0)
(0.0068701 0.287261 0)
(0.00302471 0.282485 0)
(-0.0166072 0.308661 0)
(-0.0221282 0.297108 0)
(-0.0102601 0.296834 0)
(-0.00389368 0.300527 0)
(-0.00144811 0.302675 0)
(-0.000752797 0.30217 0)
(-0.000660889 0.301043 0)
(-0.000330842 0.299988 0)
(0.000204 0.299791 0)
(0.00069755 0.299685 0)
(0.00116722 0.299688 0)
(0.00167206 0.299861 0)
(0.00219432 0.300056 0)
(0.00269239 0.300439 0)
(0.00313927 0.300951 0)
(0.00350181 0.301586 0)
(0.00371481 0.302394 0)
(0.00373988 0.303378 0)
(0.00338464 0.304516 0)
(0.00289661 0.305684 0)
(0.00287133 0.307057 0)
(0.00408205 0.307292 0)
(0.00880783 0.305409 0)
(0.0210545 0.304506 0)
(0.0177881 0.311289 0)
(-0.0139762 0.122934 0)
(-0.020563 0.127945 0)
(-0.00877144 0.131229 0)
(-0.00221182 0.13671 0)
(0.00031757 0.13782 0)
(0.000840978 0.135532 0)
(0.000639864 0.132736 0)
(0.00039597 0.130636 0)
(0.000318869 0.129437 0)
(0.000384745 0.128874 0)
(0.000537448 0.128642 0)
(0.000744813 0.128715 0)
(0.000971252 0.129091 0)
(0.00118849 0.129768 0)
(0.00137352 0.130752 0)
(0.00148967 0.132083 0)
(0.00149113 0.133821 0)
(0.00132156 0.136052 0)
(0.000891883 0.139015 0)
(0.000278792 0.142557 0)
(0.000118223 0.146544 0)
(0.00201029 0.148559 0)
(0.00889021 0.144839 0)
(0.022575 0.140151 0)
(0.0156977 0.131345 0)
(-0.0425585 0.0919124 0)
(-0.0449995 0.122756 0)
(-0.0128779 0.132118 0)
(-0.000991153 0.136508 0)
(0.00350189 0.133719 0)
(0.00363971 0.128308 0)
(0.0024407 0.123388 0)
(0.00130503 0.119951 0)
(0.000587145 0.118 0)
(0.000230382 0.117067 0)
(9.1509e-05 0.116724 0)
(6.40279e-05 0.116882 0)
(8.77745e-05 0.117503 0)
(0.000120385 0.118592 0)
(0.000116926 0.120191 0)
(1.13651e-05 0.122393 0)
(-0.000308572 0.125375 0)
(-0.00103249 0.129478 0)
(-0.00230243 0.134966 0)
(-0.00395579 0.141896 0)
(-0.0045794 0.150275 0)
(-6.12914e-05 0.156791 0)
(0.0146446 0.154475 0)
(0.0564792 0.149029 0)
(0.0610992 0.127357 0)
(-0.254718 -0.00112049 0)
(-0.1181 0.2813 0)
(-0.0397655 0.27377 0)
(-0.0104002 0.244592 0)
(0.00106923 0.22704 0)
(0.00178695 0.210794 0)
(-0.000675496 0.198248 0)
(-0.00317954 0.189967 0)
(-0.00493729 0.185117 0)
(-0.00596142 0.182783 0)
(-0.00626434 0.18216 0)
(-0.00584268 0.183085 0)
(-0.00479714 0.185552 0)
(-0.00327811 0.189633 0)
(-0.00151309 0.195425 0)
(0.000228925 0.203104 0)
(0.00160828 0.21299 0)
(0.0021982 0.225734 0)
(0.00159497 0.242617 0)
(4.14228e-06 0.264741 0)
(-0.000161244 0.291592 0)
(0.00922149 0.318345 0)
(0.0390668 0.348736 0)
(0.129192 0.379789 0)
(0.306982 0.0667036 0)
(-0.374611 -0.236835 0)
(-0.295044 0.306605 0)
(-0.027271 0.26007 0)
(0.0147524 0.211635 0)
(0.0159835 0.172117 0)
(0.00298935 0.141581 0)
(-0.00969705 0.122067 0)
(-0.0189741 0.111667 0)
(-0.0255082 0.105972 0)
(-0.0304091 0.101931 0)
(-0.0330147 0.0981939 0)
(-0.0329238 0.0955545 0)
(-0.0303905 0.0946721 0)
(-0.0254524 0.0960898 0)
(-0.0194477 0.100247 0)
(-0.0132772 0.107316 0)
(-0.00792947 0.117698 0)
(-0.00481399 0.132174 0)
(-0.00639397 0.152616 0)
(-0.0139613 0.182727 0)
(-0.0273795 0.227948 0)
(-0.0327603 0.28892 0)
(0.00466854 0.3668 0)
(0.318198 0.451512 0)
(0.481008 -0.210584 0)
(-0.0358062 -0.0594403 0)
(-0.156723 0.126663 0)
(0.0652769 0.335622 0)
(0.0756447 0.195423 0)
(0.04575 0.126235 0)
(0.0175977 0.0934221 0)
(-0.00363522 0.0825577 0)
(-0.0169827 0.0801998 0)
(-0.026076 0.0791385 0)
(-0.0328458 0.0760469 0)
(-0.037447 0.0694877 0)
(-0.0383909 0.0617865 0)
(-0.0356013 0.0563519 0)
(-0.0312703 0.0544982 0)
(-0.0261906 0.0565869 0)
(-0.0206028 0.0619138 0)
(-0.0151256 0.0700316 0)
(-0.0114678 0.0810192 0)
(-0.0137204 0.0962785 0)
(-0.0283899 0.119531 0)
(-0.0596097 0.157299 0)
(-0.101758 0.230699 0)
(-0.113083 0.401182 0)
(0.180674 0.188105 0)
(0.0407726 -0.0486195 0)
(3.5945e-06 -3.67116e-05 0)
(-0.000296494 0.000157553 0)
(-0.000137828 0.00279229 0)
(0.00134943 0.00124409 0)
(0.000466351 0.000529654 0)
(0.00013106 0.000389644 0)
(-1.0904e-05 0.000398539 0)
(-6.64085e-05 0.000424668 0)
(-9.09736e-05 0.000407559 0)
(-0.000107179 0.000337129 0)
(-9.96142e-05 0.000223377 0)
(-7.62606e-05 0.000121832 0)
(-5.71696e-05 7.06239e-05 0)
(-4.72074e-05 5.62512e-05 0)
(-4.4759e-05 5.9215e-05 0)
(-4.40771e-05 7.4767e-05 0)
(-4.33928e-05 0.000108679 0)
(-3.67329e-05 0.000172389 0)
(-2.44736e-05 0.00030826 0)
(-9.2069e-05 0.000517355 0)
(-0.000428291 0.000830267 0)
(-0.00147553 0.0015986 0)
(-0.000225269 0.00438175 0)
(0.000684119 0.000494049 0)
(4.03892e-06 -3.40868e-05 0)
(1.15846e-05 -1.77433e-05 0)
(7.38619e-06 -2.39673e-05 0)
(5.95479e-06 1.08977e-05 0)
(3.18599e-06 3.28676e-05 0)
(-1.0163e-06 3.46439e-05 0)
(-2.93443e-06 2.74472e-05 0)
(-3.9724e-06 2.29618e-05 0)
(-5.80314e-06 2.86029e-05 0)
(-7.84931e-06 1.9774e-05 0)
(-7.81728e-06 -1.71467e-06 0)
(-4.5826e-06 -1.42166e-05 0)
(-2.02221e-06 -1.27641e-05 0)
(-2.03682e-06 -1.04255e-05 0)
(-1.90084e-06 -9.23837e-06 0)
(-1.93735e-06 -8.59427e-06 0)
(-1.30519e-06 -5.78852e-06 0)
(-1.37778e-06 -4.37474e-06 0)
(-1.70235e-06 -4.5812e-06 0)
(-2.42507e-06 -6.91126e-06 0)
(-2.97e-06 -1.02337e-05 0)
(-8.53252e-07 -8.09622e-06 0)
(1.9721e-06 -3.71005e-06 0)
(1.4241e-06 3.34026e-06 0)
(1.01292e-06 2.13323e-06 0)
(-1.27964e-05 2.9852e-05 0)
)
;

boundaryField
{
    inlet
    {
        type            calculated;
        value           uniform (0 0.1 0);
    }
    outlet
    {
        type            calculated;
        value           nonuniform List<vector> 
25
(
(1.15846e-05 -1.77433e-05 0)
(7.38619e-06 -2.39673e-05 0)
(5.95479e-06 1.08977e-05 0)
(3.18599e-06 3.28676e-05 0)
(-1.0163e-06 3.46439e-05 0)
(-2.93443e-06 2.74472e-05 0)
(-3.9724e-06 2.29618e-05 0)
(-5.80314e-06 2.86029e-05 0)
(-7.84931e-06 1.9774e-05 0)
(-7.81728e-06 -1.71467e-06 0)
(-4.5826e-06 -1.42166e-05 0)
(0 -1.68327e-05 0)
(0 -1.28895e-05 0)
(0 -1.11012e-05 0)
(0 -1.02773e-05 0)
(0 -7.30266e-06 0)
(0 -5.9125e-06 0)
(0 -6.58507e-06 0)
(0 -1.04483e-05 0)
(-2.97e-06 -1.02337e-05 0)
(-8.53252e-07 -8.09622e-06 0)
(1.9721e-06 -3.71005e-06 0)
(1.4241e-06 3.34026e-06 0)
(1.01292e-06 2.13323e-06 0)
(-1.27964e-05 2.9852e-05 0)
)
;
    }
    walls
    {
        type            calculated;
        value           uniform (0 0 0);
    }
    defaultFaces
    {
        type            empty;
    }
}


// ************************************************************************* //
