/*--------------------------------*- C++ -*----------------------------------*\
| =========                 |                                                 |
| \\      /  F ield         | OpenFOAM: The Open Source CFD Toolbox           |
|  \\    /   O peration     | Version:  2.3.0                                 |
|   \\  /    A nd           | Web:      www.OpenFOAM.org                      |
|    \\/     M anipulation  |                                                 |
\*---------------------------------------------------------------------------*/
FoamFile
{
    version     2.0;
    format      ascii;
    class       volScalarField;
    location    "0.16";
    object      rho;
}
// * * * * * * * * * * * * * * * * * * * * * * * * * * * * * * * * * * * * * //

dimensions      [1 -3 0 0 0 0 0];

internalField   nonuniform List<scalar> 
6000
(
1077.82
1078.04
1078.87
1078.79
1079.25
1079.17
1079.46
1079.72
1079.67
1079.82
1080.24
1079.62
1080.28
1080.23
1080.35
1080.36
1080.41
1079.88
1080.04
1080.01
1080.06
1080
1079.6
1079.69
1079.57
1079.13
1079.01
1078.83
1078.29
1078.3
1078.03
1079
1078.53
1079.36
1079.33
1079.69
1079.96
1079.89
1080.02
1080.4
1080.08
1080.42
1080.37
1080.52
1080.76
1080.77
1080.54
1080.78
1080.03
1080.5
1080.1
1080.43
1080.24
1079.86
1079.9
1079.73
1079.24
1079.07
1078.99
1078.29
1053.58
1078.63
1079.46
1079.44
1079.85
1080.23
1080.18
1080.35
1080.77
1080.77
1080.69
1081.71
1080.55
1081.43
1080.95
1081.1
1081.29
1081.4
1081.61
1080.23
1081.66
1080.41
1080.87
1080.58
1080.08
1080.06
1079.85
1079.34
1079.19
1052.43
757.829
905.393
887.317
899.05
912.877
937.517
980.788
1041.16
1081.11
1080.67
1082.06
1080.54
1081.94
1081.3
1081.6
1081.56
1081.4
1081.41
1081.74
1081.51
1080.94
1081.42
1041.38
981.173
938.058
913.485
899.028
887.652
904.487
756.661
580.418
619.564
615.926
621.792
624.189
639.203
678.683
764.927
854.532
926.123
954.579
964.91
967.286
969.132
969.549
969.723
969.242
968.307
964.555
956.695
926.22
855.651
765.746
680.405
638.403
625.169
621.086
615.774
618.574
579.874
580.409
580.223
580.606
580.011
580.804
578.12
581.001
579.412
609.059
651.967
678.756
687.368
690.625
691.947
692.852
692.767
692.499
690.923
687.999
679.076
653.111
608.641
580.475
577.534
580.274
578.401
580.074
579.471
579.873
579.683
580.421
584.959
592.069
581.871
580.007
581.001
578.158
581.197
579.027
581.394
580.158
581.59
580.516
581.483
580.274
581.282
580.067
581.08
579.872
580.879
579.154
580.677
577.781
580.475
578.214
580.274
580.358
589.642
582.845
579.873
594.343
633.64
657.677
644.043
604.45
580.104
581.197
578.483
581.394
579.599
581.59
580.264
581.683
580.251
581.482
580.047
581.281
579.789
581.08
579.355
580.879
578.456
580.677
577.781
580.475
604.08
642.512
654.558
631.21
595.572
710.669
725.059
744.055
738.649
678.244
590.296
578.711
581.394
579.256
581.59
580.14
581.786
580.581
581.683
580.456
581.482
580.22
581.281
579.933
581.08
579.175
580.878
577.895
580.677
588.574
677.95
738.367
743.116
724.929
716.741
878.899
840.622
831.354
829.621
762.382
625.792
581.394
578.961
581.59
580.046
581.786
580.866
581.883
580.887
581.683
580.718
581.482
580.436
581.281
579.847
581.08
578.977
580.878
578.846
622.355
759.888
830.44
833.592
842.025
890.319
1030.5
969.205
920.617
908.67
825.262
661.77
580.349
581.59
580.071
581.786
580.833
581.981
581.398
581.883
581.283
581.683
581.053
581.482
580.725
581.281
579.857
581.08
578.996
580.878
656.178
819.164
905.887
919.383
966.736
1048.9
1147.92
1095.55
1001.53
970.456
863.971
686.828
581.59
580.418
581.786
581.022
581.981
581.844
582.083
581.817
581.883
581.631
581.683
581.389
581.482
580.784
581.281
580.103
581.08
580.534
682.242
856.426
960.793
988.873
1079.75
1171.57
1224.94
1181.64
1062.3
1015.67
893.239
712.727
592.135
581.785
581.487
581.981
581.891
586.391
591.429
594.872
596.54
596.543
594.857
591.309
586.086
581.482
581.078
581.281
580.717
592.072
711.697
889.544
1004.28
1039.86
1165.84
1249.34
1262.56
1213.39
1112.32
1052.3
927.382
751.057
630.289
587.448
583.172
588.078
598.073
612.095
623.201
630.251
633.495
633.545
630.438
623.402
612.219
598.027
587.936
583.06
587.763
631.82
755.351
931.173
1048.14
1090
1238.11
1279.41
1281.01
1214.87
1154.41
1081.49
972.419
807.336
686.618
623.861
610.622
619.48
636.605
653.928
666.958
675.132
678.875
678.918
675.287
667.193
654.207
636.924
619.916
611.385
625.523
690.785
817.219
985.75
1089.92
1144.95
1273.57
1279.42
1285.29
1186.43
1178.82
1108.16
1026.23
878.29
753.945
686.126
664.41
669.702
684.363
699.849
712.323
720.586
724.52
724.555
720.696
712.528
700.165
684.831
670.499
665.755
688.907
760.78
893.39
1047.54
1122.76
1191.28
1251.47
1279.42
1285.29
1180.17
1179.63
1136.37
1078.27
957.456
832.34
758.501
728.993
726.223
735.135
747.598
759.051
767.188
771.245
771.288
767.31
759.285
747.987
735.753
727.243
730.709
762.161
841.421
975.875
1098.15
1143.24
1212.44
1178.47
1268.08
1285.3
1182.27
1179.13
1166.86
1122.53
1035.42
919.585
837.164
798.369
787.256
790.499
799.789
809.757
817.4
821.39
821.446
817.561
810.063
800.272
791.302
788.468
800.428
841.432
929.702
1050.89
1126.06
1162.55
1212.45
1136.22
1191.66
1285.32
1208.41
1181.55
1192.14
1161.08
1102.22
1007.54
922.21
873.77
854.706
852.236
857.743
865.405
871.864
875.434
875.489
872.068
865.798
858.361
853.189
856.118
876.072
926.668
1016.41
1106.52
1143.22
1185.77
1207.01
1136.26
1223.24
1176.78
1245.16
1209.28
1208.58
1188.68
1150.94
1083.85
1007.71
953.803
927.366
918.986
919.831
924.222
928.756
931.492
931.523
929.008
924.674
920.529
920.063
928.939
956.133
1011.87
1088.79
1141.2
1162.23
1203.03
1178.32
1154.89
1242.93
1090.73
1259.26
1260.41
1239.86
1210.2
1182.1
1138.9
1081.5
1030.82
999.685
985.743
981.737
982.283
984.306
985.861
985.882
984.589
982.782
982.531
986.94
1001.3
1032.97
1084.49
1137.45
1162.2
1186.95
1213.59
1182.8
1206.07
1223.94
1090.79
1246.45
1264.63
1264.07
1227.35
1199.38
1174.03
1134.24
1094.05
1063.36
1045.8
1037.83
1035.02
1034.56
1034.82
1034.86
1034.89
1035.66
1038.74
1046.92
1064.75
1095.44
1133.88
1163.9
1178.24
1213.97
1234.89
1231.28
1231.07
1130.58
1090.87
1220.95
1264.55
1264.63
1230.26
1196.43
1190.2
1164.86
1136.63
1111.24
1093.39
1083.45
1078.6
1076.38
1075.66
1075.71
1076.69
1079.2
1084.21
1094.22
1112.17
1136.6
1160.51
1178.52
1192
1243.05
1259.63
1265.06
1229.9
1102.44
1090.94
1173.97
1264.63
1264.55
1239.92
1189.53
1189.39
1177.72
1159.35
1141.4
1126.42
1116.51
1110.81
1107.82
1106.62
1106.65
1108.01
1111.15
1116.88
1127.03
1142.01
1158.84
1173.76
1187.96
1200.98
1259.71
1264.92
1264.87
1225.65
1102.51
1106.61
1144.22
1165.61
1243.69
1246.39
1190.15
1182.59
1180.31
1168.84
1157.54
1146.7
1138.14
1132.59
1129.53
1128.25
1128.25
1129.63
1132.77
1138.52
1147.38
1157.99
1168.77
1179.21
1188.78
1204.96
1264.2
1264.87
1265.42
1237.18
1102.57
1158.88
1144.47
1144.73
1179.57
1246.48
1201.14
1178.89
1179.77
1171.67
1164.7
1158.19
1152.07
1147.48
1144.71
1143.52
1143.52
1144.8
1147.66
1152.53
1158.74
1165.31
1172.25
1180.34
1186.64
1211.21
1264.87
1265.42
1264.87
1196.87
1102.63
1214.13
1159.75
1144.98
1149.48
1246.38
1219.52
1178.87
1178.29
1172.38
1167.68
1164.13
1160.67
1157.68
1155.62
1154.66
1154.65
1155.67
1157.78
1160.85
1164.39
1168.32
1173.28
1180.27
1183.88
1223.97
1264.97
1252.91
1248
1132.88
1107.51
1257.82
1198.53
1145.25
1145.5
1231.6
1224.21
1183.38
1177.39
1173.61
1169.78
1167.35
1165.37
1163.72
1162.49
1161.86
1161.86
1162.47
1163.68
1165.35
1167.45
1170.1
1174.15
1180.03
1185.49
1236.96
1264.86
1164.82
1121.51
1117.51
1114.38
1290.39
1224.05
1147.97
1145.77
1193.48
1223.7
1192.54
1178.67
1176.1
1172.63
1170.3
1168.73
1167.61
1166.81
1166.39
1166.37
1166.74
1167.48
1168.58
1170.16
1172.47
1176.1
1180.63
1192.18
1236.96
1227.24
1121.56
1121.57
1123.97
1124.89
1297.23
1227.72
1177.51
1146.02
1174.65
1212.91
1198.23
1182.69
1179.67
1176.77
1174.22
1172.59
1171.55
1170.89
1170.56
1170.52
1170.76
1171.34
1172.31
1173.87
1176.32
1179.47
1183.38
1199.92
1230.85
1172.03
1121.64
1126.15
1135.46
1151.04
1297.23
1206.45
1216.78
1151.52
1167.68
1195.2
1198.18
1187.78
1183.45
1181.26
1178.98
1177.33
1176.33
1175.74
1175.47
1175.4
1175.57
1176.07
1176.99
1178.51
1180.72
1183.09
1187.73
1201.75
1208.31
1164.79
1131.98
1152.96
1149.96
1197.38
1297.45
1164.1
1222.89
1172.41
1167.67
1184.84
1196.13
1190.45
1186.29
1184.4
1182.87
1181.61
1180.89
1180.49
1180.31
1180.27
1180.34
1180.66
1181.34
1182.44
1183.83
1185.93
1190.73
1198.53
1186.76
1166.17
1150.13
1187.48
1182.47
1245.95
1297.59
1117.3
1222.91
1206.38
1172.24
1181.99
1191.08
1190.54
1187.47
1185.59
1184.62
1183.89
1183.48
1183.31
1183.25
1183.26
1183.26
1183.42
1183.86
1184.48
1185.28
1187.59
1190.68
1190.82
1178.16
1168.65
1170.04
1206.97
1225.32
1287.76
1098.09
1075.5
1188.54
1223.99
1191.72
1183.5
1185.98
1189.73
1187.4
1185.65
1184.92
1184.48
1184.15
1184.02
1184.03
1184.07
1184.13
1184.34
1184.68
1185.07
1185.74
1187.89
1189.73
1184.01
1177.24
1173.38
1192.29
1208.05
1254.81
1301.76
986.594
1066.01
1135.46
1223.99
1223.95
1190.74
1182.25
1186.58
1186.4
1185.37
1184.81
1184.52
1184.22
1184.04
1184.09
1184.13
1184.25
1184.51
1184.78
1185.05
1185.65
1187.23
1185.76
1181.03
1177.81
1182.34
1212.04
1209.15
1269.34
1301.76
966.173
1044.18
1135.86
1215.69
1269.53
1230.98
1182.19
1183.15
1184.23
1184.3
1184.26
1184.34
1184.21
1184.05
1184.1
1184.17
1184.27
1184.49
1184.61
1184.63
1184.93
1185.24
1181.57
1179.89
1179.61
1191.9
1220.42
1217.23
1277.52
1301.82
966.466
979.914
1126.76
1223.04
1301.02
1278.5
1191.73
1182.19
1182.13
1182.98
1183.31
1183.77
1184.09
1184.09
1184.14
1184.19
1184.23
1184.24
1183.95
1183.61
1183.52
1182.75
1179.22
1179.04
1181.72
1195.97
1221.75
1240.52
1255.53
1301.99
966.765
967.058
1150.12
1265.7
1301.07
1282.29
1207.33
1182.62
1182.27
1182.18
1182.29
1183.03
1183.71
1184.05
1184.1
1184.14
1184.19
1183.64
1183.02
1182.47
1182.11
1180.75
1178.23
1178.27
1183.17
1192.43
1226.66
1266.02
1225.08
1143.02
967.057
1013.22
1237.77
1300.26
1298.96
1270.25
1220.78
1181.73
1182.21
1181.51
1181.8
1182.43
1183.12
1183.77
1183.78
1183.66
1183.68
1182.93
1182.26
1181.69
1181.12
1179.37
1177.62
1178.3
1182.13
1184.34
1231.17
1273.67
1246.93
1124.9
980.204
1149.09
1300.11
1300.07
1281.06
1253.53
1219.35
1180.22
1181.48
1180.87
1181.55
1181.94
1182.48
1182.96
1182.93
1182.73
1182.72
1182.28
1181.71
1181.14
1180.36
1178.45
1177.4
1178.27
1178.4
1180.34
1228.51
1274.13
1262.62
1124.9
1053.71
1235.21
1300.07
1297.24
1232.26
1250.64
1210.38
1179.99
1179.67
1180.17
1180.95
1181.33
1181.75
1181.92
1181.91
1181.77
1181.73
1181.6
1181.12
1180.52
1179.57
1177.86
1177.44
1178.2
1174.73
1185.99
1234.37
1273.67
1223.44
1158.43
1144.89
1166.48
1289.87
1174.07
1179.47
1245.25
1196.69
1179.19
1177.79
1179.13
1179.93
1180.48
1180.86
1180.9
1180.97
1180.93
1180.83
1180.79
1180.35
1179.68
1178.63
1177.31
1177.29
1177.97
1174.72
1202.28
1245.96
1274.14
1178.58
1218.08
1198.34
1136.61
1143
1138.65
1157.48
1237.05
1186.32
1177.31
1176.52
1177.91
1178.77
1179.42
1179.8
1179.93
1180.1
1180.12
1179.94
1179.82
1179.38
1178.66
1177.61
1176.72
1176.92
1177.92
1177.18
1213.66
1229.02
1192.87
1178.48
1261.82
1215.69
1139.26
1138.4
1139.26
1156.34
1226.95
1185.4
1175.33
1175.83
1176.9
1177.77
1178.45
1178.89
1179.22
1179.48
1179.52
1179.24
1178.9
1178.41
1177.66
1176.7
1176.14
1176.57
1178.03
1180.76
1210.56
1182.13
1157.67
1188.88
1287.72
1233.72
1136.62
1139.26
1138.94
1156.3
1211.93
1186.07
1175.29
1175.6
1176.42
1177.25
1177.99
1178.56
1179.07
1179.39
1179.42
1179.05
1178.5
1177.87
1177.06
1176.18
1175.84
1176.41
1178.15
1180.8
1194.69
1157.92
1158.09
1210.29
1289.25
1260.74
1139.26
1139.22
1139.26
1155.68
1192.05
1186.07
1175.45
1175.8
1176.55
1177.37
1178.16
1178.78
1179.3
1179.57
1179.6
1179.27
1178.69
1178.01
1177.11
1176.18
1175.81
1176.45
1177.94
1177.68
1173.25
1158.09
1157.96
1218.69
1289.26
1287.5
1191.67
1139.52
1139.07
1153.51
1174.02
1184.62
1176.64
1176.6
1177.34
1178.23
1178.92
1179.4
1179.72
1179.75
1179.78
1179.72
1179.32
1178.78
1177.88
1176.81
1176.17
1176.68
1176.96
1172.59
1163.38
1157.95
1158.83
1219.14
1289.29
1304.64
1251.85
1157.58
1139.26
1150.17
1163.83
1180.78
1177.99
1177.66
1178.61
1179.4
1179.67
1179.73
1179.75
1179.79
1179.83
1179.78
1179.75
1179.64
1179.17
1178.22
1177.21
1176.93
1175.24
1169.61
1163.31
1158.09
1167.58
1201.36
1289.47
1314.42
1265.18
1197.99
1139.18
1146.54
1159.18
1175.64
1177.96
1178.26
1179.48
1179.69
1179.73
1179.75
1179.79
1179.83
1179.84
1179.83
1179.79
1179.75
1179.71
1179.44
1178.22
1176.98
1173.48
1169.02
1164.32
1158.05
1184.52
1169.81
1228.99
1326.12
1272.57
1226.29
1141.45
1143.63
1156.97
1171.32
1176.94
1178.25
1179.7
1179.74
1179.75
1179.79
1179.84
1179.88
1179.88
1179.84
1179.83
1179.79
1179.76
1179.71
1178.58
1176.86
1172.27
1168.95
1165.87
1160.28
1196.47
1150.07
1191.85
1338.76
1300.52
1232.62
1155.5
1143.65
1156.35
1169.01
1175.2
1177.82
1179.61
1179.75
1179.79
1179.85
1179.88
1179.88
1179.91
1179.88
1179.84
1179.83
1179.79
1179.76
1178.5
1176.29
1171.57
1168.95
1167.8
1166.4
1196.69
1149.98
1162.59
1345.56
1319.52
1226.37
1178.31
1144.25
1156.54
1168.17
1173.9
1176.89
1178.99
1179.79
1179.85
1179.89
1179.88
1179.91
1179.97
1179.91
1179.88
1179.84
1179.84
1179.79
1177.95
1175.24
1171.18
1169.13
1169.46
1172.51
1196.47
1156.35
1152.73
1347.06
1302.02
1185.53
1187.41
1152.58
1157.91
1168.06
1173.25
1176.01
1177.98
1179.86
1179.89
1179.88
1179.92
1179.98
1179.97
1179.97
1179.91
1179.89
1179.84
1179.2
1176.95
1174.25
1171.04
1169.43
1169.76
1178.61
1197.21
1163.84
1152.72
1347.28
1266.26
1141.71
1187.26
1170.13
1160.74
1168.33
1172.97
1175.46
1177.15
1179.91
1179.88
1179.92
1179.98
1180.03
1179.99
1179.97
1179.97
1179.91
1179.89
1177.81
1176.06
1173.75
1171.06
1169.42
1169.99
1187.02
1196.47
1158.67
1152.73
1347.36
1242.6
1142.46
1187.72
1184.88
1164.85
1169.03
1172.93
1175.25
1176.78
1179.33
1179.92
1179.98
1180.03
1180
1180.04
1180
1179.97
1179.98
1179.91
1177.08
1175.59
1173.56
1171.14
1169.12
1171.82
1193.92
1197.21
1148.65
1164.32
1347.52
1224.95
1141.43
1187.26
1187.36
1170.32
1170.23
1173.13
1175.25
1176.69
1177.87
1179.98
1180.03
1180
1180.04
1180.1
1180.04
1180
1179.96
1179.37
1176.77
1175.42
1173.51
1171.25
1169.09
1174.8
1188.32
1195.39
1148.64
1185.38
1347.56
1202.91
1142.46
1168.3
1187.26
1175.34
1171.91
1173.85
1175.49
1176.74
1177.65
1180.04
1180
1180.04
1180.11
1180.07
1180.11
1180.04
1180
1177.76
1176.67
1175.41
1173.59
1171.4
1169.33
1174.75
1164.44
1142.36
1158.44
1212.45
1277.04
1195.82
1141.77
1142.46
1177.99
1176.05
1173.84
1174.95
1176.09
1177
1177.67
1179.97
1180.04
1180.11
1180.15
1180.11
1180.07
1180.11
1180.04
1177.53
1176.73
1175.58
1173.96
1171.83
1170.82
1174.63
1142.36
1141.88
1185.83
1231.49
1232.69
1203.15
1142.46
1142.08
1163.07
1175.99
1175.33
1175.9
1176.8
1177.41
1177.79
1178.52
1180.11
1180.15
1180.12
1180.16
1180.11
1180.07
1179.34
1177.61
1177
1176.05
1174.64
1172.8
1173.41
1171.83
1141.91
1142.36
1203.01
1231.53
1224.65
1184.99
1144.54
1142.46
1152.39
1175.81
1175.67
1176.27
1177.22
1177.74
1178.01
1178.25
1180.16
1180.12
1180.16
1180.23
1180.16
1180.11
1178.3
1177.87
1177.45
1176.69
1175.52
1174.08
1174.87
1167.08
1142.36
1142.19
1187.02
1231.58
1162.41
1144.61
1165.33
1142.23
1149.46
1173.19
1175.2
1176.22
1177.25
1177.85
1178.16
1178.32
1180.12
1180.16
1180.22
1180.19
1180.23
1180.16
1178.37
1178.2
1177.89
1177.3
1176.35
1175.11
1174.95
1161.08
1142.05
1145.79
1144.05
1231.58
1090.72
1104.85
1189.22
1142.46
1149.12
1167.29
1174.07
1176.01
1177.18
1177.83
1178.19
1178.4
1179.01
1180.22
1180.27
1180.23
1180.19
1179.73
1178.58
1178.44
1178.19
1177.7
1176.78
1175.53
1173.88
1155.87
1142.36
1162.73
1101.91
1122.44
1086.82
1087.51
1189.16
1143.93
1149.28
1164.73
1172.93
1175.68
1177.06
1177.8
1178.2
1178.49
1178.74
1180.26
1180.24
1180.27
1180.23
1178.95
1178.73
1178.57
1178.33
1177.81
1176.8
1175.38
1171.21
1153.42
1142.31
1180.16
1079.57
1076.04
1086.82
1088.08
1190.08
1151.22
1151.63
1164.5
1172.25
1175.38
1176.93
1177.78
1178.23
1178.57
1178.8
1180.24
1180.28
1180.34
1180.27
1178.99
1178.82
1178.62
1178.32
1177.76
1176.67
1174.78
1168.41
1153.03
1142.36
1179.97
1076.61
1076.04
1114.76
1093.52
1189.16
1161.64
1157.72
1165.24
1172.08
1175.25
1176.88
1177.8
1178.3
1178.62
1178.91
1179.47
1180.33
1180.31
1180.14
1179.07
1178.86
1178.61
1178.28
1177.63
1176.38
1173.92
1166.71
1153.51
1144.02
1181.1
1081.99
1106.19
1158.4
1106.6
1190.76
1168.35
1165.53
1167.66
1172.28
1175.31
1176.96
1177.91
1178.41
1178.76
1179.04
1179.33
1180.36
1180.35
1179.48
1179.12
1178.87
1178.58
1178.2
1177.46
1176.05
1173.2
1166.03
1155.94
1148.23
1179.97
1097.36
1153.13
1181.52
1124.38
1189.16
1171.11
1171.22
1170.76
1173.09
1175.68
1177.22
1178.11
1178.56
1178.94
1179.25
1179.52
1180.36
1180.39
1179.52
1179.18
1178.91
1178.57
1178.15
1177.32
1175.79
1172.8
1166.23
1160.28
1153.23
1181.24
1120.53
1179.81
1186.85
1141.13
1190.85
1173.17
1173.83
1172.83
1174.29
1176.32
1177.62
1178.38
1178.82
1179.14
1179.5
1179.63
1180.39
1180.44
1179.55
1179.35
1179
1178.62
1178.14
1177.27
1175.73
1172.78
1167.49
1164.54
1157.89
1179.97
1135.19
1188.1
1179.44
1150.01
1189.16
1175.53
1175.94
1173.8
1175.37
1177.09
1178.19
1178.82
1179.22
1179.55
1179.76
1179.92
1180.44
1180.43
1179.76
1179.62
1179.24
1178.81
1178.3
1177.43
1175.94
1173.18
1169.65
1168.42
1164.1
1181.14
1134.7
1182.36
1167.28
1155.25
1190.83
1175.17
1178.97
1174.72
1176.54
1178.18
1179.17
1179.68
1179.96
1180.22
1180.32
1180.37
1180.46
1180.46
1180.19
1180.01
1179.85
1179.46
1178.98
1178.2
1176.82
1174.39
1172.17
1173.91
1172.83
1179.97
1135.32
1165.7
1161.8
1158.18
1140.36
1163.53
1180.83
1176.6
1178.24
1179.61
1180.37
1180.63
1180.75
1180.81
1180.88
1180.79
1180.76
1180.65
1180.67
1180.55
1180.59
1180.43
1180.15
1179.65
1178.49
1176.54
1175.12
1180.05
1179.8
1181.09
1134.08
1151.85
1171.28
1151.99
1120.04
1132.59
1180.84
1179.29
1180.02
1180.71
1180.93
1180.96
1180.98
1181
1181.02
1181.04
1181.06
1181.02
1181.02
1180.96
1180.97
1180.95
1180.93
1180.8
1180.2
1179.04
1178.3
1180.87
1174.78
1179.97
1135.44
1148.9
1209.02
1137.85
1120.01
1120.04
1180.86
1180.89
1180.87
1180.93
1180.96
1180.98
1181
1181.02
1181.05
1181.06
1181.09
1181.06
1181.04
1181.03
1181
1180.98
1180.96
1180.94
1180.93
1180.61
1180.56
1180.87
1147.01
1181.2
1134.32
1176.52
1247.63
1137.15
1136.84
1120.01
1173.76
1180.92
1180.94
1180.96
1180.98
1181.01
1181.02
1181.05
1181.06
1181.09
1181.11
1181.1
1181.06
1181.04
1181.03
1181.01
1180.99
1180.96
1180.96
1180.93
1180.91
1180.91
1130.61
1179.97
1135.54
1227.56
1258.96
1143.45
1171.7
1120.04
1153.45
1180.94
1180.96
1180.98
1181
1181.02
1181.04
1181.06
1181.1
1181.11
1181.12
1181.11
1181.1
1181.06
1181.04
1181.04
1181.02
1180.99
1180.98
1180.96
1180.96
1173.09
1130.52
1180.64
1135.24
1256.97
1258.96
1168.72
1192.48
1122.86
1140.5
1180.15
1180.98
1181.01
1181.02
1181.04
1181.06
1181.1
1181.11
1181.12
1181.15
1181.12
1181.12
1181.1
1181.06
1181.04
1181.04
1181.03
1180.99
1181
1180.96
1150.4
1130.6
1172.37
1148.48
1256.97
1258.96
1199.36
1209.35
1141.14
1140.56
1171.39
1181.03
1181.02
1181.04
1181.06
1181.1
1181.11
1181.12
1181.15
1181.19
1181.15
1181.12
1181.12
1181.1
1181.07
1181.04
1181.04
1181.03
1180.99
1178.81
1143.74
1134.66
1183.24
1196.37
1256.97
1191.69
1209.44
1240.81
1170.56
1144.23
1162.81
1181.03
1181.04
1181.06
1181.1
1181.11
1181.12
1181.15
1181.19
1181.19
1181.2
1181.15
1181.12
1181.12
1181.11
1181.07
1181.04
1181.04
1181.08
1164.13
1145.56
1157.37
1221.05
1230.69
1237.01
1087.36
1180.3
1264.13
1202.22
1157.29
1161.12
1179.97
1181.06
1181.11
1181.11
1181.12
1181.15
1181.2
1181.19
1181.21
1181.19
1181.2
1181.15
1181.12
1181.12
1181.12
1181.07
1181.07
1181.04
1159.58
1156.1
1193.05
1260.72
1208.41
1116.51
1089.69
1132.69
1263.96
1232.91
1178.39
1161.17
1177.63
1180.88
1181.06
1181.11
1181.11
1181.14
1180.83
1181.21
1181.24
1181.21
1181.19
1181.01
1181.12
1181.12
1181.09
1181.12
1181.07
1180.76
1159.63
1178.73
1231.65
1264.32
1153.82
1087.95
1126.77
1100.6
1264.5
1257.44
1200.44
1162.81
1175.8
1179.07
1181.06
1181.06
1181.13
1181.11
1180.58
1181.06
1181.27
1181.24
1181.08
1180.65
1181.13
1181.15
1181.12
1181.09
1180.4
1175.82
1161.76
1204.2
1259.75
1264.36
1107.39
1119.16
1159.66
1083.03
1263.97
1264.11
1218.48
1168.29
1174.35
1178
1180.25
1181.03
1181.06
1180.77
1180.59
1180.63
1181.27
1181.28
1180.61
1180.64
1181.1
1181.17
1181.15
1180.97
1178.37
1173.71
1168.82
1224.74
1264.36
1264.33
1080.1
1154.47
1168.34
1074.03
1237.97
1263.97
1237.65
1177.46
1174.36
1177.75
1179.29
1180.43
1181
1180.79
1180.96
1180.61
1181.3
1181.27
1180.59
1180.98
1180.99
1181.19
1180.8
1179.62
1177.74
1173.78
1179.33
1244.26
1264.33
1232.69
1069.06
1165.07
1132
1070.83
1110.49
1264.12
1255.82
1190.41
1177.09
1179.84
1180.95
1181.56
1181.93
1182.02
1182.12
1181
1181.33
1181.25
1181
1182.09
1182.07
1181.98
1181.54
1180.89
1179.72
1177.28
1192.81
1260.39
1264.36
1098.46
1066.32
1128.72
1058.79
1064.67
1020.46
1241.09
1255.8
1204.56
1184.77
1185.09
1185.31
1184.89
1184.53
1184.26
1183.85
1182.39
1181.74
1181.71
1182.49
1183.78
1184.19
1184.47
1184.65
1185.03
1184.98
1185.4
1206.81
1260.32
1231.74
1012.53
1061.94
1056.46
1010.85
1028.42
996.051
1124.47
1250.42
1212.68
1192.73
1189.82
1188.95
1187.88
1186.86
1186.01
1185.32
1184.16
1182.78
1182.81
1184.31
1185.27
1185.89
1186.74
1187.74
1188.87
1189.85
1193.32
1214.02
1247.8
1110.11
994.478
1030.02
1009.53
992.95
986.196
992.974
1036.77
1203.48
1210.51
1196.37
1191.74
1190.34
1189.18
1187.98
1186.94
1186.17
1185.25
1183.77
1183.83
1185.41
1186.2
1186.87
1187.9
1189.17
1190.37
1191.81
1196.77
1210.99
1198.91
1030.96
992.133
985.941
992.259
987.683
987.838
993.723
1014.71
1162.91
1197.77
1195.08
1190.85
1189.29
1188.22
1187.2
1186.47
1185.9
1185.22
1184.01
1184.09
1185.38
1185.96
1186.46
1187.22
1188.28
1189.34
1190.89
1195.28
1196.94
1160.58
1014.34
993.04
987.532
987.377
987.675
986.041
995.128
1016.17
1149.94
1179.12
1188.56
1186.2
1184.73
1183.99
1183.51
1183.54
1183.54
1183.5
1182.86
1182.94
1183.61
1183.63
1183.62
1183.68
1184.15
1184.78
1186.16
1188.44
1177.95
1149.51
1016.22
994.746
985.777
987.368
987.725
987.838
999.704
1027.53
1149.64
1167.53
1179.48
1179.37
1178.81
1178.57
1178.61
1178.94
1179.12
1179.5
1179.57
1179.62
1179.52
1179.21
1179.04
1178.77
1178.71
1178.84
1179.32
1179.32
1166.99
1149.6
1027.88
999.778
987.532
987.421
988.49
986.479
1008.92
1053.46
1153.77
1165.29
1174.08
1175.03
1175.39
1175.57
1175.78
1175.82
1175.74
1176.01
1176.35
1176.37
1175.99
1175.76
1175.86
1175.79
1175.62
1175.41
1175.06
1174.11
1165.24
1154.16
1053.96
1009.53
986.215
988.367
1002.09
988.006
1021.16
1083.76
1161.2
1166.6
1173.37
1174.57
1174.97
1175.16
1175.17
1174.97
1174.98
1175.18
1175.34
1175.36
1175.17
1174.94
1174.95
1175.1
1175.13
1174.97
1174.63
1173.48
1166.7
1161.54
1084.81
1022.65
987.694
1002.01
1029.91
987.758
1043.48
1106.88
1165.74
1170.99
1174.26
1175.18
1175.38
1175.44
1175.35
1175.19
1175.2
1175.38
1175.43
1175.44
1175.36
1175.16
1175.16
1175.3
1175.4
1175.38
1175.22
1174.37
1171.22
1166.02
1108.93
1046.02
987.467
1029.55
1073.81
988.17
1082.15
1126.01
1168.13
1175.01
1175.46
1175.49
1175.49
1175.47
1175.47
1175.46
1175.47
1175.46
1175.48
1175.47
1175.46
1175.47
1175.46
1175.47
1175.47
1175.48
1175.49
1175.47
1175.17
1168.58
1128.49
1084.72
987.86
1073.22
1132.59
1006.9
1127.43
1145.78
1169.89
1175.18
1175.49
1175.51
1175.49
1175.5
1175.47
1175.49
1175.46
1175.49
1175.47
1175.48
1175.49
1175.46
1175.49
1175.47
1175.5
1175.49
1175.5
1175.49
1175.19
1170.35
1147.46
1128.4
1006.82
1132.08
1186.64
1045.66
1156.69
1160.63
1171.41
1173.94
1175.51
1175.5
1175.52
1175.49
1175.52
1175.47
1175.51
1175.46
1175.35
1175.29
1175.46
1175.5
1175.47
1175.51
1175.49
1175.52
1175.5
1175.5
1173.8
1171.74
1160.87
1156.27
1045.55
1186.23
1216.35
1087.54
1165.03
1165.24
1173.31
1173.28
1175.5
1175.52
1175.5
1175.52
1175.48
1175.52
1175.47
1175.2
1174.55
1174.52
1175.04
1175.47
1175.51
1175.49
1175.52
1175.5
1175.53
1175.5
1173.31
1173.54
1164.67
1164.42
1087.13
1215.9
1226.45
1131.32
1168.38
1165.26
1176.71
1173.28
1175.07
1175.51
1175.52
1175.5
1175.34
1175.14
1174.46
1173.77
1173.83
1173.81
1173.72
1174.29
1174.86
1175.24
1175.39
1175.53
1175.5
1175.01
1173.3
1176.81
1164.53
1167.89
1130.64
1225.95
1233.41
1176.85
1172.27
1161.89
1181.56
1174.04
1174.59
1175.52
1174.35
1173.84
1173.77
1173.75
1173.75
1173.75
1173.78
1173.75
1173.7
1173.7
1173.7
1173.71
1173.75
1174.27
1175.52
1174.49
1173.96
1181.51
1161.06
1171.84
1175.75
1232.77
1238.75
1216.11
1174.59
1151.29
1184.02
1178.25
1176.82
1176.62
1175.53
1174.93
1174.64
1174.6
1174.95
1175.52
1176.18
1176.17
1175.52
1174.93
1174.61
1174.67
1174.94
1175.54
1176.61
1176.78
1178.1
1184.05
1150.53
1174.07
1214.84
1238.02
1238.75
1235.68
1172.09
1140.25
1184.11
1183.11
1181.69
1180.93
1180.28
1179.56
1179.14
1179.1
1179.74
1180.55
1181.26
1181.27
1180.58
1179.75
1179.18
1179.24
1179.64
1180.34
1180.93
1181.72
1183.06
1184.02
1139.47
1171.29
1234.83
1238.02
1238.75
1238.44
1162.17
1137.64
1184.02
1184.03
1184.02
1183.97
1183.89
1183.68
1183.58
1183.64
1183.88
1184.02
1184.02
1184.03
1184.02
1183.89
1183.66
1183.62
1183.72
1183.91
1183.98
1184.02
1184.02
1184.17
1136.64
1161.1
1237.77
1238.02
1188.39
1238.46
1154.2
1137.67
1184.22
1184.02
1184.05
1184.02
1184.05
1184.02
1184.06
1184.02
1184.07
1184.02
1184.1
1184.02
1184.07
1184.02
1184.06
1184.02
1184.05
1184.02
1184.04
1184.02
1184.06
1184.02
1136.68
1153.5
1237.79
1182.46
1119.6
1235.49
1155.1
1138
1184.02
1184.2
1184.02
1184.17
1184.02
1184.22
1184.02
1184.24
1184.02
1184.24
1184.02
1184.24
1184.02
1184.24
1184.02
1184.22
1184.02
1184.18
1184.02
1184.17
1184.02
1184.23
1136.93
1154.92
1235.16
1108.76
1064.64
1221.98
1161.26
1138.88
1184.24
1184.02
1184.24
1184.02
1184.24
1184.02
1184.24
1184.02
1184.24
1184.02
1183.65
1183.49
1184.24
1184.02
1184.23
1184.02
1184.23
1184.02
1184.23
1184.02
1184.23
1184.02
1137.82
1162.33
1221.64
1050.85
1012.27
1198.88
1171.21
1138.64
1181.77
1169.92
1176.16
1174.99
1171.14
1167.6
1164.5
1163.04
1161.72
1159.93
1156.88
1156.93
1160.25
1163.3
1165.16
1166.86
1169.73
1173.22
1176.63
1177.82
1170.97
1183.03
1137.85
1173.38
1198.33
1000.35
980.462
1166.36
1177.99
1136.69
1152.12
1138.63
1142.78
1141.96
1139.33
1137.52
1136.33
1136.11
1136.1
1137.81
1140.38
1140.46
1138.09
1136.22
1136.27
1136.63
1138.15
1140.32
1143.12
1143.83
1138.84
1153.45
1136.08
1180.2
1164.08
976.102
974.296
1126.44
1178.04
1134.86
1133.79
1133.22
1133.24
1133.23
1133.23
1133.22
1133.23
1133.22
1134.8
1137.63
1140.95
1140.95
1137.84
1134.73
1132.42
1132.44
1132.43
1132.44
1132.45
1132.45
1132.42
1133.39
1134.09
1180.23
1119.22
977.898
976.829
1086.97
1176.98
1136.03
1133.22
1133.23
1133.23
1133.24
1133.42
1133.68
1134.7
1135.65
1137.28
1137.59
1138.89
1138.89
1137.94
1138.02
1135.24
1134.01
1132.89
1132.59
1132.44
1132.43
1132.44
1132.42
1135.14
1177.83
1074.48
985.294
975.214
1054.64
1166.38
1139.59
1135.37
1134.14
1133.91
1133.79
1135.21
1136.81
1138.85
1138.88
1137.61
1134.13
1134.68
1134.7
1135.03
1138.68
1139.67
1139.06
1136.74
1134.94
1133.45
1133.47
1133.59
1135
1138.79
1164.16
1035.47
989.69
955.357
1020.6
1150.24
1142.45
1139.31
1135.63
1133.8
1133.79
1137.37
1139.69
1139.7
1137.69
1133.73
1133.97
1133.63
1133.98
1133.68
1134.42
1139.57
1140.72
1140.7
1138.05
1134.14
1134.08
1135.6
1139.53
1141.33
1143.22
999.444
984.476
925.739
994.247
1134.98
1141.69
1138.77
1133.85
1133.83
1133.81
1134.05
1135.21
1134.86
1133.75
1133.93
1133.63
1133.97
1133.71
1133.98
1133.76
1133.98
1136.22
1136.6
1134.63
1134.14
1134.11
1134.14
1139.25
1141.05
1126.12
977.022
970.84
914.077
990.944
1126.84
1137.28
1134.96
1133.87
1133.85
1133.84
1133.85
1133.87
1133.77
1133.91
1133.69
1133.94
1133.69
1133.99
1133.78
1133.98
1133.89
1134.01
1134
1134.09
1134.12
1134.14
1134.17
1135.31
1137.34
1118.46
980.541
958.54
918.327
1007.82
1132.33
1138.37
1137.92
1135.02
1134.77
1134.47
1133.97
1133.87
1133.91
1133.78
1133.94
1133.83
1133.99
1133.86
1133.99
1133.89
1134.01
1134
1134.54
1135.41
1135.67
1135.53
1135.46
1138.04
1138.16
1126.14
1006.49
952.845
924.888
1054.07
1166.4
1165.55
1167.95
1164.23
1162.97
1161.82
1159.77
1156.92
1154.86
1153.61
1152.31
1152.46
1155.66
1156.81
1155.72
1155.2
1155.97
1158.22
1161.65
1164.6
1165.49
1165.05
1165.07
1168.06
1165.15
1162.82
1062.64
960.642
920.768
1105.43
1229.16
1221.71
1226.05
1224.02
1222.86
1221.52
1218.82
1214.97
1211.61
1209.09
1206.81
1207.01
1211.3
1213.07
1211.95
1211.56
1213.11
1216.79
1221.39
1225.06
1226.23
1225.63
1225.24
1226.53
1221.34
1229.24
1122.19
966.575
868.43
1111.45
1280.51
1273.82
1276.47
1275.37
1275.22
1275.07
1273.9
1271.85
1269.75
1267.92
1266.48
1266.63
1268.92
1270
1269.67
1269.61
1270.71
1273
1275.65
1277.52
1277.85
1277.03
1276.38
1276.93
1274.5
1283.83
1136.09
922.35
749.383
992.432
1288.3
1303.19
1300.16
1298.61
1298.44
1298.71
1298.69
1298.31
1297.85
1297.33
1296.98
1297.06
1297.61
1297.86
1297.91
1297.9
1298.22
1298.81
1299.48
1299.81
1299.63
1298.99
1298.8
1300.05
1303.48
1293.04
1023.44
790.693
616.954
698.238
1131.21
1305.03
1305.12
1305.09
1305.12
1305.1
1305.1
1305.08
1305.08
1305.07
1305.06
1305.09
1305.09
1305.06
1305.11
1305.11
1305.1
1305.11
1305.12
1305.11
1305.13
1305.1
1305.15
1305.09
1305.1
1132.61
712.582
626.123
517.812
474.563
706.883
1075.7
1253.47
1305.09
1305.08
1305.12
1305.1
1305.12
1305.11
1305.12
1305.11
1305.12
1305.12
1305.12
1305.12
1305.12
1305.11
1305.13
1305.11
1305.13
1305.1
1305.14
1305.07
1269.4
1074.65
696.103
458.672
502.089
460.239
370.74
439.985
642.381
866.315
1046.05
1187.4
1249.75
1274.46
1286.64
1297.7
1304.28
1305.09
1305.09
1305.1
1305.09
1305.1
1305.09
1303.23
1291.19
1281.13
1260.95
1237.6
1202.74
1094.64
896.079
631.596
421.965
348.56
437.286
427.311
313.599
352.988
441.87
542.904
657.897
797.79
908.091
965.978
1004.5
1045.92
1071.75
1107.46
1142.85
1149.82
1133.27
1149.59
1111.84
1057.17
1016.17
975.965
920.467
874.739
827.967
699.773
553.039
434.164
339.656
295.931
409.075
396.819
265.943
317.722
385.984
443.996
500.755
553.078
596.519
616.214
642.961
685.202
705.428
732.944
770.367
784.722
770.659
780.934
727.203
664.225
646.642
607.503
567.654
557.378
567.375
517.491
445.894
383.932
309.802
255.926
385.778
361.001
218.481
283.762
355.993
406.227
444.054
469.961
476.69
467.324
485.673
521.203
525.27
529.883
556.487
574.889
573.608
578.572
525.542
470.072
494.652
460.194
430.252
438.768
458.362
444.915
406.549
353.699
279.706
218.316
357.572
316.003
178.65
235.103
313.064
361.051
386.543
414.444
415.694
403.559
426.14
450.795
448.995
448.581
474.855
496.222
506.823
516.801
459.625
397.172
441.501
404.273
372.36
379.546
384.738
376.085
360.537
311.136
234.071
186.568
314.122
256.652
148.734
173.371
242.524
292.885
315.429
347.053
348.361
351.566
377.404
382.558
379.449
384.531
415.116
434.185
442.584
456.511
404.241
347.906
384.267
355.741
335.698
328.874
310.511
296.594
293.773
246.477
174.739
157.677
234.95
172.9
122.317
114.205
159.488
210.322
234.619
260.428
265.644
281.88
303.633
290.612
283.202
296.125
341.359
345.103
340.251
357.301
327.854
287.151
298.884
298.512
296.316
277.597
235.484
215.572
212.634
166.19
115.52
125.964
132.472
86.1469
92.7305
71.2605
91.732
132.011
155.088
167.975
181.377
197.036
205.687
183.861
175.127
187.341
241.625
237.406
216.853
235.591
228.575
210.794
202.499
223.096
238.463
213.714
169.605
145.557
131.658
93.5098
72.0072
91.4681
56.7331
33.4251
61.4239
45.1553
50.3308
74.2834
90.485
92.5704
106.452
117.991
115.445
97.8331
91.2135
100.231
141.465
139.864
118.825
133.271
133.164
130.446
118.142
138.592
158.952
140.128
110.796
89.1609
69.1376
47.0672
43.8609
58.8901
29.5066
16.0941
33.7538
27.1853
27.9304
39.0268
46.683
44.7863
52.2239
61.2819
57.5899
48.0259
43.133
49.5686
68.3125
69.2372
60.4957
65.536
65.4561
67.2266
61.1288
72.7745
84.7776
75.2488
61.3776
47.3468
32.3098
23.2554
25.471
34.5788
26.7587
10.9432
17.0811
15.0289
15.1353
19.4785
22.6902
20.9245
21.7941
26.4795
27.1595
24.1342
21.2134
22.6772
25.8755
29.3293
29.4235
29.2954
29.1235
30.3367
28.7569
31.9534
35.3679
32.8276
28.7289
22.6573
15.4994
12.2957
14.9422
21.4633
22.9151
7.91273
11.1146
9.4287
8.77582
10.3803
11.9348
10.3623
8.39338
9.48907
11.2324
11.6717
10.638
8.6925
6.90214
9.97992
12.7283
12.581
12.8944
12.6674
11.2108
11.0992
11.8032
12.0433
11.8451
10.6155
8.73053
7.98066
10.5521
15.108
15.2381
6.6968
8.9422
7.51831
6.24771
6.72772
7.16421
5.66533
3.41926
3.02862
3.97747
5.13585
4.94439
2.9612
1.59715
2.76444
4.53996
5.09225
5.41607
4.57134
3.32023
2.95198
3.26904
3.93827
4.66012
5.02671
5.37114
6.12506
8.45916
10.7236
8.75666
5.42878
7.02872
6.39115
5.1647
4.72727
4.36855
3.11298
1.69276
1.25519
1.43474
2.01969
1.84828
1.18133
1.15292
1.16276
1.30184
1.68955
1.60631
1.48048
1.2424
1.23588
1.45138
1.72604
2.16975
2.76835
3.46251
4.6692
6.3425
7.54725
5.0428
3.51336
4.83327
5.16825
4.21626
3.23308
2.511
1.63401
1.17736
1.17253
1.16985
1.16906
1.15964
1.15427
1.15482
1.1528
1.1551
1.15392
1.15781
1.15721
1.16138
1.16243
1.33615
1.66521
1.81632
2.17516
3.0021
3.77352
4.37339
5.2931
2.82895
2.52945
3.74709
3.91047
3.17403
2.1476
1.51082
1.24682
1.21547
1.2014
1.19933
1.19166
1.18699
1.16193
1.15474
1.15526
1.15348
1.15728
1.15603
1.16038
1.16088
1.16626
1.34384
1.72246
1.98294
2.23692
2.71409
2.91074
3.41891
4.14536
2.75635
2.49115
3.13552
3.08131
2.42548
1.60737
1.40508
1.39237
1.37243
1.31311
1.28251
1.24835
1.23055
1.20157
1.17083
1.15493
1.15697
1.15636
1.16116
1.15926
1.16415
1.1663
1.51907
1.79264
2.12745
2.32642
2.30611
2.51201
3.23284
3.28732
2.57131
2.41016
2.80855
2.66022
2.0264
1.60768
1.59905
1.80392
1.76195
1.56136
1.424
1.32421
1.29572
1.25378
1.20446
1.17709
1.19263
1.18013
1.19442
1.16522
1.1638
1.24809
1.69441
1.93712
2.0648
2.32742
2.30001
2.45324
2.81953
2.67521
2.28001
2.37776
2.59233
2.41081
1.93511
1.68406
2.04122
2.30608
2.20157
1.78508
1.50917
1.40543
1.36913
1.30881
1.25148
1.22194
1.2437
1.22715
1.24551
1.20532
1.22006
1.43509
1.65475
1.8509
2.06555
2.23869
2.29197
2.29124
2.3503
2.25029
2.05366
2.37225
2.46605
2.27972
1.93638
2.05404
2.44936
2.44478
2.16761
1.77692
1.55342
1.49359
1.44902
1.38597
1.3272
1.29054
1.31346
1.28525
1.30082
1.26239
1.33529
1.58769
1.69404
1.66848
1.96567
2.08034
2.13179
2.09756
2.04583
1.99994
1.91658
2.3767
2.39809
2.21708
2.11821
2.51323
2.50665
2.3294
1.9958
1.79383
1.62617
1.54104
1.47348
1.39084
1.29607
1.30787
1.33261
1.33377
1.36282
1.3303
1.46559
1.66337
1.74715
1.66661
1.70563
1.94794
1.94831
1.93923
1.89344
1.8549
1.8321
2.41595
2.42535
2.42938
2.57541
2.56537
2.23053
1.88406
1.87906
1.7951
1.69309
1.48019
1.42328
1.29635
1.29665
1.29583
1.29803
1.36698
1.39474
1.39674
1.57918
1.71543
1.74814
1.66786
1.61283
1.74644
1.81754
1.82258
1.89789
1.86759
1.78443
2.48073
2.64185
2.62016
2.6039
2.14706
1.87646
1.8695
1.86137
1.78917
1.55122
1.36203
1.32036
1.29669
1.29418
1.297
1.2949
1.33296
1.36195
1.48655
1.68746
1.7767
1.69084
1.66592
1.61463
1.62359
1.71824
1.74078
1.78303
1.8727
1.80588
2.52123
2.64672
2.53352
1.85548
1.84364
1.96356
1.95574
1.84466
1.60258
1.39153
1.38692
1.29893
1.29544
1.29728
1.29417
1.29881
1.33341
1.35002
1.47838
1.78842
1.89696
1.65475
1.58261
1.61268
1.61887
1.61425
1.66086
1.6893
1.77527
1.85281
2.30491
2.0986
1.87465
1.85768
1.9813
1.97612
1.96705
1.6098
1.47056
1.4604
1.50391
1.32305
1.29805
1.296
1.30504
1.37189
1.37587
1.38461
1.464
1.77973
1.89891
1.78693
1.54539
1.55456
1.59494
1.59962
1.61639
1.64375
1.67873
1.80692
1.95389
1.90465
1.8783
1.86155
1.98476
1.87556
1.74173
1.53423
1.52872
1.51852
1.51216
1.38472
1.31324
1.31302
1.38854
1.42808
1.41626
1.42936
1.49238
1.70916
1.8854
1.88852
1.62377
1.532
1.5645
1.62282
1.62832
1.63104
1.66097
1.72805
1.96095
1.99051
1.88329
1.91899
1.91219
1.79516
1.75637
1.63814
1.5367
1.47398
1.46693
1.42546
1.3745
1.37315
1.42892
1.42951
1.41717
1.44258
1.52987
1.70174
1.80644
1.88899
1.86443
1.5294
1.49889
1.66296
1.68434
1.70044
1.6696
1.70015
1.97338
2.0634
2.02928
1.92243
1.90098
1.87927
1.91418
1.72289
1.48461
1.47737
1.50142
1.46916
1.38864
1.41406
1.42564
1.42303
1.41803
1.4847
1.58211
1.70659
1.73212
1.80773
1.86692
1.77648
1.49162
1.50678
1.68602
1.71436
1.75311
1.70753
1.98442
2.06952
2.03212
1.93752
1.95765
1.94449
1.9142
1.50774
1.48848
1.51128
1.57466
1.45815
1.38927
1.39276
1.40076
1.39254
1.44473
1.60995
1.72839
1.75519
1.72583
1.70959
1.77124
1.77959
1.66331
1.44693
1.46758
1.71061
1.76018
1.74129
1.99576
1.99909
1.79254
1.77213
1.81182
1.70325
1.55173
1.51167
1.53456
1.61364
1.60213
1.45901
1.39002
1.38986
1.39051
1.39173
1.48402
1.6623
1.82878
1.8235
1.78084
1.71152
1.67082
1.68326
1.68395
1.59365
1.47005
1.49963
1.64019
1.72954
1.97675
1.69618
1.65884
1.72881
1.69955
1.6236
1.59729
1.68018
1.73222
1.70585
1.63826
1.58856
1.40195
1.39061
1.39031
1.39248
1.48874
1.69079
1.83108
1.81503
1.82243
1.81768
1.69547
1.61798
1.61599
1.61563
1.53644
1.50359
1.55063
1.58603
1.77412
1.69981
1.78994
1.8267
1.76669
1.67556
1.77761
1.87715
1.82844
1.75329
1.8424
1.8943
1.49576
1.39049
1.3915
1.39127
1.47346
1.66903
1.83072
1.75753
1.74569
1.81905
1.78508
1.66311
1.59554
1.5834
1.58824
1.59016
1.6264
1.54163
1.78885
1.77711
1.85843
1.83256
1.78343
1.75499
1.89395
1.88709
1.87024
1.93966
2.08862
2.18797
1.70205
1.39569
1.39052
1.39312
1.44756
1.61497
1.75026
1.7204
1.60104
1.63923
1.7254
1.6861
1.6278
1.59277
1.58388
1.60143
1.62257
1.57709
1.81141
1.91238
1.86746
1.83313
1.79459
1.84487
1.90044
1.89884
1.95061
1.9549
2.17809
2.74215
2.02279
1.43103
1.40951
1.42099
1.44863
1.52124
1.65251
1.67253
1.60255
1.50731
1.44935
1.48748
1.53227
1.57954
1.59491
1.61682
1.62325
1.58893
1.83524
1.91362
1.8514
1.80205
1.78884
1.80914
1.84595
1.89476
1.88687
1.99982
2.48871
2.7518
2.26972
1.49433
1.43452
1.48747
1.50172
1.4507
1.4928
1.64157
1.63703
1.54467
1.44273
1.33203
1.31613
1.33978
1.52973
1.61698
1.64508
1.61073
1.84882
1.87531
1.82513
1.76221
1.7312
1.73233
1.81318
1.85884
1.9527
2.38506
2.65164
2.74751
2.37124
1.61465
1.44125
1.54346
1.54594
1.45226
1.37213
1.47967
1.63677
1.6055
1.48019
1.37479
1.33158
1.30383
1.3338
1.52231
1.63789
1.63621
1.89568
1.87746
1.80545
1.71133
1.68364
1.71068
1.81742
2.04552
2.31092
2.42949
2.53105
2.65452
2.46366
1.84116
1.53407
1.54439
1.53589
1.45568
1.37399
1.36248
1.47214
1.59575
1.52801
1.43062
1.39405
1.35066
1.33779
1.37863
1.51179
1.6055
1.95318
1.87527
1.76348
1.71744
1.71956
1.77033
1.95912
2.11477
2.10792
2.10977
2.24964
2.52485
2.50079
2.15787
1.78645
1.56683
1.43615
1.41814
1.38552
1.3644
1.32602
1.42644
1.47356
1.43043
1.41694
1.41562
1.39193
1.39669
1.44426
1.49313
1.94473
1.88375
1.91467
1.92541
1.92149
1.91581
1.90689
1.65494
1.58521
1.75682
2.02964
2.39368
2.45906
2.27296
2.02374
1.64186
1.31815
1.36211
1.40248
1.38834
1.32885
1.26884
1.31546
1.37117
1.4102
1.43406
1.46139
1.48285
1.53869
1.47414
1.89842
1.96108
2.01219
1.96891
1.94015
1.91646
1.40085
1.18143
1.35005
1.5684
1.86979
2.09246
2.23934
2.25971
2.13325
1.7614
1.29857
1.29867
1.43178
1.44076
1.37109
1.27153
1.27883
1.29666
1.36612
1.43824
1.4711
1.51453
1.57532
1.52384
1.92874
2.08916
2.02264
1.98024
1.93296
1.36795
1.17247
1.18661
1.29738
1.47694
1.59863
1.68165
1.99077
2.17338
2.1138
1.81769
1.32245
1.21336
1.37073
1.44254
1.44624
1.34174
1.29382
1.30363
1.33961
1.4143
1.47695
1.52301
1.58491
1.54327
2.03013
2.10342
2.0356
1.97088
1.38411
1.19648
1.18034
1.21679
1.29285
1.31776
1.31929
1.47928
1.68548
1.95074
2.04005
1.81826
1.36669
1.18191
1.19451
1.3516
1.44708
1.44325
1.39651
1.36759
1.36251
1.39625
1.44943
1.52979
1.59561
1.55491
2.0975
2.12082
2.03165
1.4582
1.23105
1.20718
1.20289
1.24756
1.23515
1.20625
1.28469
1.36179
1.40779
1.67142
1.89699
1.76188
1.3841
1.1817
1.10772
1.11273
1.27812
1.43662
1.45037
1.46836
1.47029
1.4586
1.46553
1.51886
1.59908
1.55996
2.04018
2.04541
1.47819
1.27966
1.2439
1.22374
1.24949
1.2329
1.2063
1.21055
1.25673
1.2772
1.35056
1.52767
1.69267
1.6369
1.38252
1.22503
1.13696
1.04072
1.04779
1.13116
1.25078
1.47018
1.4954
1.52605
1.56671
1.60533
1.62084
1.54056
1.77549
1.50514
1.3798
1.32401
1.2895
1.28044
1.26006
1.2326
1.21136
1.20859
1.2134
1.26804
1.34145
1.46417
1.54508
1.53646
1.37763
1.21554
1.18239
1.10553
1.0488
1.05972
1.07431
1.09855
1.42959
1.53286
1.57478
1.63029
1.70481
1.55584
1.45205
1.36361
1.43841
1.38891
1.34261
1.30406
1.26939
1.23467
1.1952
1.17965
1.20252
1.25814
1.32344
1.44775
1.50223
1.49132
1.37101
1.21746
1.18375
1.1734
1.13925
1.08063
1.07677
1.08322
1.10803
1.18146
1.55334
1.64053
1.7191
1.59874
1.40614
1.51624
1.46803
1.40232
1.35601
1.31176
1.26717
1.20801
1.17227
1.16436
1.1973
1.23059
1.32375
1.44133
1.48737
1.47172
1.35888
1.21536
1.18044
1.10059
1.135
1.14677
1.14471
1.0855
1.1147
1.1477
1.19883
1.2873
1.58282
1.54996
1.42359
1.57371
1.48513
1.41872
1.36439
1.29806
1.23373
1.19416
1.17857
1.17954
1.1722
1.20935
1.33309
1.42064
1.46968
1.44884
1.33966
1.14464
1.15133
0.993231
0.996409
1.04634
1.13921
1.14566
1.12202
1.1572
1.20342
1.30775
1.41012
1.36871
1.43634
1.55042
1.49544
1.42081
1.33587
1.24957
1.2173
1.201
1.19088
1.17626
1.14299
1.21613
1.31109
1.3763
1.43359
1.41384
1.26635
1.07387
1.06708
1.00587
0.914956
0.927982
0.979067
1.06922
1.10546
1.1783
1.23607
1.34809
1.44593
1.31547
1.41045
1.52036
1.48824
1.39019
1.26622
1.22226
1.24393
1.24608
1.18893
1.13034
1.13093
1.20136
1.24662
1.31162
1.37059
1.29544
1.16309
1.06581
1.06159
1.02754
0.925701
0.929137
0.947143
0.971029
0.976274
1.0584
1.22839
1.35899
1.44745
1.3064
1.41332
1.53572
1.46618
1.28185
1.25029
1.30712
1.30709
1.28094
1.15892
1.10254
1.1255
1.16197
1.17607
1.23862
1.21421
1.14898
1.124
1.05348
1.05106
1.03669
0.953028
0.942743
0.95585
0.990314
0.9799
0.978125
1.05453
1.17987
1.33871
1.24003
1.40291
1.49507
1.34145
1.28514
1.32272
1.31366
1.21354
1.13989
1.0671
1.04267
1.06986
1.12163
1.12725
1.10075
1.05476
1.08237
1.0768
1.02944
1.03318
1.03575
0.982145
0.966971
0.986735
1.03639
1.01203
0.98417
1.02584
1.01809
1.12176
1.15462
1.3095
1.36074
1.34843
1.31783
1.25618
1.11113
1.06326
1.03874
1.02062
1.00918
1.00576
1.06061
1.07596
1.00396
1.00595
1.01967
1.02229
1.00227
1.01032
1.02811
0.996986
0.999705
1.02597
1.05245
1.07544
1.05253
1.06076
1.0478
1.05257
1.12402
1.20902
1.3306
1.35763
1.22185
1.10843
1.0599
1.06231
1.08929
1.05691
1.02366
1.0059
0.992973
1.00475
0.97577
0.973832
0.968298
0.981343
0.992786
0.996157
1.01435
0.99693
1.01115
1.03126
1.05775
1.09342
1.13354
1.1488
1.13082
1.07317
1.12207
1.17452
1.30746
1.24361
1.12375
1.11024
1.07184
1.10547
1.11196
1.08881
1.0386
1.00319
0.966174
0.928961
0.92986
0.948206
0.93525
0.955094
0.993894
0.997512
0.999786
0.981806
1.00197
1.03499
1.06559
1.1
1.14869
1.21056
1.21749
1.11092
1.12329
1.14775
1.16202
1.14368
1.13246
1.14014
1.13567
1.14318
1.11823
1.09018
1.03498
0.986932
0.935308
0.870837
0.876373
0.933312
0.921917
0.937076
1.0034
1.00606
1.00139
0.979586
0.957678
1.00914
1.06915
1.10879
1.1578
1.22263
1.25704
1.14521
1.12461
1.1387
1.10106
1.12648
1.15963
1.17025
1.16765
1.15146
1.11449
1.05872
1.00338
0.952822
0.88876
0.811593
0.82981
0.926069
0.92259
0.924614
1.0167
1.02578
1.01414
0.987061
0.962589
0.94543
1.01537
1.11546
1.16896
1.23162
1.28571
1.18088
1.12684
1.13896
1.10048
1.10616
1.17355
1.1896
1.17196
1.12874
1.05634
0.990718
0.949104
0.898669
0.836616
0.76534
0.791764
0.917909
0.953461
0.931711
0.992372
1.05891
1.04388
1.00509
0.972491
0.952629
0.943154
1.01806
1.17572
1.24145
1.31483
1.25225
1.142
1.13944
1.10804
1.09923
1.16729
1.18412
1.14396
1.06418
0.98085
0.915503
0.871244
0.843336
0.803486
0.75694
0.759335
0.905883
1.0271
0.945435
0.984461
1.08818
1.08236
1.03498
0.991151
0.966993
0.952034
0.947553
1.01963
1.22666
1.32494
1.30752
1.16985
1.13897
1.11272
1.11072
1.14649
1.14659
1.09551
1.01619
0.925132
0.870379
0.850641
0.827412
0.792214
0.762608
0.75302
0.89121
1.03353
0.972849
0.981348
1.09302
1.10728
1.06964
1.01968
0.989391
0.972205
0.95899
0.957931
1.04753
1.21103
1.23276
1.17582
1.13777
1.11506
1.12342
1.15852
1.15336
1.10672
1.02041
0.928941
0.876981
0.855906
0.837895
0.792356
0.769306
0.759207
0.873834
1.03848
0.988747
0.991646
1.09176
1.12765
1.10409
1.05775
1.02243
1.00119
0.98725
0.97497
0.983102
1.06058
1.11948
1.16431
1.1381
1.11504
1.14179
1.20121
1.21268
1.15309
1.04885
0.937236
0.889013
0.879817
0.862646
0.792356
0.775518
0.767675
0.851153
1.03489
1.05168
1.0036
1.04949
1.14551
1.14179
1.10552
1.06799
1.04029
1.0254
1.01174
1.01913
1.04729
1.10455
1.15124
1.14677
1.11754
1.19362
1.27334
1.22376
1.16454
1.08751
0.961727
0.939763
0.936141
0.911575
0.798951
0.785727
0.777268
0.830302
0.988377
1.10041
1.02154
1.0623
1.17883
1.19273
1.16393
1.12395
1.09014
1.07139
1.05912
1.05643
1.06589
1.11198
1.14384
1.15885
1.12812
1.22936
1.28861
1.2321
1.15626
1.10241
1.06125
1.10017
1.0425
0.903549
0.809924
0.794486
0.790221
0.819169
0.924804
1.12718
1.09344
1.10099
1.21723
1.24903
1.23178
1.18801
1.14749
1.12497
1.11235
1.08391
1.08025
1.11838
1.14462
1.16171
1.137
1.17784
1.2327
1.15948
1.12184
1.15633
1.17913
1.14628
1.04618
0.906437
0.833124
0.808053
0.811444
0.826901
0.908314
1.14165
1.191
1.16879
1.23552
1.26325
1.28575
1.25454
1.20811
1.1837
1.16426
1.10377
1.09112
1.12298
1.14542
1.16027
1.1313
1.09492
1.10068
1.1335
1.19674
1.27139
1.27989
1.11511
1.03078
0.971653
0.888887
0.835572
0.839182
0.845995
0.899502
1.13988
1.23308
1.21108
1.25635
1.2815
1.30908
1.30761
1.26641
1.24238
1.20499
1.11634
1.09946
1.12616
1.14598
1.157
1.12563
1.07804
1.07463
1.19418
1.31376
1.35904
1.30122
1.1049
1.05046
1.08036
0.96515
0.865232
0.864151
0.856696
0.909366
1.16438
1.24863
1.2593
1.27106
1.29501
1.3301
1.34581
1.32057
1.29613
1.2289
1.12087
1.10578
1.12864
1.14643
1.1381
1.11055
1.07871
1.07295
1.21553
1.35914
1.37604
1.31702
1.12727
1.108
1.11655
0.995643
0.877752
0.876079
0.89478
0.946866
1.18565
1.26482
1.27887
1.28866
1.31176
1.3493
1.37506
1.36533
1.33228
1.23581
1.11908
1.1108
1.1312
1.14815
1.13012
1.10532
1.08027
1.06157
1.18137
1.34965
1.38419
1.3217
1.15472
1.14902
1.13747
1.00094
0.876948
0.873915
0.915197
0.972335
1.22217
1.28702
1.29805
1.31799
1.33073
1.3608
1.39261
1.38767
1.34707
1.22387
1.11303
1.11633
1.14099
1.164
1.12988
1.10482
1.08186
1.05372
1.08714
1.24308
1.30943
1.27137
1.15334
1.13082
1.11979
0.975108
0.866507
0.85725
0.918609
0.991972
1.24028
1.30586
1.32379
1.34121
1.36596
1.37966
1.39768
1.39757
1.34083
1.19262
1.10781
1.1283
1.15421
1.16852
1.13003
1.10463
1.08301
1.05623
1.03339
1.07339
1.1307
1.11839
1.06267
1.03388
1.01398
0.928936
0.857278
0.844042
0.901398
0.99983
1.20378
1.33346
1.34632
1.36842
1.38786
1.38419
1.38898
1.38076
1.2944
1.14615
1.10877
1.13839
1.15554
1.16895
1.13066
1.10513
1.08466
1.06028
1.03373
1.01588
1.01398
0.997964
0.970008
0.942125
0.921244
0.88846
0.850848
0.842535
0.886425
0.996115
1.16031
1.30984
1.34131
1.34968
1.34696
1.34242
1.33783
1.30366
1.20172
1.10953
1.11452
1.14079
1.15671
1.16774
1.1318
1.10661
1.08693
1.06488
1.04029
1.02198
1.00804
0.986713
0.957977
0.926343
0.903331
0.883645
0.864274
0.854374
0.875122
0.963927
1.09485
1.19546
1.21503
1.20791
1.20311
1.20923
1.20537
1.17086
1.11877
1.10052
1.11954
1.14086
1.15497
1.15537
1.13331
1.10887
1.09007
1.07014
1.04898
1.03371
1.02169
1.00272
0.975697
0.943767
0.920391
0.902586
0.889015
0.878837
0.879338
0.916349
0.98638
1.02795
1.03979
1.04906
1.06816
1.08888
1.1019
1.10308
1.09959
1.10616
1.12612
1.14135
1.14726
1.15013
1.13512
1.11172
1.09419
1.07766
1.06332
1.05884
1.05589
1.04181
1.01736
0.976662
0.946024
0.925776
0.911711
0.904149
0.90444
0.917784
0.948147
0.97802
1.01103
1.05175
1.08384
1.10636
1.12097
1.12233
1.11408
1.11726
1.13287
1.14169
1.1432
1.14984
1.13718
1.11501
1.09874
1.08691
1.08711
1.11081
1.13702
1.13574
1.11792
1.05691
0.999981
0.964811
0.941036
0.937293
0.948119
0.972938
1.01251
1.04161
1.08452
1.15197
1.19306
1.21004
1.21001
1.18906
1.15607
1.14024
1.13938
1.14059
1.14203
1.15024
1.13933
1.11863
1.10325
1.09478
1.10897
1.17302
1.24634
1.26605
1.25369
1.17889
1.09551
1.03937
0.990826
0.992863
1.04184
1.10822
1.18284
1.20526
1.24681
1.35701
1.3976
1.39002
1.34209
1.27943
1.2153
1.16537
1.14309
1.13838
1.14207
1.15078
1.14176
1.12258
1.10733
1.09942
1.11721
1.20452
1.31544
1.36288
1.35037
1.2816
1.21311
1.13911
1.05901
1.06368
1.16999
1.29142
1.39477
1.41579
1.40911
1.50818
1.52601
1.49948
1.40966
1.32161
1.24387
1.17426
1.14118
1.1363
1.14288
1.15144
1.14357
1.12666
1.11164
1.10131
1.1132
1.19621
1.33054
1.3996
1.38394
1.33032
1.32418
1.22271
1.12122
1.13152
1.26258
1.42372
1.50375
1.57714
1.52351
1.50834
1.53911
1.51064
1.40085
1.30962
1.23247
1.16467
1.13444
1.13595
1.14421
1.15203
1.14664
1.13117
1.11639
1.10417
1.108
1.1766
1.32098
1.41012
1.38007
1.36465
1.38984
1.25463
1.16107
1.17933
1.29315
1.47528
1.53009
1.61184
1.62541
1.50831
1.51666
1.49105
1.3745
1.28925
1.21484
1.15235
1.13151
1.13751
1.14591
1.15297
)
;

boundaryField
{
    inlet
    {
        type            calculated;
        value           nonuniform List<scalar> 
30
(
1078.16
1078.38
1079.21
1079.12
1079.59
1079.51
1079.79
1080.06
1080.01
1080.16
1080.58
1079.96
1080.61
1080.57
1080.68
1080.7
1080.75
1080.21
1080.38
1080.35
1080.4
1080.34
1079.94
1080.03
1079.9
1079.47
1079.34
1079.17
1078.63
1078.64
)
;
    }
    outlet
    {
        type            calculated;
        value           nonuniform List<scalar> 
30
(
1.14679
1.13144
1.11674
1.10456
1.10842
1.17702
1.3214
1.41055
1.3805
1.36507
1.39025
1.25505
1.1615
1.17975
1.29357
1.47569
1.53051
1.61227
1.62585
1.50877
1.51713
1.49154
1.37497
1.28969
1.21523
1.15268
1.13178
1.13772
1.14605
1.15302
)
;
    }
    walls
    {
        type            calculated;
        value           nonuniform List<scalar> 
400
(
1077.82
1078.03
1053.58
757.829
580.418
580.409
580.421
594.343
710.669
878.899
1030.5
1147.92
1224.94
1262.56
1281.01
1285.29
1285.29
1285.3
1285.32
1176.78
1090.73
1090.79
1090.87
1090.94
1106.61
1158.88
1214.13
1257.82
1290.39
1297.23
1297.23
1297.45
1297.59
1098.09
986.594
966.173
966.466
966.765
967.057
980.204
1053.71
1144.89
1198.34
1215.69
1233.72
1260.74
1287.5
1304.64
1314.42
1326.12
1338.76
1345.56
1347.06
1347.28
1347.36
1347.52
1347.56
1277.04
1232.69
1224.65
1162.41
1090.72
1086.82
1086.82
1114.76
1158.4
1181.52
1186.85
1179.44
1167.28
1161.8
1171.28
1209.02
1247.63
1258.96
1258.96
1258.96
1191.69
1087.36
1089.69
1126.77
1159.66
1168.34
1132
1058.79
1010.85
992.95
987.683
987.675
987.725
988.49
1002.09
1029.91
1073.81
1132.59
1186.64
1216.35
1226.45
1233.41
1238.75
1238.75
1238.75
1188.39
1119.6
1064.64
1012.27
980.462
974.296
976.829
975.214
955.357
925.739
914.077
918.327
924.888
920.768
868.43
749.383
616.954
517.812
460.239
427.311
396.819
361.001
316.003
256.652
172.9
86.1469
33.4251
16.0941
10.9432
7.91273
6.6968
5.42878
3.51336
2.52945
2.49115
2.41016
2.37776
2.37225
2.3767
2.41595
2.48073
2.52123
2.30491
1.95389
1.96095
1.97338
1.98442
1.99576
1.97675
1.77412
1.78885
1.81141
1.83524
1.84882
1.89568
1.95318
1.94473
1.89842
1.92874
2.03013
2.0975
2.04018
1.77549
1.45205
1.40614
1.42359
1.43634
1.41045
1.41332
1.40291
1.3095
1.20902
1.17452
1.14775
1.1387
1.13896
1.13944
1.13897
1.13777
1.1381
1.14677
1.15885
1.16171
1.16027
1.157
1.1381
1.13012
1.12988
1.13003
1.13066
1.1318
1.13331
1.13512
1.13718
1.13933
1.14176
1.14357
1.14664
1078.3
1078.29
1052.43
756.661
579.874
579.683
579.873
595.572
716.741
890.319
1048.9
1171.57
1249.34
1279.41
1279.42
1279.42
1268.08
1191.66
1223.24
1242.93
1223.94
1130.58
1102.44
1102.51
1102.57
1102.63
1107.51
1114.38
1124.89
1151.04
1197.38
1245.95
1287.76
1301.76
1301.76
1301.82
1301.99
1143.02
1124.9
1124.9
1158.43
1218.08
1261.82
1287.72
1289.25
1289.26
1289.29
1289.47
1228.99
1191.85
1162.59
1152.73
1152.72
1152.73
1164.32
1185.38
1212.45
1231.49
1231.53
1231.58
1231.58
1122.44
1076.04
1076.04
1106.19
1153.13
1179.81
1188.1
1182.36
1165.7
1151.85
1148.9
1176.52
1227.56
1256.97
1256.97
1256.97
1237.01
1116.51
1087.95
1119.16
1154.47
1165.07
1128.72
1056.46
1009.53
992.259
987.377
987.368
987.421
988.367
1002.01
1029.55
1073.22
1132.08
1186.23
1215.9
1225.95
1232.77
1238.02
1238.02
1238.02
1182.46
1108.76
1050.85
1000.35
976.102
977.898
985.294
989.69
984.476
970.84
958.54
952.845
960.642
966.575
922.35
790.693
626.123
502.089
437.286
409.075
385.778
357.572
314.122
234.95
132.472
56.7331
29.5066
26.7587
22.9151
15.2381
8.75666
5.0428
2.82895
2.75635
2.57131
2.28001
2.05366
1.91658
1.8321
1.78443
1.80588
1.85281
1.80692
1.72805
1.70015
1.70753
1.74129
1.72954
1.58603
1.54163
1.57709
1.58893
1.61073
1.63621
1.6055
1.49313
1.47414
1.52384
1.54327
1.55491
1.55996
1.54056
1.55584
1.59874
1.54996
1.36871
1.31547
1.3064
1.24003
1.15462
1.12402
1.12207
1.12329
1.12461
1.12684
1.142
1.16985
1.17582
1.16431
1.15124
1.14384
1.14462
1.14542
1.14598
1.14643
1.14815
1.164
1.16852
1.16895
1.16774
1.15537
1.15013
1.14984
1.15024
1.15078
1.15144
1.15203
1.15297
)
;
    }
    frontAndBackPlanes
    {
        type            empty;
    }
}


// ************************************************************************* //
