/*--------------------------------*- C++ -*----------------------------------*\
| =========                 |                                                 |
| \\      /  F ield         | OpenFOAM: The Open Source CFD Toolbox           |
|  \\    /   O peration     | Version:  2.3.0                                 |
|   \\  /    A nd           | Web:      www.OpenFOAM.org                      |
|    \\/     M anipulation  |                                                 |
\*---------------------------------------------------------------------------*/
FoamFile
{
    version     2.0;
    format      ascii;
    class       volScalarField;
    location    "0.452";
    object      k;
}
// * * * * * * * * * * * * * * * * * * * * * * * * * * * * * * * * * * * * * //

dimensions      [0 2 -2 0 0 0 0];

internalField   nonuniform List<scalar> 
545
(
161982
154249
141909
131264
123978
165119
154605
141531
130614
122761
170511
154895
140626
129265
120584
178666
154659
139172
127335
117255
190754
153330
137499
125266
112565
120255
118221
117575
117371
117307
117286
117280
117277
117275
117275
117274
117273
117272
117272
117271
117270
117270
117269
117268
117268
117267
117267
117266
117266
117265
117265
117265
117264
117264
117264
117263
117263
117263
117262
117262
117262
117262
117262
117261
117261
117261
117261
117261
117261
117261
119323
117936
117485
117343
117298
117284
117279
117277
117275
117275
117274
117273
117272
117272
117271
117270
117270
117269
117268
117268
117267
117267
117266
117266
117265
117265
117265
117264
117264
117264
117263
117263
117263
117262
117262
117262
117262
117262
117261
117261
117261
117261
117261
117261
117261
117968
117459
117331
117295
117283
117279
117277
117276
117275
117274
117274
117273
117272
117272
117271
117270
117270
117269
117268
117268
117267
117267
117266
117266
117265
117265
117265
117264
117264
117264
117263
117263
117263
117262
117262
117262
117262
117262
117261
117261
117261
117261
117261
117261
117261
116205
116901
117160
117242
117267
117274
117276
117276
117275
117274
117274
117273
117272
117272
117271
117270
117270
117269
117268
117268
117267
117267
117266
117266
117265
117265
117265
117264
117264
117264
117263
117263
117263
117262
117262
117262
117262
117262
117261
117261
117261
117261
117261
117261
117261
114149
116430
117023
117200
117254
117270
117274
117275
117275
117274
117274
117273
117272
117272
117271
117270
117270
117269
117268
117268
117267
117267
117266
117266
117265
117265
117265
117264
117264
117264
117263
117263
117263
117262
117262
117262
117262
117262
117261
117261
117261
117261
117261
117261
117261
114378
116286
116968
117183
117248
117268
117274
117275
117275
117274
117274
117273
117272
117272
117271
117270
117270
117269
117268
117268
117267
117267
117266
117266
117265
117265
117265
117264
117264
117264
117263
117263
117263
117262
117262
117262
117262
117262
117261
117261
117261
117261
117261
117261
117261
190754
153330
137499
125266
112565
178666
154659
139172
127335
117255
170511
154895
140626
129265
120584
165119
154605
141531
130614
122761
161982
154249
141909
131264
123978
114149
116430
117023
117200
117254
117270
117274
117275
117275
117274
117274
117273
117272
117272
117271
117270
117270
117269
117268
117268
117267
117267
117266
117266
117265
117265
117265
117264
117264
117264
117263
117263
117263
117262
117262
117262
117262
117262
117261
117261
117261
117261
117261
117261
117261
116205
116901
117160
117242
117267
117274
117276
117276
117275
117274
117274
117273
117272
117272
117271
117270
117270
117269
117268
117268
117267
117267
117266
117266
117265
117265
117265
117264
117264
117264
117263
117263
117263
117262
117262
117262
117262
117262
117261
117261
117261
117261
117261
117261
117261
117968
117459
117331
117295
117283
117279
117277
117276
117275
117274
117274
117273
117272
117272
117271
117270
117270
117269
117268
117268
117267
117267
117266
117266
117265
117265
117265
117264
117264
117264
117263
117263
117263
117262
117262
117262
117262
117262
117261
117261
117261
117261
117261
117261
117261
119323
117936
117485
117343
117298
117284
117279
117277
117275
117275
117274
117273
117272
117272
117271
117270
117270
117269
117268
117268
117267
117267
117266
117266
117265
117265
117265
117264
117264
117264
117263
117263
117263
117262
117262
117262
117262
117262
117261
117261
117261
117261
117261
117261
117261
120255
118221
117575
117371
117307
117286
117280
117277
117275
117275
117274
117273
117272
117272
117271
117270
117270
117269
117268
117268
117267
117267
117266
117266
117265
117265
117265
117264
117264
117264
117263
117263
117263
117262
117262
117262
117262
117262
117261
117261
117261
117261
117261
117261
117261
)
;

boundaryField
{
    AirInlet
    {
        type            fixedValue;
        value           uniform 0.1;
    }
    WaterInlet
    {
        type            fixedValue;
        value           uniform 0.1;
    }
    ChannelWall
    {
        type            fixedValue;
        value           uniform 0.1;
    }
    Outlet
    {
        type            inletOutlet;
        inletValue      uniform 0.1;
        value           nonuniform List<scalar> 
11
(
117261
117261
117261
117261
117261
117261
117261
117261
117261
117261
117261
)
;
    }
    FrontAndBack
    {
        type            empty;
    }
}


// ************************************************************************* //
