/*--------------------------------*- C++ -*----------------------------------*\
| =========                 |                                                 |
| \\      /  F ield         | OpenFOAM: The Open Source CFD Toolbox           |
|  \\    /   O peration     | Version:  2.3.0                                 |
|   \\  /    A nd           | Web:      www.OpenFOAM.org                      |
|    \\/     M anipulation  |                                                 |
\*---------------------------------------------------------------------------*/
FoamFile
{
    version     2.0;
    format      ascii;
    class       volVectorField;
    location    "30";
    object      Ur;
}
// * * * * * * * * * * * * * * * * * * * * * * * * * * * * * * * * * * * * * //

dimensions      [0 1 -1 0 0 0 0];

internalField   nonuniform List<vector> 
1875
(
(-0.00194428 0.237424 0)
(0.000837144 0.23614 0)
(0.000118964 0.233622 0)
(-0.00214631 0.23084 0)
(-0.0033685 0.229096 0)
(-0.00490321 0.227712 0)
(-0.00594934 0.226857 0)
(-0.00690339 0.226189 0)
(-0.0077828 0.225936 0)
(-0.00853931 0.226212 0)
(-0.00921148 0.227122 0)
(-0.00981123 0.229646 0)
(-0.0101372 0.230684 0)
(-0.0109669 0.229826 0)
(-0.0116922 0.227887 0)
(-0.0125071 0.225835 0)
(-0.013201 0.226091 0)
(-0.0125428 0.228517 0)
(-0.0109208 0.230906 0)
(-0.00886595 0.235181 0)
(-0.00687176 0.239253 0)
(-0.0055878 0.239986 0)
(-0.00510922 0.239629 0)
(-0.00310322 0.235078 0)
(-0.000227992 0.228258 0)
(0.0037144 0.233053 0)
(-0.00502601 0.240995 0)
(-0.00811749 0.249381 0)
(-0.00924805 0.255393 0)
(-0.00824887 0.258384 0)
(-0.00698454 0.259826 0)
(-0.00543105 0.25997 0)
(-0.00403876 0.259405 0)
(-0.00299938 0.257941 0)
(-0.00268894 0.255486 0)
(-0.00319339 0.251839 0)
(-0.00388368 0.247233 0)
(-0.00439289 0.244118 0)
(-0.00471711 0.243851 0)
(-0.00558817 0.245314 0)
(-0.0066893 0.246757 0)
(-0.00800254 0.246222 0)
(-0.0097366 0.24371 0)
(-0.0108501 0.24105 0)
(-0.0111122 0.235947 0)
(-0.00929432 0.228564 0)
(-0.00377696 0.22624 0)
(9.81343e-05 0.229006 0)
(0.000800019 0.236505 0)
(-0.00104194 0.244245 0)
(-0.00465421 0.273215 0)
(-0.00191574 0.269754 0)
(0.00136153 0.266718 0)
(0.000136284 0.265873 0)
(-0.00114419 0.265757 0)
(-0.00264215 0.266213 0)
(-0.00397444 0.266827 0)
(-0.00505665 0.267349 0)
(-0.00564986 0.267741 0)
(-0.00551608 0.268206 0)
(-0.0046 0.268937 0)
(-0.00390536 0.268799 0)
(-0.00403342 0.267989 0)
(-0.0043228 0.267292 0)
(-0.0042675 0.26646 0)
(-0.00397507 0.26546 0)
(-0.00392245 0.264489 0)
(-0.00423407 0.262954 0)
(-0.00452331 0.261074 0)
(-0.00426462 0.260568 0)
(-0.00307887 0.261465 0)
(-0.0013719 0.262989 0)
(8.82801e-05 0.263634 0)
(0.000273513 0.263097 0)
(5.26277e-05 0.262256 0)
(-0.00235346 0.272393 0)
(-0.00104495 0.273075 0)
(0.00518958 0.273425 0)
(0.00682102 0.273173 0)
(0.00766096 0.272424 0)
(0.00740238 0.27116 0)
(0.00602253 0.269582 0)
(0.00340995 0.26799 0)
(-0.000125313 0.26609 0)
(-0.0046503 0.263644 0)
(-0.00807207 0.261122 0)
(-0.00910533 0.259329 0)
(-0.00894182 0.258006 0)
(-0.00800521 0.256811 0)
(-0.00617053 0.256066 0)
(-0.00426439 0.25551 0)
(-0.00255423 0.255064 0)
(-0.00193459 0.255123 0)
(-0.00299725 0.255377 0)
(-0.00237413 0.255472 0)
(-0.000781881 0.255989 0)
(0.00126986 0.255986 0)
(0.00239675 0.255538 0)
(0.00215858 0.255279 0)
(0.00123318 0.255747 0)
(-0.00155766 0.279871 0)
(0.00131797 0.279268 0)
(0.00958146 0.27781 0)
(0.011754 0.276302 0)
(0.012582 0.274911 0)
(0.011544 0.273759 0)
(0.0088606 0.272916 0)
(0.00564495 0.271964 0)
(0.00193863 0.271268 0)
(-0.00100099 0.270638 0)
(-0.00382787 0.269068 0)
(-0.00610445 0.266414 0)
(-0.00727923 0.263811 0)
(-0.0077627 0.261516 0)
(-0.00729551 0.259931 0)
(-0.00566596 0.258889 0)
(-0.00425191 0.257479 0)
(-0.00338155 0.25608 0)
(-0.00204108 0.256337 0)
(-0.000563904 0.256814 0)
(0.00182033 0.258006 0)
(0.0039563 0.258315 0)
(0.00500872 0.257513 0)
(0.00428706 0.25688 0)
(0.00302522 0.25793 0)
(0.00190222 0.279932 0)
(0.00894954 0.279933 0)
(0.0158233 0.278019 0)
(0.0178273 0.276758 0)
(0.018247 0.275575 0)
(0.0178069 0.274938 0)
(0.0162487 0.274054 0)
(0.0132078 0.272481 0)
(0.00909787 0.270422 0)
(0.00484282 0.268127 0)
(-0.000141586 0.266235 0)
(-0.0047222 0.264755 0)
(-0.00753208 0.263373 0)
(-0.00831176 0.262235 0)
(-0.00747369 0.261161 0)
(-0.00595862 0.260295 0)
(-0.00464356 0.258115 0)
(-0.00449028 0.256296 0)
(-0.00264079 0.256075 0)
(0.00099422 0.256771 0)
(0.00440605 0.257341 0)
(0.00499348 0.257572 0)
(0.00264188 0.257647 0)
(0.00370191 0.257849 0)
(0.00412615 0.258975 0)
(0.00555521 0.275844 0)
(0.0121665 0.275603 0)
(0.0176746 0.274429 0)
(0.0203078 0.273126 0)
(0.0211629 0.272255 0)
(0.020376 0.271166 0)
(0.018223 0.269959 0)
(0.0145083 0.268892 0)
(0.00921792 0.26754 0)
(0.00252683 0.265721 0)
(-0.00287144 0.264115 0)
(-0.00697857 0.263228 0)
(-0.00940886 0.262376 0)
(-0.00962331 0.261675 0)
(-0.00868237 0.260988 0)
(-0.00758731 0.258041 0)
(-0.00917596 0.258508 0)
(-0.00793642 0.259863 0)
(-0.00551052 0.259627 0)
(-0.00191348 0.260844 0)
(-0.00103461 0.261275 0)
(-0.0025808 0.261587 0)
(-0.00376497 0.262418 0)
(0.00306417 0.264054 0)
(0.00493551 0.264963 0)
(0.00801907 0.265726 0)
(0.0146869 0.266023 0)
(0.0186081 0.264546 0)
(0.02221 0.26364 0)
(0.0239514 0.262938 0)
(0.0230888 0.262263 0)
(0.0192195 0.261754 0)
(0.0128984 0.260843 0)
(0.00605507 0.259918 0)
(-8.52222e-05 0.26026 0)
(-0.00496181 0.261057 0)
(-0.00839327 0.261144 0)
(-0.010022 0.261669 0)
(-0.00985728 0.261232 0)
(-0.00915342 0.259577 0)
(-0.0114102 0.262707 0)
(-0.0116246 0.264057 0)
(-0.0109941 0.263878 0)
(-0.00855898 0.267099 0)
(-0.00781251 0.267876 0)
(-0.00964682 0.268081 0)
(-0.0113188 0.268253 0)
(-0.00971876 0.268961 0)
(0.000864478 0.269436 0)
(0.00572575 0.26974 0)
(0.00948275 0.253873 0)
(0.01682 0.253317 0)
(0.0183352 0.252081 0)
(0.0227493 0.251168 0)
(0.0240212 0.250169 0)
(0.0216674 0.249343 0)
(0.0164688 0.248841 0)
(0.0100187 0.249958 0)
(0.00419939 0.252252 0)
(-0.000344547 0.25413 0)
(-0.0042264 0.255973 0)
(-0.00691502 0.257972 0)
(-0.00780997 0.25748 0)
(-0.00914469 0.258403 0)
(-0.0114121 0.263317 0)
(-0.0126565 0.264643 0)
(-0.0139328 0.266075 0)
(-0.0132036 0.272261 0)
(-0.0131838 0.273691 0)
(-0.0150108 0.274323 0)
(-0.0169699 0.274572 0)
(-0.0162632 0.275821 0)
(-0.0116199 0.277474 0)
(0.00104741 0.278455 0)
(0.00609449 0.27853 0)
(0.0115192 0.245265 0)
(0.0159183 0.244734 0)
(0.0140392 0.244051 0)
(0.0175009 0.243043 0)
(0.0171629 0.242069 0)
(0.0146336 0.242121 0)
(0.0112748 0.24366 0)
(0.0077593 0.245746 0)
(0.00410786 0.248067 0)
(0.000769596 0.25069 0)
(-0.00192462 0.252779 0)
(-0.00328996 0.255377 0)
(-0.00537074 0.261541 0)
(-0.00733236 0.2669 0)
(-0.00932427 0.268449 0)
(-0.0114785 0.271162 0)
(-0.0127705 0.274965 0)
(-0.0155255 0.277665 0)
(-0.0177531 0.27898 0)
(-0.0201159 0.279847 0)
(-0.019491 0.281509 0)
(-0.0156726 0.283837 0)
(-0.00963777 0.285278 0)
(0.00279176 0.285739 0)
(0.00674271 0.285112 0)
(0.00831818 0.244878 0)
(0.0107889 0.243706 0)
(0.00754025 0.243319 0)
(0.00969987 0.242599 0)
(0.00945971 0.242362 0)
(0.00893238 0.242925 0)
(0.00827342 0.244027 0)
(0.00714858 0.245727 0)
(0.0054605 0.248142 0)
(0.0034402 0.251161 0)
(0.00188331 0.254931 0)
(0.000182478 0.258958 0)
(-0.00146086 0.266192 0)
(-0.00319498 0.270256 0)
(-0.00570719 0.272696 0)
(-0.00838822 0.277667 0)
(-0.0128319 0.281764 0)
(-0.0163639 0.281025 0)
(-0.0201057 0.282654 0)
(-0.0211431 0.284741 0)
(-0.0183671 0.287212 0)
(-0.0139607 0.288476 0)
(-0.0089702 0.288855 0)
(0.00214057 0.289007 0)
(0.00573404 0.287867 0)
(0.00548396 0.247018 0)
(0.00567172 0.246584 0)
(0.00179737 0.246652 0)
(0.00330979 0.246501 0)
(0.00374377 0.246502 0)
(0.00452117 0.246795 0)
(0.00527131 0.247488 0)
(0.00584559 0.248778 0)
(0.00596234 0.250829 0)
(0.00602086 0.253786 0)
(0.00641282 0.257855 0)
(0.00604736 0.263475 0)
(0.00456085 0.265492 0)
(0.00159026 0.267168 0)
(-0.00154089 0.272384 0)
(-0.00583497 0.275626 0)
(-0.0101274 0.277865 0)
(-0.0141559 0.28086 0)
(-0.0189345 0.283452 0)
(-0.0207615 0.285872 0)
(-0.0200373 0.287198 0)
(-0.0178378 0.287534 0)
(-0.0137033 0.287811 0)
(-0.00338094 0.288339 0)
(0.00164464 0.287206 0)
(0.00320663 0.250385 0)
(0.00196933 0.25054 0)
(-0.00225277 0.251133 0)
(-0.00151968 0.251452 0)
(-0.000852086 0.251712 0)
(0.000676498 0.251959 0)
(0.00248675 0.252368 0)
(0.00466827 0.253202 0)
(0.00708945 0.254676 0)
(0.0096322 0.256899 0)
(0.0114844 0.260191 0)
(0.0126174 0.263125 0)
(0.0110102 0.264187 0)
(0.00851744 0.266403 0)
(0.00547036 0.269278 0)
(0.00189807 0.271386 0)
(-0.00257901 0.27334 0)
(-0.00819212 0.275368 0)
(-0.0145773 0.277075 0)
(-0.0200415 0.278456 0)
(-0.0232515 0.279382 0)
(-0.0233743 0.280328 0)
(-0.0200778 0.281613 0)
(-0.012411 0.282397 0)
(-0.00607604 0.281487 0)
(0.00175313 0.25431 0)
(0.000270771 0.254474 0)
(-0.00384853 0.255312 0)
(-0.0040638 0.255959 0)
(-0.00368731 0.256749 0)
(-0.00203606 0.257157 0)
(0.000409092 0.25744 0)
(0.00352619 0.257737 0)
(0.0071358 0.258201 0)
(0.0105343 0.258873 0)
(0.0132481 0.259197 0)
(0.0150834 0.259379 0)
(0.0150286 0.261155 0)
(0.0137749 0.263442 0)
(0.0115701 0.264528 0)
(0.0084188 0.265112 0)
(0.00431088 0.265291 0)
(-0.00096973 0.265133 0)
(-0.00792227 0.26493 0)
(-0.0163227 0.264767 0)
(-0.0236012 0.264573 0)
(-0.0263085 0.264766 0)
(-0.0246963 0.265853 0)
(-0.020517 0.266615 0)
(-0.0116324 0.26443 0)
(0.000863416 0.257572 0)
(-0.000258665 0.257876 0)
(-0.00360737 0.258432 0)
(-0.00449742 0.259271 0)
(-0.00462822 0.260245 0)
(-0.00336428 0.261064 0)
(-0.00070862 0.261475 0)
(0.00289341 0.261554 0)
(0.00708663 0.26128 0)
(0.011122 0.2607 0)
(0.0143052 0.259989 0)
(0.0164134 0.259275 0)
(0.0171841 0.258848 0)
(0.0166352 0.258575 0)
(0.014663 0.258083 0)
(0.0115773 0.257201 0)
(0.00777627 0.255928 0)
(0.00334356 0.253985 0)
(-0.00247669 0.251328 0)
(-0.0107563 0.248441 0)
(-0.0197323 0.246319 0)
(-0.02462 0.245477 0)
(-0.0239247 0.245841 0)
(-0.0296198 0.248329 0)
(-0.0204251 0.248487 0)
(0.000214971 0.260193 0)
(-0.000739144 0.259107 0)
(-0.00331444 0.260413 0)
(-0.00441986 0.261316 0)
(-0.00485631 0.262214 0)
(-0.00409927 0.26325 0)
(-0.00179891 0.264072 0)
(0.00189767 0.264348 0)
(0.00636699 0.264088 0)
(0.0108496 0.263105 0)
(0.0145269 0.261644 0)
(0.0169503 0.259889 0)
(0.0180821 0.257956 0)
(0.017674 0.255872 0)
(0.0155355 0.25394 0)
(0.0121458 0.252082 0)
(0.00801876 0.249606 0)
(0.00353513 0.246684 0)
(-0.00156971 0.243041 0)
(-0.00798699 0.238956 0)
(-0.0145559 0.235367 0)
(-0.0183947 0.233834 0)
(-0.0157642 0.23373 0)
(-0.0265246 0.234311 0)
(-0.0231208 0.235431 0)
(-0.00146488 0.260893 0)
(-0.00227055 0.261517 0)
(-0.00411637 0.262 0)
(-0.00506143 0.262789 0)
(-0.00524473 0.263555 0)
(-0.00457285 0.264411 0)
(-0.0028375 0.265305 0)
(0.000268605 0.265968 0)
(0.00435696 0.266118 0)
(0.00873065 0.265539 0)
(0.0127831 0.264119 0)
(0.0158148 0.262183 0)
(0.0174131 0.259897 0)
(0.0174213 0.257365 0)
(0.0156392 0.252845 0)
(0.0123428 0.248648 0)
(0.00776728 0.24705 0)
(0.0026061 0.245512 0)
(-0.00231564 0.242702 0)
(-0.00698781 0.239485 0)
(-0.0108367 0.2369 0)
(-0.0123143 0.234991 0)
(-0.00735033 0.234367 0)
(-0.016631 0.23381 0)
(-0.0170639 0.235892 0)
(-0.00307724 0.261443 0)
(-0.00525761 0.264091 0)
(-0.00478556 0.26401 0)
(-0.00482999 0.264348 0)
(-0.00460801 0.265012 0)
(-0.00376032 0.265619 0)
(-0.0023986 0.2662 0)
(-0.000261857 0.266703 0)
(0.00261233 0.266821 0)
(0.00583376 0.266629 0)
(0.00910664 0.266133 0)
(0.0120321 0.264786 0)
(0.0140694 0.262635 0)
(0.0144859 0.260052 0)
(0.0133932 0.258858 0)
(0.00986106 0.256779 0)
(0.00607287 0.251633 0)
(0.00222764 0.248476 0)
(-0.00223336 0.246808 0)
(-0.0058205 0.244809 0)
(-0.00788768 0.24282 0)
(-0.00790088 0.241497 0)
(-0.00263013 0.240825 0)
(-0.00980232 0.239756 0)
(-0.0116648 0.239859 0)
(-0.00446403 0.266425 0)
(-0.00521657 0.265026 0)
(-0.00249616 0.26579 0)
(-0.00178723 0.26656 0)
(-0.000961318 0.267096 0)
(0.000117871 0.267467 0)
(0.00122715 0.267694 0)
(0.00234924 0.267781 0)
(0.00373265 0.26763 0)
(0.00542395 0.267016 0)
(0.00712362 0.265132 0)
(0.00870164 0.264089 0)
(0.00981986 0.263997 0)
(0.0102853 0.262551 0)
(0.0103351 0.260466 0)
(0.00863356 0.261777 0)
(0.00622581 0.260871 0)
(0.00233949 0.255808 0)
(-0.00133631 0.252528 0)
(-0.00422721 0.250919 0)
(-0.00550117 0.249445 0)
(-0.00486061 0.248309 0)
(-0.000304102 0.24751 0)
(-0.00717961 0.246504 0)
(-0.00939998 0.245563 0)
(-0.0042356 0.267505 0)
(-0.00472032 0.268247 0)
(2.58448e-05 0.269148 0)
(0.00226253 0.269505 0)
(0.0042269 0.269686 0)
(0.00591698 0.269689 0)
(0.00711792 0.269511 0)
(0.00754511 0.269208 0)
(0.00757684 0.26823 0)
(0.00767974 0.267385 0)
(0.007131 0.267537 0)
(0.00643801 0.266915 0)
(0.00692049 0.265125 0)
(0.0066523 0.263936 0)
(0.00611947 0.262127 0)
(0.00508492 0.259212 0)
(0.00382686 0.258055 0)
(0.00129088 0.25832 0)
(-0.00140988 0.257231 0)
(-0.00345377 0.256116 0)
(-0.00413837 0.255096 0)
(-0.00318408 0.254139 0)
(0.000568118 0.253357 0)
(-0.00616535 0.252478 0)
(-0.00809206 0.251598 0)
(-0.00402125 0.271214 0)
(-0.00397069 0.27189 0)
(0.00264013 0.27252 0)
(0.00589503 0.272512 0)
(0.0085978 0.272246 0)
(0.0106909 0.271744 0)
(0.0119669 0.271044 0)
(0.0122992 0.27013 0)
(0.0110631 0.26961 0)
(0.00937379 0.269216 0)
(0.00859452 0.269336 0)
(0.00768878 0.268182 0)
(0.00616434 0.265752 0)
(0.00502621 0.264588 0)
(0.00396279 0.263848 0)
(0.00289105 0.262554 0)
(0.00163109 0.26134 0)
(9.37219e-05 0.260892 0)
(-0.00157429 0.260344 0)
(-0.00298413 0.259637 0)
(-0.00330011 0.258969 0)
(-0.00230206 0.258233 0)
(0.000655785 0.257561 0)
(-0.00570982 0.256811 0)
(-0.00713049 0.256313 0)
(-0.00245353 0.274908 0)
(-0.000963034 0.275551 0)
(0.00687688 0.275197 0)
(0.00972757 0.274667 0)
(0.0117029 0.2739 0)
(0.0130063 0.272953 0)
(0.0136897 0.271878 0)
(0.0136653 0.270619 0)
(0.0133374 0.270042 0)
(0.0116457 0.268899 0)
(0.00939394 0.266739 0)
(0.00737658 0.265488 0)
(0.00528774 0.265469 0)
(0.00375995 0.26502 0)
(0.00244299 0.264532 0)
(0.00131264 0.264061 0)
(0.000258187 0.263522 0)
(-0.000774255 0.262993 0)
(-0.00177841 0.262429 0)
(-0.00260496 0.261881 0)
(-0.0026237 0.261371 0)
(-0.00169315 0.260788 0)
(0.000523088 0.260173 0)
(-0.00526183 0.259566 0)
(-0.00616191 0.259475 0)
(-0.00026737 0.277518 0)
(0.00452564 0.277697 0)
(0.0119339 0.2769 0)
(0.0136947 0.275555 0)
(0.014099 0.274172 0)
(0.0138642 0.272837 0)
(0.0132805 0.27155 0)
(0.0124397 0.270328 0)
(0.0112899 0.268478 0)
(0.00930631 0.267053 0)
(0.00678457 0.266161 0)
(0.00453951 0.265586 0)
(0.00281692 0.265342 0)
(0.00163897 0.265023 0)
(0.000734213 0.264816 0)
(-7.50235e-05 0.264627 0)
(-0.000803025 0.264354 0)
(-0.00143186 0.26398 0)
(-0.001972 0.263528 0)
(-0.00234048 0.263071 0)
(-0.00208123 0.262644 0)
(-0.00121073 0.26221 0)
(0.000295315 0.26172 0)
(-0.00440216 0.261183 0)
(-0.00486921 0.261369 0)
(0.00291622 0.278692 0)
(0.0103894 0.278842 0)
(0.0155036 0.276845 0)
(0.0160902 0.274815 0)
(0.0152774 0.273059 0)
(0.0137153 0.271527 0)
(0.0118444 0.270109 0)
(0.00989515 0.2688 0)
(0.0079208 0.267568 0)
(0.00564871 0.266394 0)
(0.00319871 0.265495 0)
(0.00118288 0.265002 0)
(-0.000112401 0.264805 0)
(-0.000738162 0.264788 0)
(-0.00101722 0.264758 0)
(-0.00128272 0.264681 0)
(-0.00157885 0.264502 0)
(-0.0018297 0.264211 0)
(-0.00202664 0.263846 0)
(-0.00208289 0.26347 0)
(-0.00172254 0.26316 0)
(-0.00104493 0.262723 0)
(-0.00021441 0.262455 0)
(-0.00345836 0.262337 0)
(-0.00314255 0.262864 0)
(0.00684168 0.277639 0)
(0.0126472 0.276348 0)
(0.0149313 0.27363 0)
(0.0151 0.271631 0)
(0.0141447 0.270057 0)
(0.0121037 0.268767 0)
(0.00954065 0.267645 0)
(0.00697353 0.266632 0)
(0.00419923 0.265833 0)
(0.00145863 0.264862 0)
(-0.000637037 0.264304 0)
(-0.00207073 0.264126 0)
(-0.00272533 0.264177 0)
(-0.00269234 0.264347 0)
(-0.00234209 0.264427 0)
(-0.0020319 0.264354 0)
(-0.00191668 0.264173 0)
(-0.0019263 0.263895 0)
(-0.00200131 0.263562 0)
(-0.002005 0.263251 0)
(-0.00177062 0.263009 0)
(-0.00132721 0.262833 0)
(-0.00102926 0.262687 0)
(-0.00250353 0.260751 0)
(-0.0015528 0.261545 0)
(0.00594627 0.269675 0)
(0.0105283 0.269066 0)
(0.0112455 0.267665 0)
(0.0119929 0.266351 0)
(0.011689 0.265369 0)
(0.00986056 0.264491 0)
(0.00712208 0.263834 0)
(0.00376914 0.26337 0)
(-3.36968e-05 0.262719 0)
(-0.00276811 0.262582 0)
(-0.00394262 0.262743 0)
(-0.0044582 0.263031 0)
(-0.0043397 0.263405 0)
(-0.00364676 0.263642 0)
(-0.00284156 0.263746 0)
(-0.00228202 0.263579 0)
(-0.00203439 0.263276 0)
(-0.00203572 0.262931 0)
(-0.00217116 0.26262 0)
(-0.00225353 0.262412 0)
(-0.00216057 0.262104 0)
(-0.00204781 0.262107 0)
(-0.00164513 0.262161 0)
(-0.00173252 0.262686 0)
(1.3983e-05 0.26374 0)
(0.00566705 0.262774 0)
(0.00861095 0.262561 0)
(0.00750361 0.26145 0)
(0.00911646 0.260828 0)
(0.00889527 0.260186 0)
(0.00671318 0.259549 0)
(0.00346734 0.259049 0)
(-0.000240058 0.258719 0)
(-0.00334571 0.25918 0)
(-0.00509708 0.260417 0)
(-0.00556281 0.261258 0)
(-0.00527702 0.26191 0)
(-0.00452896 0.262386 0)
(-0.00343528 0.262624 0)
(-0.00254229 0.26252 0)
(-0.00211845 0.262233 0)
(-0.00200726 0.261912 0)
(-0.00215987 0.261623 0)
(-0.00241657 0.261508 0)
(-0.00263365 0.261189 0)
(-0.00276421 0.261704 0)
(-0.00297802 0.262128 0)
(-0.00267207 0.261958 0)
(-0.000230842 0.264231 0)
(0.00166579 0.265274 0)
(0.00803139 0.257326 0)
(0.00890782 0.256725 0)
(0.004732 0.256512 0)
(0.00585851 0.256423 0)
(0.00479065 0.255948 0)
(0.00224644 0.255585 0)
(-0.000385557 0.255776 0)
(-0.00275652 0.25679 0)
(-0.00431055 0.257978 0)
(-0.0051589 0.259026 0)
(-0.00532106 0.260086 0)
(-0.00458539 0.260846 0)
(-0.00343028 0.261285 0)
(-0.00233464 0.26136 0)
(-0.00171968 0.261032 0)
(-0.00157552 0.260715 0)
(-0.00179401 0.260442 0)
(-0.00226692 0.26039 0)
(-0.00277531 0.26006 0)
(-0.00336925 0.260332 0)
(-0.0038573 0.26087 0)
(-0.0044002 0.261279 0)
(-0.00416848 0.262065 0)
(0.00116749 0.262681 0)
(0.00368286 0.263667 0)
(0.00752272 0.25359 0)
(0.00729094 0.253532 0)
(0.00194074 0.253628 0)
(0.00250029 0.253809 0)
(0.000818126 0.253746 0)
(-0.000887165 0.25436 0)
(-0.00203643 0.255439 0)
(-0.0030807 0.256434 0)
(-0.00392141 0.257684 0)
(-0.00429324 0.258649 0)
(-0.00395029 0.259507 0)
(-0.0028009 0.259998 0)
(-0.00147765 0.260134 0)
(-0.000676242 0.259838 0)
(-0.00055267 0.259497 0)
(-0.000895212 0.259218 0)
(-0.00160933 0.259196 0)
(-0.00249347 0.258813 0)
(-0.00355005 0.259179 0)
(-0.00452233 0.261173 0)
(-0.00543624 0.261873 0)
(-0.00585239 0.261832 0)
(-0.0052068 0.262736 0)
(0.00227561 0.262631 0)
(0.00519864 0.2634 0)
(0.00516815 0.25335 0)
(0.0042751 0.252318 0)
(-0.000275624 0.252827 0)
(-1.84802e-05 0.253056 0)
(-0.00117463 0.253609 0)
(-0.00169392 0.25459 0)
(-0.00205065 0.255473 0)
(-0.00254649 0.25632 0)
(-0.00294621 0.25637 0)
(-0.00290492 0.256835 0)
(-0.00198762 0.257812 0)
(-0.000559803 0.258916 0)
(0.000572209 0.258897 0)
(0.000897971 0.258384 0)
(0.000464682 0.258077 0)
(-0.000496016 0.258101 0)
(-0.00170918 0.25802 0)
(-0.00322632 0.258895 0)
(-0.00479129 0.261216 0)
(-0.00612611 0.261694 0)
(-0.00714532 0.261402 0)
(-0.00717684 0.26316 0)
(-0.00560128 0.264047 0)
(0.0035887 0.264894 0)
(0.00619659 0.26499 0)
(0.00336524 0.252255 0)
(0.00208667 0.252124 0)
(-0.00159641 0.253045 0)
(-0.00137293 0.253441 0)
(-0.00167019 0.254183 0)
(-0.00158337 0.254926 0)
(-0.00156979 0.25562 0)
(-0.00167658 0.256375 0)
(-0.00177893 0.257606 0)
(-0.00128381 0.258351 0)
(-0.000135804 0.258884 0)
(0.00130206 0.258078 0)
(0.00206935 0.257338 0)
(0.00182685 0.257075 0)
(0.00085132 0.257107 0)
(-0.000571413 0.257127 0)
(-0.0024138 0.257835 0)
(-0.00451761 0.259567 0)
(-0.00610494 0.261748 0)
(-0.00775744 0.261444 0)
(-0.00849381 0.263789 0)
(-0.00808331 0.264853 0)
(-0.00551127 0.265905 0)
(0.00471581 0.266661 0)
(0.00659262 0.2663 0)
(0.00285837 0.25255 0)
(0.00182964 0.253052 0)
(-0.00175652 0.253862 0)
(-0.00178821 0.254311 0)
(-0.00163276 0.25494 0)
(-0.00142688 0.255461 0)
(-0.00137874 0.255948 0)
(-0.00140043 0.256478 0)
(-0.00102657 0.257727 0)
(0.000254797 0.25859 0)
(0.00177562 0.258154 0)
(0.00255795 0.256866 0)
(0.00262137 0.256465 0)
(0.00191984 0.256521 0)
(0.000639258 0.256903 0)
(-0.00106243 0.25803 0)
(-0.00334088 0.26067 0)
(-0.00538695 0.26197 0)
(-0.00737896 0.261856 0)
(-0.00872471 0.264376 0)
(-0.00914624 0.265627 0)
(-0.00818323 0.266742 0)
(-0.00452743 0.267863 0)
(0.00561228 0.268422 0)
(0.00694271 0.267475 0)
(0.00282137 0.254118 0)
(0.00217789 0.254736 0)
(-0.00168384 0.255071 0)
(-0.00197572 0.255461 0)
(-0.00159283 0.255945 0)
(-0.00143545 0.25632 0)
(-0.0014577 0.256646 0)
(-0.00139179 0.256878 0)
(-0.000607743 0.256757 0)
(0.000839028 0.256951 0)
(0.00186075 0.256136 0)
(0.00235967 0.256474 0)
(0.00237282 0.256606 0)
(0.00181606 0.257072 0)
(0.000769553 0.258037 0)
(-0.00118454 0.260216 0)
(-0.00296019 0.261372 0)
(-0.0050761 0.264463 0)
(-0.00762133 0.264445 0)
(-0.0090326 0.266116 0)
(-0.00924616 0.267316 0)
(-0.00744523 0.268585 0)
(-0.00317046 0.26956 0)
(0.00608065 0.2695 0)
(0.00658991 0.267849 0)
(0.0026672 0.255878 0)
(0.00232102 0.255997 0)
(-0.0016114 0.256346 0)
(-0.00224974 0.256786 0)
(-0.00175438 0.257111 0)
(-0.00156843 0.257403 0)
(-0.00165372 0.257629 0)
(-0.0015524 0.257839 0)
(-0.000850652 0.257892 0)
(0.000204325 0.257563 0)
(0.00100518 0.257314 0)
(0.001511 0.257224 0)
(0.00183396 0.257363 0)
(0.00182302 0.25762 0)
(0.00106393 0.25915 0)
(-0.000819099 0.262015 0)
(-0.00176285 0.264432 0)
(-0.00508178 0.264819 0)
(-0.00730355 0.265882 0)
(-0.00907135 0.267461 0)
(-0.00876331 0.268822 0)
(-0.00616752 0.270183 0)
(-0.00222576 0.27096 0)
(0.00538872 0.270596 0)
(0.00563069 0.269201 0)
(0.002378 0.257375 0)
(0.00215024 0.257452 0)
(-0.00152999 0.257472 0)
(-0.00253882 0.258053 0)
(-0.00208821 0.258404 0)
(-0.00168879 0.25867 0)
(-0.00169764 0.258877 0)
(-0.00170003 0.259095 0)
(-0.00130938 0.259011 0)
(-0.000673976 0.258628 0)
(-7.81553e-05 0.25866 0)
(0.000689336 0.258558 0)
(0.00155739 0.258676 0)
(0.00214846 0.259641 0)
(0.00201685 0.261121 0)
(0.00104849 0.261332 0)
(-0.000968838 0.262086 0)
(-0.00419889 0.26385 0)
(-0.00696036 0.266615 0)
(-0.00870132 0.268053 0)
(-0.00805533 0.269577 0)
(-0.0055483 0.27065 0)
(-0.00287867 0.270869 0)
(0.00311835 0.270586 0)
(0.00377066 0.269415 0)
(0.00207562 0.258581 0)
(0.00173898 0.258493 0)
(-0.00132397 0.258506 0)
(-0.00229057 0.259203 0)
(-0.00213438 0.259731 0)
(-0.00151687 0.259976 0)
(-0.00120116 0.260222 0)
(-0.00119419 0.26042 0)
(-0.00129247 0.260537 0)
(-0.00118336 0.260426 0)
(-0.000778381 0.260374 0)
(0.000154204 0.260301 0)
(0.00152965 0.260419 0)
(0.00290393 0.260674 0)
(0.00356317 0.261266 0)
(0.00299691 0.261759 0)
(0.00104456 0.262142 0)
(-0.00177558 0.263337 0)
(-0.00502454 0.265361 0)
(-0.00744968 0.266979 0)
(-0.00798273 0.268232 0)
(-0.0070984 0.268626 0)
(-0.00559003 0.268509 0)
(-0.00182975 0.268867 0)
(-9.51107e-05 0.267442 0)
(0.0019246 0.259556 0)
(0.00150378 0.259686 0)
(-0.000837911 0.259753 0)
(-0.00151132 0.260283 0)
(-0.00184877 0.260901 0)
(-0.001186 0.261368 0)
(-0.000330993 0.261521 0)
(-1.07285e-05 0.261636 0)
(-0.000250913 0.261801 0)
(-0.00049941 0.262063 0)
(-0.000259154 0.262179 0)
(0.000680338 0.26223 0)
(0.00216048 0.261984 0)
(0.00371612 0.26172 0)
(0.00477756 0.261235 0)
(0.00466959 0.260939 0)
(0.00341621 0.261276 0)
(0.00165914 0.261973 0)
(-0.0011288 0.262638 0)
(-0.00464964 0.263181 0)
(-0.00732048 0.263854 0)
(-0.00848356 0.264342 0)
(-0.00819197 0.264924 0)
(-0.00711254 0.264631 0)
(-0.0042149 0.263254 0)
(0.00207797 0.26011 0)
(0.00177642 0.260222 0)
(-0.000126424 0.260544 0)
(-0.000521107 0.260876 0)
(-0.001022 0.261527 0)
(-0.000478194 0.261274 0)
(0.000574587 0.26246 0)
(0.0015543 0.262537 0)
(0.00180733 0.262657 0)
(0.00158596 0.261629 0)
(0.00166647 0.261456 0)
(0.00227491 0.261996 0)
(0.00332405 0.262929 0)
(0.00463312 0.262531 0)
(0.00559184 0.261607 0)
(0.00594388 0.260651 0)
(0.00561466 0.259831 0)
(0.0048497 0.258684 0)
(0.00310181 0.258081 0)
(-2.05657e-05 0.259718 0)
(-0.00370951 0.259923 0)
(-0.006306 0.260182 0)
(-0.00758873 0.260736 0)
(-0.0101736 0.261917 0)
(-0.00647999 0.262188 0)
(0.00242742 0.260139 0)
(0.00226876 0.260482 0)
(0.000486135 0.260662 0)
(0.000535303 0.260914 0)
(0.000351324 0.261468 0)
(0.000623024 0.262264 0)
(0.00147673 0.262617 0)
(0.00299729 0.262784 0)
(0.00407203 0.26269 0)
(0.00389289 0.263196 0)
(0.00367228 0.263414 0)
(0.00365281 0.263235 0)
(0.00428005 0.263049 0)
(0.00498217 0.26275 0)
(0.00549922 0.262154 0)
(0.00595947 0.261552 0)
(0.00625441 0.26065 0)
(0.00633203 0.259627 0)
(0.00620973 0.258331 0)
(0.00495345 0.25589 0)
(0.00225931 0.255731 0)
(-0.000959499 0.256303 0)
(-0.00319709 0.257565 0)
(-0.00879335 0.258869 0)
(-0.00702273 0.260082 0)
(0.00275467 0.259836 0)
(0.00262925 0.260133 0)
(0.000698166 0.260472 0)
(0.00113371 0.260693 0)
(0.00134103 0.261148 0)
(0.00161961 0.262671 0)
(0.00254188 0.262091 0)
(0.00399875 0.262396 0)
(0.00537051 0.262263 0)
(0.00606969 0.263772 0)
(0.00577905 0.264257 0)
(0.00542015 0.263927 0)
(0.00531144 0.262551 0)
(0.00530024 0.262481 0)
(0.00546698 0.262417 0)
(0.00596999 0.262141 0)
(0.00634761 0.262052 0)
(0.00692913 0.261665 0)
(0.00745098 0.260315 0)
(0.00759804 0.257683 0)
(0.00731849 0.256591 0)
(0.00603137 0.256326 0)
(0.00415738 0.255298 0)
(-0.0013124 0.25595 0)
(-0.00296407 0.257989 0)
(0.00289686 0.259486 0)
(0.00271355 0.259898 0)
(0.000464755 0.260092 0)
(0.00103764 0.260287 0)
(0.00153907 0.260588 0)
(0.00227655 0.260981 0)
(0.00310978 0.260726 0)
(0.00421898 0.260626 0)
(0.00537022 0.260496 0)
(0.00640801 0.25978 0)
(0.00674237 0.259479 0)
(0.00645549 0.259284 0)
(0.00534818 0.25922 0)
(0.00461347 0.259189 0)
(0.00437357 0.259544 0)
(0.00468533 0.261452 0)
(0.00595619 0.261152 0)
(0.00782472 0.260952 0)
(0.0098963 0.26081 0)
(0.0116899 0.26115 0)
(0.0124569 0.259698 0)
(0.0114005 0.258084 0)
(0.00947529 0.257068 0)
(0.00691341 0.255531 0)
(0.00322592 0.256284 0)
(0.00276042 0.259417 0)
(0.00237216 0.259652 0)
(-0.000320877 0.259921 0)
(0.000149927 0.260062 0)
(0.000763585 0.260139 0)
(0.00158412 0.259998 0)
(0.00221758 0.260198 0)
(0.00294992 0.260122 0)
(0.00382042 0.25982 0)
(0.00455844 0.259012 0)
(0.00486292 0.25882 0)
(0.00459844 0.259369 0)
(0.00392883 0.260529 0)
(0.00325279 0.261315 0)
(0.00276979 0.261792 0)
(0.0026932 0.26022 0)
(0.00353129 0.260722 0)
(0.00496783 0.260744 0)
(0.00682917 0.260528 0)
(0.00952935 0.261642 0)
(0.0121057 0.261514 0)
(0.0130822 0.261004 0)
(0.0121343 0.260341 0)
(0.010079 0.258914 0)
(0.00481566 0.257796 0)
(0.0020964 0.260084 0)
(0.00147122 0.260103 0)
(-0.00136041 0.260272 0)
(-0.00134898 0.26034 0)
(-0.0010122 0.260166 0)
(-0.000462349 0.259902 0)
(0.000159325 0.260447 0)
(0.000851529 0.260559 0)
(0.00172589 0.260462 0)
(0.00257425 0.260029 0)
(0.00320728 0.26014 0)
(0.0034058 0.260842 0)
(0.00334591 0.261949 0)
(0.00323892 0.263019 0)
(0.00312633 0.264046 0)
(0.00302607 0.263566 0)
(0.00288724 0.264449 0)
(0.00291093 0.264847 0)
(0.00326541 0.264791 0)
(0.00407134 0.262843 0)
(0.00487209 0.262262 0)
(0.004791 0.2616 0)
(0.0048267 0.261311 0)
(0.00650189 0.262126 0)
(0.00412145 0.260892 0)
(0.000656379 0.261205 0)
(-0.000282765 0.260452 0)
(-0.00267212 0.260809 0)
(-0.00330298 0.261263 0)
(-0.003647 0.261356 0)
(-0.00361392 0.261203 0)
(-0.00342189 0.261097 0)
(-0.00314224 0.260871 0)
(-0.00249652 0.260705 0)
(-0.00142029 0.260659 0)
(-0.000336483 0.260346 0)
(0.000540005 0.2601 0)
(0.00131927 0.260293 0)
(0.0020396 0.261065 0)
(0.0023226 0.261952 0)
(0.00214288 0.264355 0)
(0.00171923 0.265513 0)
(0.00102794 0.26645 0)
(0.000603075 0.267012 0)
(0.000275972 0.266169 0)
(-0.000822492 0.26542 0)
(-0.00169266 0.264759 0)
(-0.00300496 0.264255 0)
(-0.00348529 0.26235 0)
(-0.00222092 0.260943 0)
(-0.00219931 0.263309 0)
(-0.00375173 0.262261 0)
(-0.00421401 0.2624 0)
(-0.00541466 0.262576 0)
(-0.00675121 0.262692 0)
(-0.00729328 0.262579 0)
(-0.00732356 0.262318 0)
(-0.00720932 0.262128 0)
(-0.00668908 0.26204 0)
(-0.00550382 0.26188 0)
(-0.00385439 0.261616 0)
(-0.00211371 0.261242 0)
(-0.000563963 0.260832 0)
(0.000642489 0.26051 0)
(0.00116749 0.260705 0)
(0.000870662 0.260735 0)
(-0.000207943 0.260627 0)
(-0.00205524 0.261633 0)
(-0.00452112 0.262763 0)
(-0.00684866 0.264554 0)
(-0.00824847 0.26476 0)
(-0.00806718 0.264656 0)
(-0.00837666 0.265164 0)
(-0.0118308 0.265053 0)
(-0.00819367 0.26231 0)
(-0.00533391 0.263043 0)
(-0.00786535 0.263845 0)
(-0.00628849 0.263902 0)
(-0.00656323 0.26371 0)
(-0.0075922 0.263829 0)
(-0.00816247 0.263921 0)
(-0.00829987 0.263946 0)
(-0.00801573 0.264126 0)
(-0.00754521 0.264335 0)
(-0.00642426 0.264548 0)
(-0.00452066 0.264497 0)
(-0.00245808 0.26425 0)
(-0.00061363 0.264 0)
(0.000861395 0.263428 0)
(0.00181376 0.262482 0)
(0.00179306 0.261467 0)
(0.000768235 0.260287 0)
(-0.00100631 0.259018 0)
(-0.00364222 0.258576 0)
(-0.00735926 0.258554 0)
(-0.00995544 0.259129 0)
(-0.00991496 0.259692 0)
(-0.0087692 0.260255 0)
(-0.0168294 0.263011 0)
(-0.0139414 0.263013 0)
(-0.00738537 0.265882 0)
(-0.00936962 0.265368 0)
(-0.00494239 0.265177 0)
(-0.00385304 0.265441 0)
(-0.00424882 0.265765 0)
(-0.00524928 0.266289 0)
(-0.00619443 0.26681 0)
(-0.00630051 0.267029 0)
(-0.00603771 0.267342 0)
(-0.00545551 0.267705 0)
(-0.0041549 0.267841 0)
(-0.00221451 0.267642 0)
(-0.000343819 0.265303 0)
(0.00114066 0.26411 0)
(0.00207097 0.262652 0)
(0.00227649 0.262326 0)
(0.00163839 0.261839 0)
(0.00010548 0.259597 0)
(-0.00162456 0.257905 0)
(-0.00371966 0.256846 0)
(-0.00627395 0.256678 0)
(-0.0071874 0.257046 0)
(-0.00497897 0.257152 0)
(-0.0146703 0.257316 0)
(-0.0144079 0.257806 0)
(-0.00736977 0.268042 0)
(-0.00849907 0.268353 0)
(-0.00151581 0.26918 0)
(0.00107643 0.269058 0)
(0.0019762 0.268954 0)
(0.00166889 0.268454 0)
(0.000455686 0.268458 0)
(-0.000778794 0.268511 0)
(-0.00146308 0.26837 0)
(-0.00187267 0.268302 0)
(-0.00185197 0.268261 0)
(-0.00103041 0.267782 0)
(0.000188215 0.268685 0)
(0.00102726 0.267902 0)
(0.00163679 0.266782 0)
(0.00178567 0.264329 0)
(0.00137928 0.262217 0)
(0.000290934 0.261108 0)
(-0.00110509 0.258931 0)
(-0.00160019 0.257188 0)
(-0.00240861 0.256001 0)
(-0.00337854 0.256006 0)
(-0.0014614 0.256024 0)
(-0.0119977 0.255694 0)
(-0.0136618 0.255273 0)
(-0.00343244 0.269706 0)
(-0.00156073 0.272228 0)
(0.0055223 0.273198 0)
(0.00771898 0.273188 0)
(0.00868123 0.272625 0)
(0.00829893 0.271973 0)
(0.00688436 0.271552 0)
(0.00487142 0.271505 0)
(0.00292612 0.271522 0)
(0.00125911 0.27146 0)
(-1.93898e-05 0.271329 0)
(-0.000956123 0.271115 0)
(-0.000818735 0.2721 0)
(-5.43482e-05 0.271337 0)
(0.000406551 0.269928 0)
(0.000629565 0.268248 0)
(0.000388765 0.266324 0)
(3.73714e-05 0.263769 0)
(-0.0012222 0.260123 0)
(-0.00118854 0.258478 0)
(-0.000251868 0.257271 0)
(-0.000230489 0.256567 0)
(0.00129267 0.256419 0)
(-0.0101894 0.256076 0)
(-0.0130609 0.255772 0)
(0.00479357 0.273443 0)
(0.0113032 0.276227 0)
(0.0136979 0.276172 0)
(0.0132253 0.275359 0)
(0.0124683 0.274393 0)
(0.0124089 0.274475 0)
(0.011638 0.273969 0)
(0.00985334 0.273545 0)
(0.00757741 0.273265 0)
(0.0053303 0.272913 0)
(0.00328227 0.272548 0)
(0.00158026 0.272287 0)
(0.000497642 0.270128 0)
(0.000175619 0.269074 0)
(1.85614e-05 0.268041 0)
(0.000123014 0.266871 0)
(-7.07391e-05 0.264874 0)
(-0.00046487 0.263436 0)
(-0.000850276 0.262906 0)
(-0.000577433 0.260988 0)
(0.00087763 0.259644 0)
(0.00196227 0.258407 0)
(0.00375933 0.257982 0)
(-0.00808551 0.257563 0)
(-0.0118013 0.257485 0)
(0.0109468 0.276561 0)
(0.0196027 0.276931 0)
(0.0151731 0.275488 0)
(0.012546 0.273608 0)
(0.0124255 0.272805 0)
(0.0124118 0.271808 0)
(0.0123652 0.27117 0)
(0.0117147 0.270524 0)
(0.0101712 0.269988 0)
(0.00810163 0.269436 0)
(0.00591728 0.268851 0)
(0.00389168 0.268215 0)
(0.00177366 0.267667 0)
(2.05835e-05 0.267171 0)
(-0.00102433 0.266629 0)
(-0.00150035 0.265754 0)
(-0.00140265 0.264842 0)
(-0.0014527 0.264705 0)
(-0.00117172 0.26422 0)
(-0.000321411 0.262787 0)
(0.00145047 0.26154 0)
(0.00312646 0.260578 0)
(0.00519947 0.259703 0)
(-0.00569657 0.258978 0)
(-0.00942338 0.259261 0)
(0.0120796 0.272709 0)
(0.017487 0.272722 0)
(0.00906442 0.270586 0)
(0.00825366 0.269526 0)
(0.0107688 0.269203 0)
(0.0114725 0.268833 0)
(0.0111293 0.268281 0)
(0.0103108 0.267661 0)
(0.00886273 0.267041 0)
(0.00693796 0.266547 0)
(0.00493132 0.266195 0)
(0.00301092 0.265918 0)
(0.0011948 0.265875 0)
(-0.00044205 0.265749 0)
(-0.00173747 0.265465 0)
(-0.00273339 0.265073 0)
(-0.00316322 0.264479 0)
(-0.00284663 0.263467 0)
(-0.00196531 0.263178 0)
(-0.000551884 0.26322 0)
(0.00158125 0.262424 0)
(0.00327321 0.261668 0)
(0.00442883 0.260798 0)
(-0.00329617 0.258713 0)
(-0.00552601 0.260763 0)
(0.0134276 0.265426 0)
(0.0139446 0.265781 0)
(0.00313902 0.264293 0)
(0.0061767 0.264885 0)
(0.00922492 0.264837 0)
(0.00973706 0.264463 0)
(0.00933247 0.264123 0)
(0.00841114 0.263785 0)
(0.00699229 0.263424 0)
(0.00533376 0.263177 0)
(0.00359577 0.263042 0)
(0.00187012 0.262983 0)
(0.00022388 0.262997 0)
(-0.00131351 0.263036 0)
(-0.0026836 0.263094 0)
(-0.0037736 0.263146 0)
(-0.00433194 0.263473 0)
(-0.00410996 0.26343 0)
(-0.00302131 0.26284 0)
(-0.00125802 0.262763 0)
(0.000987299 0.262702 0)
(0.00250437 0.262226 0)
(0.00263364 0.261517 0)
(-0.00105393 0.260275 0)
(-0.00113466 0.260772 0)
(0.0159697 0.259044 0)
(0.0137962 0.258957 0)
(0.00194565 0.259473 0)
(0.0059495 0.260278 0)
(0.00732927 0.26009 0)
(0.00711066 0.259727 0)
(0.00658371 0.259522 0)
(0.00560868 0.259364 0)
(0.00441788 0.259298 0)
(0.00317438 0.259389 0)
(0.00182844 0.259545 0)
(0.000418797 0.259806 0)
(-0.00107145 0.260106 0)
(-0.00256939 0.260513 0)
(-0.0039999 0.261009 0)
(-0.00516636 0.261497 0)
(-0.00569615 0.261825 0)
(-0.00522161 0.262351 0)
(-0.0039375 0.262776 0)
(-0.00196641 0.263051 0)
(8.05803e-05 0.263116 0)
(0.00115119 0.262773 0)
(0.00107904 0.262142 0)
(0.00182028 0.262271 0)
(0.00232465 0.263513 0)
(0.0157603 0.255497 0)
(0.0133791 0.254926 0)
(0.00184154 0.255888 0)
(0.00472409 0.256094 0)
(0.00424907 0.255704 0)
(0.00378316 0.255555 0)
(0.00335227 0.255557 0)
(0.00259827 0.255682 0)
(0.00183696 0.255979 0)
(0.000998321 0.25638 0)
(-2.45383e-05 0.25687 0)
(-0.00121677 0.25751 0)
(-0.00253993 0.258305 0)
(-0.00396016 0.258985 0)
(-0.00542765 0.259445 0)
(-0.00655167 0.260171 0)
(-0.0069165 0.261344 0)
(-0.00631596 0.262194 0)
(-0.00482858 0.26294 0)
(-0.00300258 0.263429 0)
(-0.00154106 0.263476 0)
(-0.000992241 0.263264 0)
(-0.000790213 0.262965 0)
(0.00463633 0.264033 0)
(0.00568913 0.266843 0)
(0.0141393 0.252937 0)
(0.0114935 0.252767 0)
(0.000495634 0.253487 0)
(0.00173773 0.253241 0)
(0.000678742 0.253046 0)
(0.000581192 0.253172 0)
(0.000437931 0.253373 0)
(0.000107093 0.253747 0)
(-0.000266329 0.254262 0)
(-0.000824311 0.254853 0)
(-0.00163859 0.255551 0)
(-0.00275907 0.255927 0)
(-0.00414791 0.255658 0)
(-0.00551942 0.256924 0)
(-0.00670731 0.258484 0)
(-0.00756243 0.260793 0)
(-0.00760171 0.261527 0)
(-0.00690191 0.262619 0)
(-0.00564615 0.26346 0)
(-0.00438761 0.263848 0)
(-0.00344418 0.263983 0)
(-0.0029246 0.263856 0)
(-0.00142037 0.263633 0)
(0.00758487 0.263318 0)
(0.00833864 0.263911 0)
(0.0137114 0.250973 0)
(0.0103141 0.251988 0)
(-0.0017559 0.252381 0)
(-0.00135646 0.252268 0)
(-0.00213457 0.252453 0)
(-0.00184672 0.252732 0)
(-0.00168093 0.253053 0)
(-0.00161173 0.253507 0)
(-0.00169679 0.254063 0)
(-0.00199597 0.254709 0)
(-0.00256004 0.255487 0)
(-0.00347647 0.256459 0)
(-0.00458755 0.257784 0)
(-0.00608194 0.257359 0)
(-0.00722665 0.258812 0)
(-0.0081722 0.260729 0)
(-0.00796741 0.262075 0)
(-0.00747164 0.263085 0)
(-0.00678913 0.263819 0)
(-0.00621951 0.264271 0)
(-0.00575527 0.264424 0)
(-0.00490537 0.264351 0)
(-0.00152932 0.264619 0)
(0.00884898 0.264791 0)
(0.00883941 0.263078 0)
(0.0144393 0.250688 0)
(0.0102644 0.252163 0)
(-0.00360878 0.252469 0)
(-0.00325787 0.252723 0)
(-0.00384002 0.253116 0)
(-0.00345927 0.253455 0)
(-0.00311733 0.253811 0)
(-0.00280173 0.254232 0)
(-0.00268689 0.254735 0)
(-0.00281359 0.255333 0)
(-0.00325562 0.256033 0)
(-0.00393383 0.257123 0)
(-0.005045 0.25931 0)
(-0.00583929 0.262638 0)
(-0.00707376 0.263746 0)
(-0.00788952 0.261053 0)
(-0.00803564 0.26244 0)
(-0.00801073 0.263351 0)
(-0.00799017 0.264073 0)
(-0.008097 0.26456 0)
(-0.00797653 0.264947 0)
(-0.00645425 0.265437 0)
(-0.00216204 0.266286 0)
(0.00784494 0.2663 0)
(0.0078679 0.265206 0)
(0.0143797 0.251792 0)
(0.010127 0.252453 0)
(-0.00422602 0.253309 0)
(-0.00401844 0.253759 0)
(-0.0047567 0.254222 0)
(-0.00451193 0.254621 0)
(-0.00419204 0.255004 0)
(-0.0038108 0.255396 0)
(-0.0035864 0.255838 0)
(-0.00366005 0.256375 0)
(-0.00406858 0.256974 0)
(-0.0050488 0.258249 0)
(-0.00617985 0.26013 0)
(-0.00698273 0.26052 0)
(-0.00741343 0.259782 0)
(-0.00690918 0.261659 0)
(-0.00750477 0.262499 0)
(-0.0077997 0.263294 0)
(-0.00823982 0.263996 0)
(-0.00855823 0.264673 0)
(-0.00800661 0.265458 0)
(-0.00564307 0.266645 0)
(-0.00180425 0.267643 0)
(0.00596955 0.267398 0)
(0.00568604 0.265678 0)
(0.0129991 0.253394 0)
(0.00977105 0.253416 0)
(-0.00330213 0.254503 0)
(-0.00388671 0.254906 0)
(-0.00493696 0.255351 0)
(-0.00493639 0.25576 0)
(-0.00476206 0.256154 0)
(-0.00440551 0.256529 0)
(-0.0040284 0.256909 0)
(-0.00380401 0.257341 0)
(-0.0038539 0.257817 0)
(-0.00425598 0.257725 0)
(-0.00469809 0.257456 0)
(-0.00514768 0.258185 0)
(-0.00546976 0.260021 0)
(-0.00575579 0.261479 0)
(-0.00620686 0.262098 0)
(-0.00656854 0.262738 0)
(-0.00686473 0.263391 0)
(-0.00675345 0.264212 0)
(-0.0054524 0.26525 0)
(-0.00312237 0.266379 0)
(-0.00212751 0.266944 0)
(0.00109951 0.266068 0)
(0.00178177 0.263826 0)
(0.0114458 0.255098 0)
(0.00914992 0.255392 0)
(-0.00240854 0.255753 0)
(-0.00354957 0.256041 0)
(-0.00479793 0.256406 0)
(-0.00497353 0.25677 0)
(-0.00488653 0.257161 0)
(-0.00455361 0.257547 0)
(-0.00406179 0.257917 0)
(-0.00355372 0.258278 0)
(-0.00315114 0.258893 0)
(-0.00281236 0.259958 0)
(-0.00289161 0.260098 0)
(-0.0033162 0.259867 0)
(-0.00362789 0.260418 0)
(-0.00388767 0.260912 0)
(-0.00410713 0.261366 0)
(-0.00418722 0.26185 0)
(-0.00399826 0.262417 0)
(-0.00337493 0.263088 0)
(-0.00201822 0.263746 0)
(-0.000392954 0.263934 0)
(-0.00275642 0.264155 0)
(-0.00588524 0.26373 0)
(-0.00360836 0.260463 0)
(0.0101269 0.256522 0)
(0.00814933 0.256554 0)
(-0.00205357 0.256823 0)
(-0.00314126 0.257078 0)
(-0.00438448 0.257444 0)
(-0.00460366 0.257841 0)
(-0.00453259 0.258245 0)
(-0.00422168 0.258651 0)
(-0.00372142 0.25903 0)
(-0.00311933 0.259348 0)
(-0.00251278 0.259476 0)
(-0.00184058 0.259306 0)
(-0.00140773 0.259529 0)
(-0.00143561 0.260166 0)
(-0.00157097 0.260374 0)
(-0.00165664 0.260595 0)
(-0.00165027 0.260835 0)
(-0.00146745 0.261088 0)
(-0.0010182 0.261346 0)
(-0.000355818 0.261603 0)
(5.74497e-05 0.261823 0)
(0.000173042 0.261509 0)
(-0.00149618 0.260322 0)
(-0.0102123 0.262443 0)
(-0.00956163 0.260045 0)
(0.00879931 0.257514 0)
(0.00703806 0.257509 0)
(-0.00167884 0.257649 0)
(-0.00245788 0.257922 0)
(-0.00358497 0.258312 0)
(-0.00381103 0.258714 0)
(-0.00374509 0.259129 0)
(-0.00344207 0.259505 0)
(-0.00297582 0.259769 0)
(-0.00238389 0.260001 0)
(-0.00170892 0.260187 0)
(-0.00102529 0.260249 0)
(-0.000418478 0.260292 0)
(-7.71878e-05 0.260385 0)
(4.90995e-05 0.26042 0)
(0.000172267 0.260447 0)
(0.000334195 0.260476 0)
(0.00058858 0.260526 0)
(0.00101072 0.260537 0)
(0.00150049 0.260449 0)
(0.00115198 0.260289 0)
(-0.000405447 0.260051 0)
(0.000548414 0.259675 0)
(-0.0109453 0.260248 0)
(-0.0131853 0.261575 0)
(0.00754497 0.258013 0)
(0.00584932 0.25791 0)
(-0.00142704 0.257939 0)
(-0.00169858 0.258193 0)
(-0.00273803 0.258437 0)
(-0.00302413 0.258621 0)
(-0.00302235 0.258816 0)
(-0.00283605 0.259156 0)
(-0.00243217 0.260015 0)
(-0.00183907 0.260543 0)
(-0.00110987 0.260735 0)
(-0.000325363 0.260814 0)
(0.00045964 0.260789 0)
(0.00103607 0.260695 0)
(0.00134152 0.260586 0)
(0.00155772 0.260454 0)
(0.00175063 0.260296 0)
(0.00191242 0.259817 0)
(0.00207634 0.259317 0)
(0.00218603 0.258871 0)
(0.00172278 0.258353 0)
(0.000363288 0.258062 0)
(0.000735078 0.258124 0)
(-0.00887329 0.25681 0)
(-0.011227 0.258719 0)
(0.00633988 0.257884 0)
(0.0048197 0.257243 0)
(-0.000723174 0.257455 0)
(-0.000546525 0.257902 0)
(-0.00162211 0.258242 0)
(-0.00192403 0.258605 0)
(-0.00192977 0.25895 0)
(-0.00176523 0.259055 0)
(-0.00154805 0.258576 0)
(-0.00109043 0.258391 0)
(-0.000454908 0.258442 0)
(0.000246193 0.258556 0)
(0.00104619 0.258731 0)
(0.00172517 0.258908 0)
(0.00207895 0.259007 0)
(0.00224247 0.258929 0)
(0.00226546 0.258692 0)
(0.00231035 0.258619 0)
(0.00211449 0.25847 0)
(0.00168196 0.258094 0)
(0.000963704 0.257542 0)
(-0.000108515 0.257046 0)
(-0.000317347 0.256686 0)
(-0.00725834 0.256004 0)
(-0.00795228 0.25682 0)
(0.00537084 0.265098 0)
(0.00314222 0.263385 0)
(-0.000800867 0.263346 0)
(-0.000358303 0.263534 0)
(-0.00164531 0.263397 0)
(-0.00148235 0.263839 0)
(-0.00125771 0.264227 0)
(-0.000994883 0.26458 0)
(-0.000469764 0.264541 0)
(3.64134e-05 0.264612 0)
(0.000556162 0.264732 0)
(0.00113706 0.264643 0)
(0.00180438 0.26437 0)
(0.002385 0.264007 0)
(0.0025652 0.263736 0)
(0.00236346 0.263603 0)
(0.00193269 0.263522 0)
(0.00126086 0.263667 0)
(0.000780152 0.263738 0)
(0.000437709 0.263691 0)
(-0.000293241 0.263637 0)
(-0.00180147 0.263863 0)
(-0.00154017 0.264031 0)
(-0.0057522 0.264567 0)
(-0.00581369 0.265881 0)
(-0.00345184 0.302675 0)
(-0.00734504 0.302879 0)
(-0.00613592 0.294734 0)
(-0.00287899 0.293762 0)
(-0.00298402 0.296038 0)
(-0.00374478 0.294877 0)
(-0.00375903 0.293381 0)
(-0.00296445 0.292209 0)
(-0.0020433 0.291846 0)
(-0.0011402 0.29153 0)
(-0.000218713 0.29123 0)
(0.00077061 0.291054 0)
(0.00187824 0.290987 0)
(0.00305212 0.291183 0)
(0.00406422 0.291822 0)
(0.00480128 0.293091 0)
(0.00538166 0.295111 0)
(0.00593269 0.297894 0)
(0.00630855 0.301926 0)
(0.00645119 0.307339 0)
(0.00587568 0.314514 0)
(0.00411438 0.318835 0)
(0.00508707 0.318166 0)
(0.00757674 0.321202 0)
(0.00449701 0.340718 0)
(-0.018714 0.316484 0)
(-0.0214957 0.314885 0)
(-0.00815249 0.311838 0)
(-0.00374635 0.313383 0)
(-0.00266519 0.314512 0)
(-0.00298689 0.312931 0)
(-0.00317841 0.311178 0)
(-0.00293693 0.309596 0)
(-0.00233967 0.308333 0)
(-0.00148071 0.307305 0)
(-0.000505852 0.306538 0)
(0.000499255 0.306098 0)
(0.00144393 0.306052 0)
(0.00239382 0.306366 0)
(0.0033793 0.30705 0)
(0.00425114 0.308164 0)
(0.00492591 0.309853 0)
(0.005369 0.312318 0)
(0.00557517 0.315761 0)
(0.00560519 0.320254 0)
(0.00611326 0.325634 0)
(0.00743646 0.328793 0)
(0.0113218 0.328465 0)
(0.0247467 0.328161 0)
(0.019877 0.337173 0)
(-0.0178201 0.116974 0)
(-0.0242981 0.142953 0)
(-0.00772793 0.149992 0)
(-0.000189811 0.152377 0)
(0.00168332 0.149881 0)
(0.00148202 0.144334 0)
(0.000845693 0.139268 0)
(0.000374548 0.13499 0)
(0.000184011 0.131694 0)
(0.000200313 0.12917 0)
(0.000334587 0.127298 0)
(0.000524089 0.126022 0)
(0.000724708 0.125379 0)
(0.000919899 0.125333 0)
(0.00109143 0.126033 0)
(0.0011802 0.127587 0)
(0.00109487 0.130188 0)
(0.000754926 0.134026 0)
(3.43334e-05 0.139932 0)
(-0.00109043 0.148157 0)
(-0.00192112 0.158707 0)
(-0.000131949 0.168801 0)
(0.00961566 0.171163 0)
(0.0324871 0.162416 0)
(0.0243844 0.130145 0)
(-0.129561 0.134188 0)
(-0.0811425 0.182587 0)
(-0.0159464 0.178322 0)
(0.00234553 0.177095 0)
(0.00822126 0.167858 0)
(0.00792422 0.155269 0)
(0.0060304 0.143476 0)
(0.00432883 0.134131 0)
(0.00305798 0.126872 0)
(0.00215638 0.121462 0)
(0.00145982 0.117659 0)
(0.000740176 0.115355 0)
(-2.31067e-05 0.114574 0)
(-0.000576405 0.115243 0)
(-0.000751954 0.117509 0)
(-0.000850474 0.121562 0)
(-0.00163231 0.127842 0)
(-0.00359099 0.137418 0)
(-0.00650373 0.150785 0)
(-0.00985273 0.169246 0)
(-0.0113469 0.19298 0)
(-0.00429784 0.218958 0)
(0.0203457 0.234961 0)
(0.108737 0.262149 0)
(0.222352 0.198581 0)
(-0.388989 -0.0709541 0)
(-0.178351 0.387418 0)
(-0.0527681 0.41465 0)
(-0.0247305 0.379922 0)
(-0.0213876 0.336348 0)
(-0.0252542 0.296352 0)
(-0.0289199 0.264245 0)
(-0.0295848 0.238731 0)
(-0.0279018 0.218792 0)
(-0.0251286 0.203178 0)
(-0.0220332 0.192354 0)
(-0.0188587 0.185734 0)
(-0.0143545 0.180544 0)
(-0.00804319 0.176158 0)
(-0.000453346 0.174946 0)
(0.00817802 0.182292 0)
(0.0171396 0.200088 0)
(0.0241491 0.222584 0)
(0.0282085 0.252385 0)
(0.026815 0.294153 0)
(0.0171667 0.352672 0)
(0.012263 0.430081 0)
(0.0378139 0.509609 0)
(0.208618 0.561073 0)
(0.515822 -0.0290361 0)
(-0.503335 -0.348446 0)
(-0.486615 0.517682 0)
(-0.00883618 0.441761 0)
(0.0176897 0.325964 0)
(0.00858787 0.22237 0)
(-0.00539999 0.150849 0)
(-0.0119546 0.101634 0)
(-0.00936144 0.0624382 0)
(-0.00148488 0.035187 0)
(0.00480344 0.012811 0)
(0.00788403 0.00144387 0)
(0.00650953 -0.00629736 0)
(0.00225892 -0.0184828 0)
(-0.00393877 -0.0236601 0)
(-0.00969775 -0.0248709 0)
(-0.0132139 -0.0229788 0)
(-0.0125655 -0.0174203 0)
(-0.00941732 0.00540654 0)
(-0.00450442 0.039673 0)
(-0.016527 0.115853 0)
(-0.0528227 0.22881 0)
(-0.0951253 0.388911 0)
(-0.0979708 0.599855 0)
(0.524397 0.745383 0)
(0.536505 -0.294954 0)
(-0.00436379 -0.00365054 0)
(-0.0183033 0.0146614 0)
(0.0291203 0.112605 0)
(0.0300408 0.0627465 0)
(0.0132743 0.0269267 0)
(0.005761 0.0125293 0)
(0.00291597 0.00619762 0)
(0.00167967 0.00266207 0)
(0.000836648 0.00121804 0)
(0.000381729 0.000545389 0)
(0.000187848 0.000316773 0)
(7.32297e-05 0.00019048 0)
(3.43247e-06 8.55133e-06 0)
(-3.11319e-06 -1.19059e-05 0)
(-2.54918e-06 -7.95724e-06 0)
(1.79937e-07 -3.0432e-06 0)
(8.89922e-06 -7.54943e-06 0)
(-3.92627e-05 8.70114e-05 0)
(-0.000321146 0.000512868 0)
(-0.00134454 0.00200526 0)
(-0.0061035 0.00779657 0)
(-0.0200132 0.024914 0)
(-0.0377602 0.0931886 0)
(0.019618 0.0195358 0)
(0.00151548 -0.000692459 0)
(0.000615976 0.000283715 0)
(-0.000268667 0.000204997 0)
(6.26832e-06 0.000148736 0)
(2.20431e-05 7.60667e-05 0)
(8.25545e-06 7.83386e-07 0)
(1.00068e-05 -1.61596e-05 0)
(6.97915e-06 -1.92939e-05 0)
(4.45159e-06 -2.32143e-05 0)
(2.89388e-06 -2.29735e-05 0)
(1.602e-06 -2.32898e-05 0)
(5.18681e-07 -2.35661e-05 0)
(-1.01604e-06 -2.36004e-05 0)
(-3.89148e-06 -2.23022e-05 0)
(-2.11322e-06 -2.87349e-05 0)
(2.02795e-06 -3.38177e-05 0)
(5.39381e-06 -2.75843e-05 0)
(1.13197e-05 -2.42581e-05 0)
(2.02011e-05 -3.25948e-05 0)
(3.36968e-05 -3.42132e-05 0)
(2.20955e-05 -2.58167e-05 0)
(4.15581e-05 -5.93801e-05 0)
(3.04377e-05 2.78523e-05 0)
(9.75836e-06 0.000105045 0)
(5.62075e-05 0.000196931 0)
(-0.000232504 0.000198592 0)
(0.000296065 0.00054185 0)
(-4.56472e-05 -2.35105e-06 0)
(7.36381e-06 2.19064e-05 0)
(9.74841e-06 8.93697e-06 0)
(5.16671e-06 -1.09263e-05 0)
(3.30551e-06 -1.61927e-05 0)
(2.67163e-06 -1.87496e-05 0)
(2.36232e-06 -1.9579e-05 0)
(-3.69081e-07 -1.87536e-05 0)
(-2.1054e-07 -1.80965e-05 0)
(-8.03294e-07 -1.87472e-05 0)
(-8.70578e-07 -2.10084e-05 0)
(-2.85952e-07 -2.29795e-05 0)
(7.57147e-07 -2.53126e-05 0)
(1.26815e-06 -2.5472e-05 0)
(2.83874e-06 -2.5786e-05 0)
(5.89978e-06 -3.00744e-05 0)
(9.86004e-06 -3.29092e-05 0)
(1.24741e-05 -3.4344e-05 0)
(1.10487e-05 -3.16092e-05 0)
(3.10305e-05 -5.44156e-05 0)
(3.16554e-05 6.00347e-05 0)
(1.5466e-05 0.000116284 0)
(-1.33232e-05 0.000169605 0)
(-0.000131523 0.000240217 0)
)
;

boundaryField
{
    inlet
    {
        type            calculated;
        value           uniform (0 0.1 0);
    }
    outlet
    {
        type            calculated;
        value           nonuniform List<vector> 
25
(
(0.000296065 0.00054185 0)
(-4.56472e-05 -2.35105e-06 0)
(7.36381e-06 2.19064e-05 0)
(9.74841e-06 8.93697e-06 0)
(0 -1.46332e-05 0)
(0 -1.88875e-05 0)
(0 -2.12769e-05 0)
(0 -2.20907e-05 0)
(0 -2.17964e-05 0)
(0 -2.21858e-05 0)
(0 -2.37402e-05 0)
(0 -2.70002e-05 0)
(0 -3.0191e-05 0)
(0 -3.38981e-05 0)
(0 -3.51321e-05 0)
(0 -3.55135e-05 0)
(0 -3.97291e-05 0)
(0 -4.3854e-05 0)
(0 -4.84898e-05 0)
(0 -5.54005e-05 0)
(3.10305e-05 -5.44156e-05 0)
(3.16554e-05 6.00347e-05 0)
(1.5466e-05 0.000116284 0)
(-1.33232e-05 0.000169605 0)
(-0.000131523 0.000240217 0)
)
;
    }
    walls
    {
        type            calculated;
        value           uniform (0 0 0);
    }
    defaultFaces
    {
        type            empty;
    }
}


// ************************************************************************* //
