/*--------------------------------*- C++ -*----------------------------------*\
| =========                 |                                                 |
| \\      /  F ield         | OpenFOAM: The Open Source CFD Toolbox           |
|  \\    /   O peration     | Version:  2.3.0                                 |
|   \\  /    A nd           | Web:      www.OpenFOAM.org                      |
|    \\/     M anipulation  |                                                 |
\*---------------------------------------------------------------------------*/
FoamFile
{
    version     2.0;
    format      ascii;
    class       volVectorField;
    location    "60";
    object      Ur;
}
// * * * * * * * * * * * * * * * * * * * * * * * * * * * * * * * * * * * * * //

dimensions      [0 1 -1 0 0 0 0];

internalField   nonuniform List<vector> 
1875
(
(-0.0150538 0.221799 0)
(-0.0178445 0.222105 0)
(-0.0061486 0.221118 0)
(0.00110359 0.220323 0)
(0.00634494 0.220193 0)
(0.00999105 0.220462 0)
(0.0116896 0.220669 0)
(0.0115702 0.220358 0)
(0.00987545 0.219278 0)
(0.00674725 0.218095 0)
(0.00244866 0.215755 0)
(-0.00268093 0.213972 0)
(-0.00799808 0.211549 0)
(-0.0136827 0.207442 0)
(-0.0202581 0.202177 0)
(-0.0277041 0.197656 0)
(-0.0343296 0.195177 0)
(-0.038882 0.195101 0)
(-0.040568 0.195989 0)
(-0.0382036 0.196224 0)
(-0.0321569 0.197147 0)
(-0.0231187 0.194521 0)
(-0.0134389 0.194657 0)
(-0.0165392 0.194201 0)
(-0.0129356 0.196077 0)
(-0.00687345 0.284192 0)
(-0.00780666 0.285748 0)
(0.00415832 0.288406 0)
(0.010338 0.289596 0)
(0.0154833 0.289024 0)
(0.0197347 0.287065 0)
(0.0228684 0.284377 0)
(0.0247491 0.281521 0)
(0.0252293 0.27885 0)
(0.0245049 0.276208 0)
(0.0225494 0.274308 0)
(0.0182267 0.272047 0)
(0.0129513 0.270515 0)
(0.00731031 0.27032 0)
(0.000893521 0.270867 0)
(-0.00576031 0.271197 0)
(-0.0115738 0.270915 0)
(-0.0137679 0.269478 0)
(-0.0134642 0.268285 0)
(-0.0142551 0.268262 0)
(-0.0135519 0.268077 0)
(-0.0159626 0.270342 0)
(-0.0139028 0.270406 0)
(-0.0132041 0.269802 0)
(-0.00713528 0.271589 0)
(-0.00123577 0.275318 0)
(0.00477364 0.277933 0)
(0.016207 0.279324 0)
(0.0216744 0.279577 0)
(0.0255459 0.279385 0)
(0.0285295 0.278874 0)
(0.0307948 0.27814 0)
(0.0322906 0.277209 0)
(0.0329039 0.276095 0)
(0.0325149 0.274626 0)
(0.0307031 0.273055 0)
(0.0295193 0.27128 0)
(0.0261968 0.269655 0)
(0.0203846 0.267687 0)
(0.0144993 0.265749 0)
(0.0093753 0.263835 0)
(0.00371775 0.262054 0)
(-0.00233836 0.259118 0)
(-0.00664207 0.25678 0)
(-0.0088886 0.256663 0)
(-0.00994641 0.257337 0)
(-0.00829175 0.260863 0)
(-0.0073835 0.262853 0)
(-0.00715228 0.264119 0)
(-0.00345426 0.264716 0)
(0.011236 0.280314 0)
(0.0231517 0.282803 0)
(0.0262788 0.281773 0)
(0.028722 0.280095 0)
(0.0314409 0.278693 0)
(0.0334033 0.277468 0)
(0.034189 0.276295 0)
(0.0337894 0.275077 0)
(0.0324529 0.273906 0)
(0.0304032 0.272829 0)
(0.0278795 0.271822 0)
(0.0241289 0.270951 0)
(0.0201507 0.269453 0)
(0.0160225 0.268091 0)
(0.0118545 0.266596 0)
(0.00796005 0.264781 0)
(0.00350622 0.262514 0)
(-0.00045255 0.261332 0)
(-0.00241263 0.261148 0)
(-0.00314734 0.260567 0)
(-0.00339903 0.260629 0)
(-0.00265926 0.260081 0)
(-0.00255452 0.261421 0)
(-0.00358101 0.262709 0)
(-0.00132407 0.263785 0)
(0.0164385 0.27698 0)
(0.0281605 0.278309 0)
(0.0237183 0.276311 0)
(0.0255594 0.274232 0)
(0.0298065 0.272559 0)
(0.0322154 0.271072 0)
(0.0327914 0.269561 0)
(0.0321565 0.268254 0)
(0.030574 0.267075 0)
(0.0281367 0.266025 0)
(0.0249876 0.265078 0)
(0.0209735 0.264078 0)
(0.0162011 0.263317 0)
(0.0107392 0.262651 0)
(0.00474785 0.2619 0)
(-0.000981898 0.26085 0)
(-0.00492294 0.259924 0)
(-0.006564 0.260566 0)
(-0.00672198 0.260362 0)
(-0.00563823 0.259905 0)
(-0.00377031 0.260312 0)
(-0.00209952 0.260651 0)
(-0.00104529 0.261028 0)
(0.00059295 0.262273 0)
(0.00166901 0.26437 0)
(0.0192685 0.269912 0)
(0.0263382 0.270642 0)
(0.0161881 0.26833 0)
(0.0212732 0.266828 0)
(0.0268469 0.265533 0)
(0.0289593 0.264154 0)
(0.0292886 0.262913 0)
(0.028587 0.261853 0)
(0.0268679 0.26099 0)
(0.0241957 0.260283 0)
(0.0204138 0.259652 0)
(0.0154175 0.259092 0)
(0.00932129 0.258598 0)
(0.00240914 0.25816 0)
(-0.00431307 0.2578 0)
(-0.00940095 0.257947 0)
(-0.0113233 0.258587 0)
(-0.0110323 0.259089 0)
(-0.0100206 0.259914 0)
(-0.00744463 0.261072 0)
(-0.00430071 0.261992 0)
(-0.00207332 0.262579 0)
(-0.000801248 0.26293 0)
(0.00316578 0.264139 0)
(0.00378978 0.265663 0)
(0.0214083 0.260855 0)
(0.0238865 0.260593 0)
(0.0112766 0.259816 0)
(0.0179511 0.259301 0)
(0.0226174 0.258073 0)
(0.0238567 0.256716 0)
(0.0240078 0.255748 0)
(0.0229765 0.255041 0)
(0.0205868 0.254501 0)
(0.0167204 0.254044 0)
(0.0113937 0.253876 0)
(0.00496862 0.253635 0)
(-0.00191429 0.253499 0)
(-0.00820196 0.25354 0)
(-0.0128652 0.254373 0)
(-0.0153363 0.256012 0)
(-0.0155245 0.25777 0)
(-0.0141945 0.259304 0)
(-0.0116844 0.260887 0)
(-0.00800877 0.262411 0)
(-0.00448997 0.263385 0)
(-0.00225697 0.263786 0)
(-0.000685914 0.263987 0)
(0.00451509 0.263527 0)
(0.00470709 0.26305 0)
(0.0235927 0.253301 0)
(0.0229677 0.253765 0)
(0.00721608 0.254055 0)
(0.0134283 0.253496 0)
(0.0158601 0.252282 0)
(0.0163947 0.251331 0)
(0.0159943 0.250777 0)
(0.0137024 0.250466 0)
(0.00966671 0.250412 0)
(0.00457262 0.250589 0)
(-0.00103504 0.249256 0)
(-0.00677417 0.249634 0)
(-0.011852 0.250564 0)
(-0.0156427 0.253254 0)
(-0.0178 0.255532 0)
(-0.0182791 0.257413 0)
(-0.0171391 0.259425 0)
(-0.0146225 0.261358 0)
(-0.0110651 0.263144 0)
(-0.00715374 0.26442 0)
(-0.00399153 0.264975 0)
(-0.0019277 0.265074 0)
(1.53395e-05 0.265075 0)
(0.00505972 0.264828 0)
(0.00454212 0.26413 0)
(0.0232989 0.249485 0)
(0.0209462 0.24979 0)
(0.00329387 0.250399 0)
(0.00726702 0.249775 0)
(0.00778385 0.248852 0)
(0.00777028 0.248333 0)
(0.00649997 0.248051 0)
(0.00364632 0.248039 0)
(-6.78167e-05 0.248077 0)
(-0.00453548 0.24636 0)
(-0.00919563 0.248773 0)
(-0.0130441 0.251888 0)
(-0.0159444 0.25517 0)
(-0.0183535 0.256362 0)
(-0.0194003 0.258617 0)
(-0.0183824 0.260579 0)
(-0.016057 0.262575 0)
(-0.0127343 0.264289 0)
(-0.00903455 0.265548 0)
(-0.00565687 0.26615 0)
(-0.00312149 0.266212 0)
(-0.00127551 0.266017 0)
(0.000721282 0.265777 0)
(0.0048416 0.265295 0)
(0.00390763 0.264216 0)
(0.0218419 0.248869 0)
(0.0180186 0.249036 0)
(-0.00115131 0.249399 0)
(0.00061489 0.248941 0)
(0.000137153 0.248502 0)
(0.000148528 0.248549 0)
(-0.000818279 0.248984 0)
(-0.00263814 0.250055 0)
(-0.00484008 0.252048 0)
(-0.00817748 0.258964 0)
(-0.0108341 0.262358 0)
(-0.0148898 0.260958 0)
(-0.0185465 0.260338 0)
(-0.0188319 0.261224 0)
(-0.0178049 0.262193 0)
(-0.0158369 0.264128 0)
(-0.0128671 0.265658 0)
(-0.00956837 0.266734 0)
(-0.0064023 0.267274 0)
(-0.00380435 0.267317 0)
(-0.00186872 0.267059 0)
(-0.000338328 0.266659 0)
(0.00128542 0.266126 0)
(0.00430131 0.265348 0)
(0.00304089 0.264302 0)
(0.0189575 0.250737 0)
(0.014249 0.250614 0)
(-0.00458363 0.250947 0)
(-0.00377624 0.250895 0)
(-0.00415194 0.251347 0)
(-0.00356882 0.252136 0)
(-0.0037671 0.253317 0)
(-0.00481745 0.254799 0)
(-0.00804707 0.256543 0)
(-0.0114972 0.256556 0)
(-0.014865 0.257346 0)
(-0.0160755 0.259578 0)
(-0.0157296 0.261201 0)
(-0.0153877 0.263603 0)
(-0.0138328 0.265537 0)
(-0.0115531 0.266811 0)
(-0.00881535 0.2677 0)
(-0.00611126 0.268155 0)
(-0.00372951 0.268219 0)
(-0.00184075 0.268007 0)
(-0.000418048 0.267644 0)
(0.000692489 0.267189 0)
(0.00176783 0.266619 0)
(0.00366969 0.265858 0)
(0.00230547 0.265129 0)
(0.0156783 0.253694 0)
(0.0111532 0.253484 0)
(-0.00554762 0.254027 0)
(-0.00489225 0.254364 0)
(-0.00480562 0.255154 0)
(-0.00391142 0.25609 0)
(-0.0038961 0.257171 0)
(-0.00493058 0.258254 0)
(-0.00725187 0.259235 0)
(-0.00985225 0.259813 0)
(-0.011798 0.260613 0)
(-0.012675 0.262786 0)
(-0.0125886 0.264915 0)
(-0.0116921 0.26624 0)
(-0.0100079 0.267306 0)
(-0.00793934 0.268047 0)
(-0.00573621 0.268459 0)
(-0.00363062 0.268594 0)
(-0.00176089 0.268524 0)
(-0.000210357 0.268329 0)
(0.00100344 0.268054 0)
(0.001928 0.26771 0)
(0.0027307 0.267286 0)
(0.00421612 0.266699 0)
(0.00256793 0.266553 0)
(0.013085 0.256478 0)
(0.00937697 0.256296 0)
(-0.00510844 0.256936 0)
(-0.00480185 0.257337 0)
(-0.00447361 0.258125 0)
(-0.0035986 0.258846 0)
(-0.00352331 0.259605 0)
(-0.00451022 0.260462 0)
(-0.00631863 0.261257 0)
(-0.00797899 0.262348 0)
(-0.00911334 0.263571 0)
(-0.00967467 0.264814 0)
(-0.00950102 0.265953 0)
(-0.00869291 0.266874 0)
(-0.00744308 0.267552 0)
(-0.00592627 0.268003 0)
(-0.00426369 0.26826 0)
(-0.00255129 0.268364 0)
(-0.000860211 0.268343 0)
(0.000716921 0.268229 0)
(0.00208849 0.268042 0)
(0.00322687 0.267786 0)
(0.00448865 0.267383 0)
(0.00656501 0.267055 0)
(0.0040703 0.266752 0)
(0.0102738 0.258516 0)
(0.00768484 0.257575 0)
(-0.00380204 0.258299 0)
(-0.00389412 0.259118 0)
(-0.00380762 0.25966 0)
(-0.00315167 0.26031 0)
(-0.0030334 0.261123 0)
(-0.00388669 0.26176 0)
(-0.00513439 0.262514 0)
(-0.00605907 0.263487 0)
(-0.006803 0.264404 0)
(-0.00730197 0.265242 0)
(-0.00740067 0.265962 0)
(-0.00710984 0.266523 0)
(-0.00647123 0.266937 0)
(-0.00552955 0.267228 0)
(-0.00435449 0.267421 0)
(-0.00303712 0.267536 0)
(-0.00163184 0.267611 0)
(-0.000136847 0.267563 0)
(0.00135901 0.267396 0)
(0.00297763 0.267164 0)
(0.00491938 0.267081 0)
(0.00747599 0.266721 0)
(0.00494744 0.265872 0)
(0.00658891 0.26042 0)
(0.00533171 0.259317 0)
(-0.00210043 0.259605 0)
(-0.00227218 0.26015 0)
(-0.0025359 0.260905 0)
(-0.00216001 0.26144 0)
(-0.00206296 0.261838 0)
(-0.00260517 0.262351 0)
(-0.00334749 0.263065 0)
(-0.0040346 0.263807 0)
(-0.00501283 0.264414 0)
(-0.0059653 0.264861 0)
(-0.00662765 0.265196 0)
(-0.0069317 0.265469 0)
(-0.00686693 0.265695 0)
(-0.00645266 0.265877 0)
(-0.00574163 0.266009 0)
(-0.00479478 0.266093 0)
(-0.00363693 0.266021 0)
(-0.00230764 0.266104 0)
(-0.000816262 0.266442 0)
(0.000846948 0.266704 0)
(0.00217086 0.266593 0)
(0.00625817 0.265617 0)
(0.00510033 0.266304 0)
(0.00311421 0.260131 0)
(0.00282144 0.258828 0)
(-0.000848628 0.260728 0)
(-0.000965759 0.260935 0)
(-0.00105646 0.261467 0)
(-0.000691456 0.261716 0)
(-0.000523251 0.261836 0)
(-0.000752457 0.262298 0)
(-0.00134905 0.26277 0)
(-0.00231665 0.262983 0)
(-0.00376084 0.263116 0)
(-0.00526061 0.26328 0)
(-0.00647528 0.26349 0)
(-0.00728689 0.263719 0)
(-0.00766966 0.263957 0)
(-0.00764812 0.264202 0)
(-0.00726013 0.26445 0)
(-0.00655075 0.264722 0)
(-0.0055401 0.265123 0)
(-0.00473244 0.265438 0)
(-0.00416382 0.265096 0)
(-0.00406286 0.264857 0)
(-0.00444019 0.264889 0)
(0.00230963 0.264454 0)
(0.00378666 0.264171 0)
(-0.00042855 0.262857 0)
(0.000530272 0.261147 0)
(4.72856e-05 0.261185 0)
(9.4776e-05 0.261384 0)
(0.000244664 0.261324 0)
(0.0008331 0.261607 0)
(0.00116993 0.261596 0)
(0.00117649 0.26143 0)
(0.000428967 0.261791 0)
(-0.00103647 0.261803 0)
(-0.00279389 0.261739 0)
(-0.00453645 0.261748 0)
(-0.00604418 0.261845 0)
(-0.00717202 0.262022 0)
(-0.00782777 0.262257 0)
(-0.00802317 0.262536 0)
(-0.00783705 0.262844 0)
(-0.00758032 0.263197 0)
(-0.00772891 0.263497 0)
(-0.00792797 0.263291 0)
(-0.00854555 0.263396 0)
(-0.00996098 0.263484 0)
(-0.0119726 0.263589 0)
(-0.00655496 0.263934 0)
(-0.00137064 0.262124 0)
(-0.00366311 0.264829 0)
(-0.00210514 0.263085 0)
(0.00166771 0.261429 0)
(0.00143682 0.261599 0)
(0.00160768 0.26161 0)
(0.00233899 0.261467 0)
(0.00278374 0.261489 0)
(0.00304025 0.261254 0)
(0.00241117 0.260893 0)
(0.000638136 0.26079 0)
(-0.00148677 0.260575 0)
(-0.0035146 0.260439 0)
(-0.00526535 0.260404 0)
(-0.00660806 0.260487 0)
(-0.00745839 0.260663 0)
(-0.00784995 0.260886 0)
(-0.00794406 0.261113 0)
(-0.00833999 0.261261 0)
(-0.00942964 0.261256 0)
(-0.0108388 0.261637 0)
(-0.0119186 0.262267 0)
(-0.0124475 0.263081 0)
(-0.0140856 0.264001 0)
(-0.0155845 0.265971 0)
(-0.00845375 0.264489 0)
(-0.0067143 0.263468 0)
(-0.00434872 0.26182 0)
(0.00333974 0.261894 0)
(0.00320577 0.261973 0)
(0.00316584 0.261999 0)
(0.00374283 0.261715 0)
(0.00432387 0.261783 0)
(0.00466202 0.260947 0)
(0.00438957 0.259655 0)
(0.0026868 0.259731 0)
(0.000294053 0.25962 0)
(-0.002137 0.25938 0)
(-0.00418682 0.259232 0)
(-0.00574175 0.259207 0)
(-0.00680502 0.2593 0)
(-0.00746006 0.259459 0)
(-0.00795065 0.259642 0)
(-0.00841926 0.259685 0)
(-0.00907304 0.260012 0)
(-0.00988003 0.260559 0)
(-0.0101314 0.261174 0)
(-0.00892492 0.261971 0)
(-0.0088111 0.263874 0)
(-0.0164396 0.266864 0)
(-0.0121162 0.266627 0)
(-0.00855793 0.263254 0)
(-0.00637518 0.262649 0)
(0.00406095 0.262467 0)
(0.00492747 0.262441 0)
(0.00471967 0.262429 0)
(0.00498084 0.262162 0)
(0.00536298 0.26126 0)
(0.0057684 0.261939 0)
(0.00578132 0.260913 0)
(0.00468574 0.258762 0)
(0.00244652 0.258855 0)
(-0.000201691 0.258734 0)
(-0.00269297 0.258522 0)
(-0.00459689 0.258394 0)
(-0.005907 0.258394 0)
(-0.00672644 0.258499 0)
(-0.00732206 0.258709 0)
(-0.0074949 0.259077 0)
(-0.00721401 0.259517 0)
(-0.00701788 0.260161 0)
(-0.00684119 0.260983 0)
(-0.00526018 0.261849 0)
(-0.00194197 0.262267 0)
(-0.0101646 0.263547 0)
(-0.0105458 0.265487 0)
(-0.00936725 0.264275 0)
(-0.00828618 0.264432 0)
(0.0035663 0.2634 0)
(0.00638284 0.262899 0)
(0.00645465 0.262838 0)
(0.00627876 0.262618 0)
(0.00635888 0.26216 0)
(0.00639061 0.260725 0)
(0.00640312 0.261529 0)
(0.00617821 0.259877 0)
(0.00489472 0.258153 0)
(0.00231259 0.258312 0)
(-0.00075072 0.258197 0)
(-0.00318561 0.258029 0)
(-0.00482708 0.257961 0)
(-0.00577267 0.258021 0)
(-0.00615359 0.258183 0)
(-0.00604502 0.258583 0)
(-0.00538092 0.258966 0)
(-0.00449944 0.259401 0)
(-0.0037712 0.259953 0)
(-0.00269046 0.2606 0)
(-0.000120797 0.260507 0)
(-0.00516738 0.259927 0)
(-0.00661766 0.261772 0)
(-0.00941672 0.264597 0)
(-0.00969064 0.265497 0)
(0.00208792 0.264909 0)
(0.00688126 0.263871 0)
(0.0081195 0.263389 0)
(0.00793753 0.263112 0)
(0.00762423 0.262687 0)
(0.00744662 0.262018 0)
(0.00710549 0.260466 0)
(0.00711055 0.259481 0)
(0.00620669 0.258745 0)
(0.00431431 0.257844 0)
(0.00171889 0.257887 0)
(-0.00114614 0.257756 0)
(-0.00341637 0.257756 0)
(-0.00477262 0.257836 0)
(-0.00513035 0.257981 0)
(-0.00481911 0.25826 0)
(-0.00403813 0.258611 0)
(-0.0028281 0.25887 0)
(-0.00179554 0.259145 0)
(-0.00140478 0.259371 0)
(-0.000232504 0.259371 0)
(-0.00374592 0.258671 0)
(-0.00477569 0.259336 0)
(-0.00840024 0.265058 0)
(-0.00995973 0.266599 0)
(0.000329786 0.266786 0)
(0.00593503 0.265728 0)
(0.00868964 0.264592 0)
(0.00926329 0.263876 0)
(0.00886344 0.263314 0)
(0.00830002 0.262642 0)
(0.00775392 0.261599 0)
(0.0067328 0.263533 0)
(0.00610509 0.261174 0)
(0.0051876 0.258235 0)
(0.00373407 0.256971 0)
(0.00153588 0.257433 0)
(-0.00108684 0.257537 0)
(-0.00317402 0.257746 0)
(-0.00407928 0.257977 0)
(-0.00382648 0.258153 0)
(-0.00300177 0.258471 0)
(-0.00185017 0.258721 0)
(-0.000774171 0.258809 0)
(-0.000484946 0.258884 0)
(-5.73522e-05 0.259001 0)
(-0.00340292 0.258784 0)
(-0.00407687 0.258477 0)
(-0.006413 0.265603 0)
(-0.00844485 0.267447 0)
(-0.00121634 0.268527 0)
(0.00306779 0.267708 0)
(0.00692331 0.266326 0)
(0.00897643 0.265103 0)
(0.00929691 0.26422 0)
(0.00878542 0.263456 0)
(0.00770037 0.262561 0)
(0.00718077 0.262199 0)
(0.00571623 0.262241 0)
(0.00542028 0.261209 0)
(0.00472395 0.258506 0)
(0.00356918 0.257353 0)
(0.00161769 0.257557 0)
(-0.000761539 0.25777 0)
(-0.00250342 0.258107 0)
(-0.00282126 0.258369 0)
(-0.00214284 0.258594 0)
(-0.00118314 0.258808 0)
(-0.000196314 0.2589 0)
(0.000211233 0.25891 0)
(0.000416932 0.258992 0)
(-0.00335089 0.25888 0)
(-0.0040107 0.258539 0)
(-0.00466275 0.265602 0)
(-0.00677915 0.26719 0)
(-0.00258891 0.267669 0)
(-0.00016824 0.268116 0)
(0.00363128 0.267466 0)
(0.00690171 0.266285 0)
(0.00845607 0.265161 0)
(0.00853968 0.264248 0)
(0.00774537 0.263481 0)
(0.00663262 0.261093 0)
(0.0057807 0.260602 0)
(0.00485049 0.261144 0)
(0.00451845 0.261164 0)
(0.0041723 0.259136 0)
(0.00320456 0.258192 0)
(0.00150084 0.258135 0)
(-0.000511643 0.258405 0)
(-0.00162653 0.258762 0)
(-0.00144502 0.258968 0)
(-0.000673376 0.259193 0)
(0.000115383 0.259331 0)
(0.000515929 0.259313 0)
(0.00070072 0.259306 0)
(-0.00301475 0.25927 0)
(-0.00362845 0.259157 0)
(-0.00298184 0.264564 0)
(-0.00537042 0.266558 0)
(-0.00347524 0.266881 0)
(-0.00184086 0.267604 0)
(0.000777287 0.267561 0)
(0.00411663 0.266839 0)
(0.00657919 0.265783 0)
(0.00752685 0.264785 0)
(0.00729232 0.263924 0)
(0.00621508 0.263053 0)
(0.00497871 0.26196 0)
(0.00411803 0.2608 0)
(0.00377676 0.260444 0)
(0.00361682 0.260383 0)
(0.00345975 0.259436 0)
(0.0027253 0.258942 0)
(0.0012169 0.258948 0)
(-0.000264613 0.259258 0)
(-0.000650903 0.259535 0)
(-0.000149096 0.259743 0)
(0.000317 0.259933 0)
(0.000486077 0.259945 0)
(0.00074862 0.259869 0)
(-0.00228014 0.259851 0)
(-0.00282082 0.260032 0)
(-0.00106879 0.26438 0)
(-0.00322563 0.265806 0)
(-0.00365806 0.266442 0)
(-0.0025835 0.266858 0)
(-0.00111241 0.267049 0)
(0.00144007 0.266579 0)
(0.00413021 0.265826 0)
(0.00573918 0.264913 0)
(0.00609105 0.264064 0)
(0.00539063 0.263318 0)
(0.00424026 0.262644 0)
(0.00341445 0.262077 0)
(0.0029261 0.261552 0)
(0.00280522 0.261111 0)
(0.00295911 0.260414 0)
(0.00291514 0.25993 0)
(0.00216216 0.259733 0)
(0.000880782 0.259887 0)
(0.00010263 0.260155 0)
(0.000301011 0.260302 0)
(0.000559701 0.260465 0)
(0.00037179 0.260576 0)
(0.000618072 0.260499 0)
(-0.00124145 0.26047 0)
(-0.00167464 0.260896 0)
(0.000783622 0.263454 0)
(0.000586388 0.264035 0)
(-0.00232351 0.265672 0)
(-0.00395328 0.264658 0)
(-0.00292695 0.264683 0)
(-0.00100535 0.265661 0)
(0.00154454 0.265229 0)
(0.00354021 0.264602 0)
(0.00444289 0.263937 0)
(0.00420239 0.263313 0)
(0.00329884 0.262831 0)
(0.00254813 0.262314 0)
(0.00213975 0.261914 0)
(0.00204383 0.261653 0)
(0.00223287 0.261277 0)
(0.00254065 0.260787 0)
(0.00242588 0.26055 0)
(0.00155192 0.260559 0)
(0.000619507 0.260761 0)
(0.000569265 0.260911 0)
(0.000742426 0.261 0)
(0.000291009 0.261126 0)
(0.000384509 0.261097 0)
(-1.20407e-05 0.26099 0)
(-0.000250576 0.26159 0)
(0.00298638 0.261727 0)
(0.00501583 0.261319 0)
(0.00204918 0.260789 0)
(-0.00198927 0.263014 0)
(-0.00325525 0.263958 0)
(-0.0021835 0.263866 0)
(-0.000237656 0.264281 0)
(0.00186592 0.264074 0)
(0.00291791 0.263739 0)
(0.00275841 0.263236 0)
(0.00204816 0.262726 0)
(0.00151792 0.262471 0)
(0.00127305 0.262204 0)
(0.00122301 0.262057 0)
(0.00142668 0.261862 0)
(0.00183027 0.261576 0)
(0.00204184 0.261305 0)
(0.00175592 0.261144 0)
(0.0010646 0.261353 0)
(0.000748894 0.261583 0)
(0.000794848 0.261765 0)
(0.000274977 0.261581 0)
(2.73012e-05 0.262004 0)
(0.00107729 0.261001 0)
(0.00116106 0.262131 0)
(0.00597203 0.260002 0)
(0.00867324 0.261403 0)
(0.00489793 0.261342 0)
(0.00167485 0.262424 0)
(-0.000700084 0.263068 0)
(-0.000869179 0.262882 0)
(-3.09186e-05 0.263212 0)
(0.00104972 0.26337 0)
(0.00140028 0.26311 0)
(0.00101779 0.262728 0)
(0.000633488 0.262496 0)
(0.000426914 0.262252 0)
(0.00033714 0.262066 0)
(0.000397243 0.262055 0)
(0.000650973 0.262153 0)
(0.00103852 0.262168 0)
(0.00137148 0.262072 0)
(0.00158878 0.262012 0)
(0.00143033 0.262005 0)
(0.00113953 0.262077 0)
(0.00107582 0.261242 0)
(0.000792719 0.261765 0)
(-0.000702266 0.26232 0)
(0.000928415 0.262605 0)
(0.00232841 0.261887 0)
(0.00961247 0.26175 0)
(0.0114648 0.263546 0)
(0.00516206 0.262142 0)
(0.00378756 0.260801 0)
(0.0023119 0.260893 0)
(0.0016638 0.261904 0)
(0.00118895 0.262053 0)
(0.000723767 0.262302 0)
(1.50308e-05 0.262289 0)
(-0.00051015 0.262182 0)
(-0.000576373 0.26217 0)
(-0.000539577 0.26226 0)
(-0.000479175 0.262338 0)
(-0.000318545 0.262392 0)
(-8.34689e-06 0.262496 0)
(0.000434149 0.262557 0)
(0.000922171 0.262552 0)
(0.00142404 0.262539 0)
(0.0018052 0.262531 0)
(0.00194011 0.262693 0)
(0.0019641 0.263092 0)
(0.00337879 0.26311 0)
(-0.00149934 0.264728 0)
(-0.00104992 0.262179 0)
(0.002752 0.262568 0)
(0.0119546 0.264355 0)
(0.0121771 0.262547 0)
(0.00249138 0.261012 0)
(0.0038499 0.26036 0)
(0.00421846 0.260803 0)
(0.00320667 0.260953 0)
(0.00189188 0.261493 0)
(0.000292588 0.261643 0)
(-0.00119143 0.261651 0)
(-0.00176116 0.261751 0)
(-0.00156838 0.261898 0)
(-0.00135775 0.2621 0)
(-0.00121987 0.262356 0)
(-0.00100009 0.26257 0)
(-0.000651519 0.262722 0)
(-0.000176753 0.262817 0)
(0.000432891 0.262852 0)
(0.00117334 0.262851 0)
(0.00185827 0.262812 0)
(0.00221322 0.262936 0)
(0.00248996 0.264024 0)
(0.0037534 0.263592 0)
(-0.000910127 0.2608 0)
(-0.00142921 0.263154 0)
(0.00193594 0.263001 0)
(0.00957771 0.26333 0)
(0.00904816 0.260993 0)
(0.00113312 0.261554 0)
(0.00296708 0.261047 0)
(0.00451414 0.260815 0)
(0.00361604 0.261012 0)
(0.00166127 0.261105 0)
(-0.000842327 0.261061 0)
(-0.00254143 0.261098 0)
(-0.0028177 0.261361 0)
(-0.00243529 0.261707 0)
(-0.0020875 0.262487 0)
(-0.00184053 0.262807 0)
(-0.00159651 0.262687 0)
(-0.00124416 0.262916 0)
(-0.000742548 0.26307 0)
(-2.73668e-05 0.263166 0)
(0.000865982 0.263212 0)
(0.00163926 0.263178 0)
(0.00183101 0.262886 0)
(0.00198642 0.262276 0)
(0.00186176 0.262325 0)
(9.65499e-05 0.260668 0)
(-0.000202477 0.263122 0)
(0.000584568 0.261861 0)
(0.00669032 0.261271 0)
(0.00592067 0.261042 0)
(0.000427277 0.260946 0)
(0.00267789 0.26122 0)
(0.00431326 0.260858 0)
(0.00319507 0.260789 0)
(0.000376728 0.260616 0)
(-0.00251215 0.260472 0)
(-0.00376827 0.260726 0)
(-0.00356551 0.261397 0)
(-0.00292076 0.261915 0)
(-0.00245667 0.261968 0)
(-0.002245 0.26235 0)
(-0.00199957 0.26283 0)
(-0.00161073 0.263089 0)
(-0.00104413 0.263284 0)
(-0.000183345 0.26343 0)
(0.000838562 0.263505 0)
(0.00159324 0.263459 0)
(0.00164487 0.263265 0)
(0.00152938 0.262679 0)
(0.00120971 0.262042 0)
(0.0012584 0.264414 0)
(-0.000437481 0.262607 0)
(-0.00122117 0.261822 0)
(0.00648274 0.260455 0)
(0.00525862 0.260739 0)
(0.00057987 0.260735 0)
(0.00298074 0.261085 0)
(0.00357808 0.260797 0)
(0.00169427 0.260514 0)
(-0.0017166 0.260104 0)
(-0.00398797 0.260145 0)
(-0.00438868 0.260664 0)
(-0.00380072 0.260321 0)
(-0.00311371 0.260191 0)
(-0.0027548 0.262271 0)
(-0.00258682 0.262562 0)
(-0.0023088 0.262963 0)
(-0.00184275 0.263233 0)
(-0.00116236 0.263445 0)
(-0.000159375 0.263609 0)
(0.000898572 0.263667 0)
(0.00153276 0.263575 0)
(0.00150144 0.263367 0)
(0.00130333 0.26319 0)
(0.00144721 0.262976 0)
(0.00293418 0.262223 0)
(-0.000659007 0.265518 0)
(-0.00333398 0.261916 0)
(0.00673732 0.260009 0)
(0.00564304 0.260387 0)
(0.00103801 0.260763 0)
(0.00310052 0.260636 0)
(0.00226426 0.260578 0)
(-0.000733977 0.260026 0)
(-0.00369195 0.259722 0)
(-0.00464625 0.260089 0)
(-0.00417544 0.260685 0)
(-0.00360218 0.260551 0)
(-0.00317644 0.262784 0)
(-0.00305664 0.262764 0)
(-0.00277463 0.262635 0)
(-0.00244506 0.263001 0)
(-0.00187197 0.263284 0)
(-0.00104006 0.263509 0)
(8.48646e-05 0.26366 0)
(0.00113598 0.263667 0)
(0.00171701 0.26352 0)
(0.00184416 0.263294 0)
(0.00193518 0.263141 0)
(0.00257773 0.262969 0)
(0.0054371 0.262469 0)
(-0.000188499 0.262237 0)
(-0.00448714 0.263509 0)
(0.00695611 0.259891 0)
(0.00643606 0.260242 0)
(0.00138726 0.260698 0)
(0.00238803 0.260458 0)
(0.000203649 0.260155 0)
(-0.00324966 0.259579 0)
(-0.00486965 0.259695 0)
(-0.00471507 0.26026 0)
(-0.00401752 0.260632 0)
(-0.00334272 0.263557 0)
(-0.00322127 0.264133 0)
(-0.00284574 0.261789 0)
(-0.00266762 0.262651 0)
(-0.00228151 0.262982 0)
(-0.00165748 0.263257 0)
(-0.000758696 0.263465 0)
(0.000339786 0.263562 0)
(0.00124767 0.26349 0)
(0.00170541 0.263276 0)
(0.00188826 0.262995 0)
(0.00216309 0.262707 0)
(0.00249174 0.262482 0)
(0.0044286 0.262823 0)
(0.000343453 0.258863 0)
(-0.00307249 0.26185 0)
(0.0071175 0.25992 0)
(0.00698564 0.260282 0)
(0.00137003 0.260461 0)
(0.000794803 0.260296 0)
(-0.00233666 0.259722 0)
(-0.00497406 0.259547 0)
(-0.00524131 0.260022 0)
(-0.00469026 0.260633 0)
(-0.00400311 0.261846 0)
(-0.00374294 0.262739 0)
(-0.00296741 0.261255 0)
(-0.00255136 0.262395 0)
(-0.00242359 0.262699 0)
(-0.00195979 0.262996 0)
(-0.00132311 0.263229 0)
(-0.000453121 0.263394 0)
(0.000477021 0.263435 0)
(0.00111616 0.263316 0)
(0.00134846 0.263072 0)
(0.00140558 0.262798 0)
(0.00157354 0.262535 0)
(0.00134692 0.262363 0)
(0.00144143 0.26142 0)
(0.000363041 0.262392 0)
(-0.000520575 0.26082 0)
(0.00713041 0.25999 0)
(0.00702061 0.26023 0)
(0.000778641 0.260313 0)
(-0.00123863 0.260053 0)
(-0.00433001 0.259563 0)
(-0.00547743 0.259857 0)
(-0.00494393 0.260427 0)
(-0.00426327 0.260939 0)
(-0.00368804 0.260931 0)
(-0.00302643 0.260565 0)
(-0.00254381 0.261999 0)
(-0.00235933 0.262449 0)
(-0.00211386 0.26272 0)
(-0.00158748 0.262972 0)
(-0.000936683 0.263165 0)
(-0.000129526 0.263289 0)
(0.000582749 0.263296 0)
(0.000910437 0.263152 0)
(0.000961352 0.262908 0)
(0.00101033 0.262691 0)
(0.00115902 0.262501 0)
(0.000751398 0.26149 0)
(0.000310288 0.261756 0)
(6.08332e-05 0.261459 0)
(-0.000239564 0.26335 0)
(0.00689426 0.260026 0)
(0.00658487 0.260179 0)
(-0.000264582 0.260133 0)
(-0.00308246 0.259839 0)
(-0.00532988 0.259741 0)
(-0.00522419 0.260245 0)
(-0.004429 0.260738 0)
(-0.0037244 0.261145 0)
(-0.00311389 0.261642 0)
(-0.00265245 0.261681 0)
(-0.00231072 0.261782 0)
(-0.00207613 0.262406 0)
(-0.00169305 0.26266 0)
(-0.00111794 0.262873 0)
(-0.000462139 0.263033 0)
(0.00023285 0.263126 0)
(0.000624028 0.263086 0)
(0.000647722 0.26289 0)
(0.000632914 0.262708 0)
(0.000746765 0.262534 0)
(0.00104542 0.262481 0)
(0.000486441 0.262275 0)
(-3.59608e-05 0.262398 0)
(-0.00030883 0.261223 0)
(-0.000494401 0.261577 0)
(0.00649597 0.260032 0)
(0.00572186 0.260145 0)
(-0.0014997 0.25996 0)
(-0.00417234 0.259789 0)
(-0.00542781 0.260076 0)
(-0.00473751 0.260576 0)
(-0.00398267 0.26097 0)
(-0.00333262 0.261307 0)
(-0.00270388 0.261699 0)
(-0.00222365 0.261937 0)
(-0.00190562 0.262111 0)
(-0.0016167 0.262337 0)
(-0.00113344 0.262559 0)
(-0.000538957 0.262726 0)
(7.96943e-05 0.26285 0)
(0.000518381 0.262878 0)
(0.000575736 0.262728 0)
(0.000477738 0.262596 0)
(0.000470407 0.262473 0)
(0.000615125 0.262389 0)
(0.00101334 0.261458 0)
(0.000271206 0.263923 0)
(-0.000268806 0.261893 0)
(-0.000228369 0.263542 0)
(-0.000319781 0.261216 0)
(0.00601756 0.260131 0)
(0.00460096 0.260233 0)
(-0.00260371 0.259928 0)
(-0.00444442 0.259946 0)
(-0.00495383 0.260397 0)
(-0.00419051 0.260812 0)
(-0.0035374 0.261139 0)
(-0.00291935 0.261434 0)
(-0.00232011 0.26169 0)
(-0.00183708 0.261886 0)
(-0.001489 0.262092 0)
(-0.00111224 0.262263 0)
(-0.000552381 0.262428 0)
(4.81447e-05 0.262546 0)
(0.000504402 0.262611 0)
(0.000649811 0.262509 0)
(0.000575087 0.262414 0)
(0.00046576 0.262319 0)
(0.000508459 0.262255 0)
(0.000740604 0.26227 0)
(0.00119166 0.26211 0)
(-3.7798e-05 0.261605 0)
(-0.000733297 0.262222 0)
(-0.000383977 0.262174 0)
(-0.000420276 0.263314 0)
(0.00555439 0.260319 0)
(0.00329497 0.260398 0)
(-0.00360201 0.260032 0)
(-0.00429216 0.260234 0)
(-0.00438823 0.260648 0)
(-0.00371856 0.260973 0)
(-0.00313694 0.261249 0)
(-0.00254052 0.261517 0)
(-0.00195656 0.26182 0)
(-0.00146014 0.261957 0)
(-0.00106149 0.262011 0)
(-0.000609964 0.262145 0)
(7.71244e-06 0.262254 0)
(0.000522444 0.262328 0)
(0.000767761 0.262259 0)
(0.000809269 0.262186 0)
(0.000721935 0.262107 0)
(0.000608289 0.262041 0)
(0.000734162 0.261931 0)
(0.00114555 0.261121 0)
(0.00142923 0.263597 0)
(-0.000332368 0.260933 0)
(-0.00108485 0.261722 0)
(-0.00074386 0.261016 0)
(-0.000752797 0.261252 0)
(0.00472612 0.260264 0)
(0.00201368 0.259903 0)
(-0.00399596 0.260042 0)
(-0.00390271 0.260394 0)
(-0.00390739 0.260753 0)
(-0.00332653 0.261038 0)
(-0.00278609 0.261284 0)
(-0.0022107 0.261495 0)
(-0.00165574 0.261584 0)
(-0.00111648 0.261713 0)
(-0.000678955 0.261895 0)
(-0.000164709 0.261985 0)
(0.000434365 0.262049 0)
(0.000811007 0.262008 0)
(0.000961331 0.261944 0)
(0.000982369 0.261861 0)
(0.000888784 0.261767 0)
(0.000858532 0.261619 0)
(0.00108629 0.261487 0)
(0.00142942 0.261546 0)
(0.00116869 0.261607 0)
(-0.000607603 0.262264 0)
(-0.00090859 0.260836 0)
(-0.000765877 0.261515 0)
(-0.000841912 0.260547 0)
(0.00299625 0.260112 0)
(0.00120185 0.259159 0)
(-0.00281401 0.26005 0)
(-0.0030419 0.260409 0)
(-0.00322257 0.260754 0)
(-0.002806 0.261029 0)
(-0.00236028 0.26126 0)
(-0.00184598 0.261454 0)
(-0.00133743 0.261553 0)
(-0.000839399 0.261641 0)
(-0.000371932 0.261755 0)
(0.000175567 0.261809 0)
(0.000678504 0.261815 0)
(0.000955384 0.261738 0)
(0.00107079 0.261655 0)
(0.00102347 0.261547 0)
(0.000949744 0.261425 0)
(0.00106264 0.261385 0)
(0.00123119 0.261486 0)
(0.00130852 0.262823 0)
(0.000227561 0.260475 0)
(-0.000830835 0.260733 0)
(-0.000498944 0.260877 0)
(-0.00105511 0.261326 0)
(-0.00116959 0.262294 0)
(0.00144365 0.260381 0)
(0.000805908 0.259984 0)
(-0.00139728 0.260358 0)
(-0.00213945 0.260557 0)
(-0.00244059 0.26079 0)
(-0.00221426 0.261035 0)
(-0.00190412 0.26123 0)
(-0.00148781 0.261397 0)
(-0.00104161 0.261504 0)
(-0.000569751 0.261571 0)
(-8.67714e-05 0.261615 0)
(0.000409826 0.261653 0)
(0.00079787 0.261587 0)
(0.00100267 0.261499 0)
(0.00105644 0.261407 0)
(0.000954102 0.261296 0)
(0.000919737 0.26119 0)
(0.00114793 0.261166 0)
(0.00127777 0.26129 0)
(0.000736104 0.261245 0)
(-0.00063605 0.260751 0)
(-0.000938848 0.260291 0)
(-0.00030316 0.262136 0)
(-0.00154538 0.260752 0)
(-0.00167618 0.260892 0)
(0.000726102 0.259823 0)
(0.000492789 0.260146 0)
(-0.000930253 0.260289 0)
(-0.00164512 0.260385 0)
(-0.0018058 0.260949 0)
(-0.00169446 0.261076 0)
(-0.00148264 0.261224 0)
(-0.00115944 0.261345 0)
(-0.00077385 0.261407 0)
(-0.000338515 0.261444 0)
(0.000133517 0.261472 0)
(0.000546769 0.261469 0)
(0.000825415 0.261405 0)
(0.00100312 0.261382 0)
(0.00102654 0.261212 0)
(0.000906137 0.26111 0)
(0.000902078 0.261037 0)
(0.00115926 0.261026 0)
(0.00113072 0.260999 0)
(-0.00032559 0.260197 0)
(-0.00152095 0.260273 0)
(-0.000891997 0.260741 0)
(-0.000237204 0.260716 0)
(-0.00207291 0.260896 0)
(-0.00225004 0.259671 0)
(0.00032029 0.260878 0)
(0.000226347 0.259825 0)
(-0.000710374 0.259761 0)
(-0.00140948 0.259834 0)
(-0.00152647 0.260595 0)
(-0.00133668 0.261091 0)
(-0.00117938 0.261202 0)
(-0.000904549 0.261269 0)
(-0.00056625 0.261317 0)
(-0.000172622 0.261375 0)
(0.000266304 0.261382 0)
(0.000630787 0.26135 0)
(0.000823463 0.261299 0)
(0.000956998 0.260593 0)
(0.000986288 0.261086 0)
(0.000841723 0.260981 0)
(0.000796549 0.260905 0)
(0.000877565 0.260836 0)
(0.000392933 0.260666 0)
(-0.00112188 0.260314 0)
(-0.00186104 0.260586 0)
(-0.000778443 0.261089 0)
(-6.61108e-05 0.260997 0)
(-0.002999 0.260579 0)
(-0.00324628 0.260055 0)
(-0.000178234 0.261058 0)
(-0.000227682 0.261999 0)
(-0.00037258 0.262032 0)
(-0.000838175 0.262257 0)
(-0.00108861 0.259872 0)
(-0.00104949 0.260999 0)
(-0.000881233 0.26112 0)
(-0.000647262 0.261207 0)
(-0.000350752 0.26127 0)
(8.71394e-06 0.261293 0)
(0.000430724 0.261273 0)
(0.000790526 0.261232 0)
(0.000939561 0.261162 0)
(0.00101774 0.26037 0)
(0.000793784 0.26094 0)
(0.000697831 0.260872 0)
(0.000514225 0.260816 0)
(0.000252495 0.260617 0)
(-0.000612589 0.260358 0)
(-0.00161422 0.260146 0)
(-0.0019268 0.260468 0)
(-0.000852174 0.260678 0)
(-1.39993e-05 0.26046 0)
(-0.0040908 0.260771 0)
(-0.0044724 0.260303 0)
(-0.000910831 0.262043 0)
(-0.000742954 0.260548 0)
(-0.00011531 0.260725 0)
(-0.000442498 0.260884 0)
(-0.000567712 0.262472 0)
(-0.000641494 0.261019 0)
(-0.000486306 0.261093 0)
(-0.000329943 0.26115 0)
(-9.4293e-05 0.261228 0)
(0.000211134 0.261234 0)
(0.000578862 0.261161 0)
(0.000887698 0.261079 0)
(0.000962577 0.261065 0)
(0.00105202 0.262682 0)
(0.000819318 0.26089 0)
(0.00076902 0.260796 0)
(0.000404485 0.26077 0)
(-0.000219344 0.260711 0)
(-0.0010779 0.260511 0)
(-0.0016576 0.26067 0)
(-0.0019119 0.26085 0)
(-0.00105887 0.260526 0)
(-8.89372e-05 0.260915 0)
(-0.00470389 0.260963 0)
(-0.00526446 0.260877 0)
(-0.00124939 0.260689 0)
(-0.000895793 0.259613 0)
(0.000248498 0.259675 0)
(-0.00036934 0.259687 0)
(-0.000754212 0.261129 0)
(-0.000412954 0.26112 0)
(-0.000324311 0.261137 0)
(-0.000148563 0.261161 0)
(5.90993e-05 0.26118 0)
(0.000327709 0.261179 0)
(0.000625384 0.261146 0)
(0.000875293 0.261193 0)
(0.000963556 0.260229 0)
(0.000896362 0.260682 0)
(0.00111017 0.260517 0)
(0.00100985 0.260833 0)
(0.000568572 0.260789 0)
(-0.000290955 0.260777 0)
(-0.00106073 0.260728 0)
(-0.0012696 0.26084 0)
(-0.00140948 0.261047 0)
(-0.00103881 0.261294 0)
(-0.000493135 0.261111 0)
(-0.00468212 0.261133 0)
(-0.00501699 0.261313 0)
(-0.00161947 0.259608 0)
(-0.00113221 0.262736 0)
(0.000434557 0.262822 0)
(-0.000174505 0.262936 0)
(-0.000458445 0.259494 0)
(-0.000418697 0.261001 0)
(-0.000221703 0.261056 0)
(8.59105e-06 0.261092 0)
(0.000264826 0.261091 0)
(0.000565225 0.261105 0)
(0.000909064 0.26113 0)
(0.0012714 0.25992 0)
(0.00146772 0.260502 0)
(0.00137838 0.259703 0)
(0.00116641 0.260004 0)
(0.00103437 0.260798 0)
(0.000728108 0.260715 0)
(-0.000147676 0.26073 0)
(-0.000882726 0.260776 0)
(-0.000876853 0.260851 0)
(-0.000838416 0.260976 0)
(-0.000912727 0.261136 0)
(-0.000644079 0.261021 0)
(-0.00397136 0.260986 0)
(-0.00428423 0.261413 0)
(-0.00197797 0.262964 0)
(-0.00144673 0.260421 0)
(0.000454413 0.260264 0)
(0.000183223 0.260186 0)
(-5.83511e-05 0.263033 0)
(-4.2279e-05 0.26094 0)
(8.25708e-05 0.260976 0)
(0.000273135 0.260996 0)
(0.000513039 0.260994 0)
(0.000801134 0.260965 0)
(0.0011392 0.260911 0)
(0.00143186 0.260579 0)
(0.00148962 0.262565 0)
(0.00144599 0.262766 0)
(0.00143821 0.262209 0)
(0.001281 0.260212 0)
(0.00112465 0.260554 0)
(0.000322576 0.260567 0)
(-0.000436465 0.260689 0)
(-0.000441542 0.260775 0)
(-0.000339481 0.260907 0)
(-0.000721081 0.261014 0)
(-0.000634137 0.260808 0)
(-0.00348482 0.260968 0)
(-0.00383881 0.260982 0)
(-0.00201722 0.260532 0)
(-0.00154833 0.259913 0)
(0.000110118 0.259755 0)
(-0.000243136 0.259613 0)
(-0.000113498 0.260415 0)
(0.000113776 0.260999 0)
(0.000170499 0.261012 0)
(0.000341989 0.261001 0)
(0.000549475 0.260977 0)
(0.000783078 0.260956 0)
(0.00102284 0.260861 0)
(0.00128474 0.26303 0)
(0.00145189 0.260509 0)
(0.00172766 0.259968 0)
(0.00187907 0.260511 0)
(0.00186268 0.259827 0)
(0.00149395 0.260507 0)
(0.000948002 0.260475 0)
(0.000269092 0.260598 0)
(0.000201453 0.260726 0)
(0.000181215 0.260864 0)
(-0.000722849 0.260953 0)
(-0.000795656 0.260911 0)
(-0.0034586 0.2607 0)
(-0.00384564 0.260606 0)
(-0.0016463 0.259438 0)
(-0.00169741 0.262438 0)
(-0.000397535 0.262921 0)
(-0.000361413 0.262892 0)
(-0.000195685 0.259424 0)
(-2.39144e-05 0.261001 0)
(0.000164496 0.260925 0)
(0.000366929 0.26094 0)
(0.000612958 0.260944 0)
(0.000892221 0.260929 0)
(0.00113454 0.260892 0)
(0.00159876 0.26021 0)
(0.00198383 0.25933 0)
(0.00205719 0.259329 0)
(0.00197796 0.25936 0)
(0.00182793 0.262 0)
(0.0015906 0.260418 0)
(0.00141321 0.260365 0)
(0.00102289 0.260457 0)
(0.000935543 0.260627 0)
(0.000684696 0.260717 0)
(-0.000881278 0.260787 0)
(-0.00116671 0.260479 0)
(-0.00365073 0.260589 0)
(-0.00400209 0.260378 0)
(-0.00133396 0.262507 0)
(-0.00159661 0.261698 0)
(-0.000728646 0.260252 0)
(-0.000248485 0.260227 0)
(4.25069e-05 0.262997 0)
(0.00015123 0.259973 0)
(0.000385197 0.260859 0)
(0.000597606 0.260886 0)
(0.000782124 0.260867 0)
(0.00103072 0.260811 0)
(0.00134147 0.260812 0)
(0.00148538 0.259245 0)
(0.00180171 0.262643 0)
(0.00196923 0.262614 0)
(0.0020063 0.262381 0)
(0.00201137 0.260071 0)
(0.00206336 0.260249 0)
(0.00201843 0.260229 0)
(0.00189524 0.260276 0)
(0.00168754 0.260424 0)
(0.0010355 0.260422 0)
(-0.00104383 0.260384 0)
(-0.00145267 0.260453 0)
(-0.00380423 0.260269 0)
(-0.004142 0.260163 0)
(-0.00095789 0.260237 0)
(-0.00104606 0.259548 0)
(-0.000664605 0.259766 0)
(-0.000632106 0.25972 0)
(-5.44802e-06 0.260387 0)
(8.74862e-05 0.260437 0)
(0.000210562 0.259636 0)
(0.000408616 0.26089 0)
(0.000607647 0.260859 0)
(0.000816977 0.260841 0)
(0.00108297 0.260694 0)
(0.00128606 0.262927 0)
(0.00160224 0.260141 0)
(0.00206882 0.259794 0)
(0.00247619 0.259648 0)
(0.00250316 0.25915 0)
(0.00248019 0.26021 0)
(0.00250802 0.26018 0)
(0.00253811 0.260136 0)
(0.00211566 0.260163 0)
(0.000970558 0.260044 0)
(-0.00110489 0.259868 0)
(-0.00139065 0.259933 0)
(-0.00387219 0.260073 0)
(-0.00423185 0.259911 0)
(-0.000481846 0.259483 0)
(-0.00100608 0.260316 0)
(-0.00100186 0.262843 0)
(-0.000717332 0.2629 0)
(-0.000463479 0.259456 0)
(-0.000214914 0.262697 0)
(-4.14964e-05 0.261945 0)
(0.000226427 0.260768 0)
(0.00048515 0.260783 0)
(0.00072724 0.260774 0)
(0.000924716 0.260756 0)
(0.00149539 0.260032 0)
(0.00169324 0.259138 0)
(0.00182327 0.259153 0)
(0.00195006 0.259135 0)
(0.00231651 0.262249 0)
(0.00241982 0.26016 0)
(0.00256899 0.260059 0)
(0.00260573 0.25994 0)
(0.00196637 0.259824 0)
(0.000501682 0.259635 0)
(-0.00105299 0.259471 0)
(-0.00100061 0.25987 0)
(-0.00384294 0.259733 0)
(-0.00429698 0.259638 0)
(-0.000212831 0.262461 0)
(-0.000954975 0.262726 0)
(-0.00126747 0.260067 0)
(-0.000674556 0.26014 0)
(-0.000558203 0.262907 0)
(-0.000323373 0.26045 0)
(0.000187438 0.261089 0)
(0.000477005 0.260766 0)
(0.000628233 0.260734 0)
(0.000792949 0.260686 0)
(0.00104191 0.2607 0)
(0.00114923 0.259122 0)
(0.00140983 0.26256 0)
(0.00156891 0.262563 0)
(0.00175669 0.262311 0)
(0.00224219 0.259374 0)
(0.00252033 0.260041 0)
(0.00249423 0.259926 0)
(0.00231937 0.259756 0)
(0.00150459 0.259526 0)
(0.000125198 0.259344 0)
(-0.00073798 0.259358 0)
(-0.000505869 0.259503 0)
(-0.00384614 0.259617 0)
(-0.00439372 0.25942 0)
(-4.33525e-06 0.260043 0)
(-0.00047019 0.260114 0)
(-0.0008485 0.259637 0)
(-0.000887397 0.259704 0)
(-0.000667261 0.260318 0)
(-0.000550415 0.259585 0)
(-0.000302999 0.259526 0)
(6.39042e-05 0.260816 0)
(0.000240629 0.260757 0)
(0.000436824 0.260726 0)
(0.000644437 0.26059 0)
(0.000822879 0.262796 0)
(0.0010409 0.260035 0)
(0.00152631 0.259751 0)
(0.00200141 0.259671 0)
(0.00214188 0.259099 0)
(0.00220989 0.260082 0)
(0.00204132 0.259917 0)
(0.00167349 0.259709 0)
(0.000869506 0.259456 0)
(-6.30062e-06 0.25933 0)
(-0.000384105 0.25946 0)
(-0.000178715 0.259621 0)
(-0.00385453 0.259485 0)
(-0.00452606 0.259351 0)
(0.000151743 0.259387 0)
(-0.000389762 0.259394 0)
(-0.000779491 0.262635 0)
(-0.000712476 0.262834 0)
(-0.000979981 0.259474 0)
(-0.000887949 0.262809 0)
(-0.000629738 0.262837 0)
(-0.000358474 0.260806 0)
(-7.60687e-06 0.260751 0)
(0.000266772 0.260718 0)
(0.000468043 0.260706 0)
(0.000886909 0.259905 0)
(0.00119537 0.259047 0)
(0.00130005 0.25916 0)
(0.00140269 0.259158 0)
(0.00157553 0.262263 0)
(0.00146895 0.259953 0)
(0.00135562 0.259903 0)
(0.000941061 0.259742 0)
(0.000338908 0.259566 0)
(-4.75323e-05 0.259532 0)
(-0.00016869 0.25955 0)
(-6.08157e-05 0.2595 0)
(-0.00389307 0.259526 0)
(-0.00460251 0.259361 0)
(0.00018261 0.262351 0)
(-0.000406436 0.262358 0)
(-0.000616265 0.259764 0)
(-0.000409676 0.260039 0)
(-0.00112274 0.262805 0)
(-0.00106619 0.261273 0)
(-0.000543575 0.261332 0)
(-0.000227324 0.260191 0)
(1.30671e-06 0.260552 0)
(0.000259031 0.260545 0)
(0.000506704 0.260607 0)
(0.0007279 0.259201 0)
(0.000855554 0.262602 0)
(0.000904838 0.262489 0)
(0.000980074 0.262232 0)
(0.00104683 0.260545 0)
(0.00117514 0.260225 0)
(0.000924983 0.259932 0)
(0.000506857 0.259825 0)
(1.56514e-05 0.259707 0)
(-0.000214654 0.25966 0)
(-0.000277827 0.259576 0)
(-5.00291e-05 0.259567 0)
(-0.00397336 0.259427 0)
(-0.00476843 0.259219 0)
(0.000180172 0.259714 0)
(-7.00769e-05 0.259625 0)
(7.29063e-05 0.259646 0)
(-0.000248408 0.259397 0)
(-0.00118452 0.260047 0)
(-0.00118615 0.259741 0)
(-0.000858043 0.259718 0)
(-0.000720268 0.261184 0)
(-0.000503099 0.260882 0)
(-0.000231244 0.260786 0)
(2.72872e-05 0.260605 0)
(0.000249044 0.262467 0)
(0.000313438 0.26105 0)
(0.000736523 0.260871 0)
(0.000968619 0.260368 0)
(0.00110477 0.259015 0)
(0.000910843 0.259972 0)
(0.000653928 0.259762 0)
(0.000193476 0.259712 0)
(-0.000301676 0.259648 0)
(-0.000545505 0.259589 0)
(-0.000562597 0.259474 0)
(-0.000198528 0.259424 0)
(-0.00431681 0.25936 0)
(-0.00510888 0.259112 0)
(0.000307231 0.259496 0)
(0.000125576 0.259622 0)
(7.67408e-05 0.260976 0)
(-0.000239928 0.260946 0)
(-0.000939993 0.259168 0)
(-0.00114297 0.258923 0)
(-0.00127274 0.258967 0)
(-0.00119437 0.259685 0)
(-0.000902672 0.259176 0)
(-0.000641044 0.259088 0)
(-0.000405871 0.258946 0)
(-0.000130055 0.259561 0)
(0.000319467 0.257908 0)
(0.000576828 0.257946 0)
(0.000808621 0.258339 0)
(0.000592907 0.25887 0)
(0.000412375 0.258953 0)
(0.000163257 0.258889 0)
(-0.000191918 0.258727 0)
(-0.000581602 0.25864 0)
(-0.000865478 0.258608 0)
(-0.000830407 0.258495 0)
(-0.000274259 0.258451 0)
(-0.0043576 0.258331 0)
(-0.00512009 0.258335 0)
(0.000816688 0.261138 0)
(0.000410002 0.260942 0)
(-0.00056316 0.260525 0)
(-0.000602103 0.260698 0)
(-0.000750236 0.260805 0)
(-0.0010775 0.260558 0)
(-0.00137514 0.260505 0)
(-0.00131464 0.26002 0)
(-0.0010251 0.260249 0)
(-0.000719729 0.260198 0)
(-0.000437004 0.260256 0)
(-9.04195e-05 0.259055 0)
(0.000168133 0.25978 0)
(0.000283404 0.259596 0)
(0.000249276 0.259693 0)
(0.000248782 0.259441 0)
(2.67685e-05 0.259385 0)
(-0.000142671 0.259076 0)
(-0.000474233 0.258869 0)
(-0.000738093 0.258732 0)
(-0.00110825 0.258696 0)
(-0.00113229 0.258668 0)
(-0.00047872 0.258445 0)
(-0.00398959 0.258505 0)
(-0.00460006 0.258907 0)
(0.00228719 0.267453 0)
(0.000548568 0.265064 0)
(-0.00128643 0.264706 0)
(-0.00116558 0.264224 0)
(-0.00130078 0.264275 0)
(-0.00158151 0.265298 0)
(-0.00198606 0.26533 0)
(-0.00199589 0.265354 0)
(-0.00179614 0.265498 0)
(-0.00146964 0.265553 0)
(-0.00109915 0.265573 0)
(-0.000831377 0.265399 0)
(-0.000556712 0.265275 0)
(-0.000415936 0.265147 0)
(-0.000314803 0.264783 0)
(-0.000454202 0.265166 0)
(-0.00057218 0.26496 0)
(-0.000503658 0.265201 0)
(-0.000487566 0.265397 0)
(-0.000637828 0.265655 0)
(-0.000769111 0.265921 0)
(-0.00150746 0.26657 0)
(-0.000866428 0.266751 0)
(-0.00341034 0.267316 0)
(-0.00440743 0.26953 0)
(-0.00341705 0.280467 0)
(-0.00846454 0.284838 0)
(-0.00597145 0.280765 0)
(-0.0026923 0.282175 0)
(-0.0019426 0.284359 0)
(-0.00202057 0.283223 0)
(-0.0019804 0.282989 0)
(-0.00157885 0.282723 0)
(-0.000963167 0.282826 0)
(-0.000318573 0.283204 0)
(0.000265437 0.283547 0)
(0.000823018 0.283837 0)
(0.00131281 0.284673 0)
(0.00179028 0.285405 0)
(0.00216302 0.286308 0)
(0.00255243 0.28704 0)
(0.00280912 0.288215 0)
(0.00295733 0.289482 0)
(0.00312275 0.290907 0)
(0.00328805 0.292495 0)
(0.00308509 0.294292 0)
(0.00230917 0.29403 0)
(0.0049486 0.29265 0)
(0.00905591 0.295236 0)
(0.00569641 0.294227 0)
(-0.0188555 0.302519 0)
(-0.0236484 0.299303 0)
(-0.0106404 0.29855 0)
(-0.00426701 0.302452 0)
(-0.00172504 0.304115 0)
(-0.00111787 0.303652 0)
(-0.000992732 0.302673 0)
(-0.00073023 0.301698 0)
(-0.000303372 0.301052 0)
(0.00017599 0.300836 0)
(0.000636749 0.300791 0)
(0.00112061 0.300899 0)
(0.001639 0.301146 0)
(0.0021753 0.301587 0)
(0.00266692 0.30213 0)
(0.00308817 0.302943 0)
(0.0033762 0.303949 0)
(0.00349742 0.305204 0)
(0.00344765 0.306795 0)
(0.0032972 0.30868 0)
(0.00335499 0.310727 0)
(0.00460616 0.310694 0)
(0.00977608 0.308133 0)
(0.0227558 0.307668 0)
(0.0186922 0.310526 0)
(-0.0152504 0.11492 0)
(-0.0219415 0.129221 0)
(-0.0087709 0.13386 0)
(-0.00182555 0.138987 0)
(0.000666214 0.139309 0)
(0.000995844 0.13642 0)
(0.000682681 0.133448 0)
(0.000392694 0.131073 0)
(0.000259777 0.12953 0)
(0.0002797 0.128752 0)
(0.000395477 0.12839 0)
(0.000559844 0.128343 0)
(0.000751816 0.128671 0)
(0.000947354 0.129356 0)
(0.00111518 0.130407 0)
(0.0012161 0.131876 0)
(0.00119808 0.133858 0)
(0.000986805 0.136505 0)
(0.000518491 0.140019 0)
(-0.000125758 0.144536 0)
(-0.000320642 0.149835 0)
(0.00166486 0.152789 0)
(0.00916158 0.149135 0)
(0.0246393 0.142719 0)
(0.0174746 0.12669 0)
(-0.0639726 0.0973926 0)
(-0.0561245 0.132168 0)
(-0.0138175 0.137194 0)
(-0.000304214 0.140005 0)
(0.004489 0.135942 0)
(0.00439719 0.129423 0)
(0.00292954 0.123736 0)
(0.00163646 0.119687 0)
(0.000829324 0.117196 0)
(0.000419995 0.115875 0)
(0.000252118 0.115329 0)
(0.000194829 0.11536 0)
(0.000174666 0.115998 0)
(0.000146152 0.117249 0)
(5.91314e-05 0.119171 0)
(-0.000165743 0.121883 0)
(-0.000663144 0.125595 0)
(-0.00162678 0.130656 0)
(-0.00321569 0.13752 0)
(-0.00519739 0.146609 0)
(-0.00593284 0.157569 0)
(-0.000730423 0.16654 0)
(0.0157145 0.16616 0)
(0.0689854 0.168159 0)
(0.090474 0.144586 0)
(-0.293402 -0.0354239 0)
(-0.137231 0.304097 0)
(-0.0493474 0.318422 0)
(-0.0209056 0.284941 0)
(-0.0113281 0.260846 0)
(-0.0105323 0.238951 0)
(-0.01148 0.222367 0)
(-0.0112971 0.211485 0)
(-0.00982416 0.204857 0)
(-0.00761275 0.201179 0)
(-0.00512416 0.199654 0)
(-0.00251096 0.199873 0)
(0.000179053 0.201836 0)
(0.00289212 0.205537 0)
(0.00562519 0.211103 0)
(0.00827764 0.218825 0)
(0.0104987 0.229174 0)
(0.0117756 0.242888 0)
(0.0115134 0.261476 0)
(0.00936924 0.287068 0)
(0.00715224 0.320674 0)
(0.0139823 0.357091 0)
(0.0429686 0.396002 0)
(0.148099 0.418368 0)
(0.350268 0.0360978 0)
(-0.426484 -0.2804 0)
(-0.366548 0.369229 0)
(-0.0404047 0.30634 0)
(-0.00972714 0.227788 0)
(-0.0146631 0.163568 0)
(-0.0287317 0.117632 0)
(-0.0389455 0.088747 0)
(-0.0421683 0.0734904 0)
(-0.0404625 0.065982 0)
(-0.0362049 0.0628648 0)
(-0.0309519 0.0618758 0)
(-0.0249291 0.0619866 0)
(-0.0183818 0.0639413 0)
(-0.0117146 0.0673466 0)
(-0.00481773 0.0722541 0)
(0.00204181 0.0798585 0)
(0.007749 0.0914148 0)
(0.0108181 0.106933 0)
(0.00929606 0.129598 0)
(-2.54083e-05 0.16631 0)
(-0.0178257 0.224601 0)
(-0.029615 0.309196 0)
(0.000120911 0.420933 0)
(0.383635 0.526317 0)
(0.532983 -0.252425 0)
(-0.0106611 -0.00594555 0)
(-0.0700523 0.0589313 0)
(0.0516909 0.270441 0)
(0.0529111 0.161581 0)
(0.0227142 0.094761 0)
(0.000883567 0.0610958 0)
(-0.0106431 0.0449457 0)
(-0.0142774 0.0378795 0)
(-0.0147897 0.034041 0)
(-0.0145276 0.0320411 0)
(-0.0144851 0.0310737 0)
(-0.014431 0.0299629 0)
(-0.0143109 0.0303611 0)
(-0.0140936 0.0311169 0)
(-0.0136593 0.0322498 0)
(-0.0129598 0.0350765 0)
(-0.0118075 0.0404771 0)
(-0.0108934 0.0471757 0)
(-0.012111 0.0564789 0)
(-0.0211015 0.0735787 0)
(-0.0441627 0.107505 0)
(-0.0817397 0.171132 0)
(-0.0943553 0.317973 0)
(0.0977887 0.10137 0)
(0.0169031 -0.0124489 0)
(0.000928173 0.000316436 0)
(-0.00104912 0.000569315 0)
(-0.000164575 0.000928587 0)
(0.000266397 0.000385748 0)
(5.21351e-05 0.000107753 0)
(7.59991e-06 4.99692e-05 0)
(4.1743e-07 3.44107e-05 0)
(2.82466e-07 2.51948e-05 0)
(9.00009e-07 1.37039e-05 0)
(8.42092e-07 8.10395e-06 0)
(8.61934e-07 5.77926e-06 0)
(7.25139e-07 4.09316e-06 0)
(6.23696e-07 4.45207e-06 0)
(3.76917e-07 5.45753e-06 0)
(8.16535e-08 7.03749e-06 0)
(-4.33037e-07 1.08559e-05 0)
(-1.48508e-06 1.76091e-05 0)
(-2.18053e-06 2.7831e-05 0)
(-3.1449e-06 4.40861e-05 0)
(-6.57989e-06 8.31137e-05 0)
(-6.61831e-05 0.000187388 0)
(-0.000387701 0.000506132 0)
(4.92911e-05 0.00153509 0)
(0.000858159 0.000651304 0)
(-0.000702243 1.52995e-05 0)
(0.000591343 0.0011302 0)
(-0.000102949 -3.66652e-05 0)
(4.33875e-06 7.64102e-06 0)
(2.8761e-06 -2.51307e-06 0)
(3.27981e-06 -9.63288e-06 0)
(3.57409e-07 -3.02407e-06 0)
(-2.6692e-07 5.62117e-08 0)
(-1.55417e-07 6.42663e-07 0)
(3.04874e-07 -4.4824e-07 0)
(3.54315e-07 -8.49626e-07 0)
(2.38245e-07 -9.943e-07 0)
(1.75947e-07 -1.12212e-06 0)
(1.30981e-07 -1.2947e-06 0)
(1.1514e-07 -1.443e-06 0)
(9.41163e-08 -1.54702e-06 0)
(9.68742e-08 -1.67003e-06 0)
(1.80231e-07 -1.81753e-06 0)
(1.80672e-07 -1.96425e-06 0)
(2.68404e-07 -2.06756e-06 0)
(5.32672e-07 -1.77576e-06 0)
(1.81986e-06 3.07267e-06 0)
(4.25262e-06 7.91993e-06 0)
(1.91699e-06 -1.0728e-06 0)
(8.16589e-05 1.01483e-06 0)
(-0.000453753 0.000660685 0)
)
;

boundaryField
{
    inlet
    {
        type            calculated;
        value           uniform (0 0.1 0);
    }
    outlet
    {
        type            calculated;
        value           nonuniform List<vector> 
25
(
(0.000591343 0.0011302 0)
(-0.000102949 -3.66652e-05 0)
(4.33875e-06 7.64102e-06 0)
(2.8761e-06 -2.51307e-06 0)
(3.27981e-06 -9.63288e-06 0)
(0 -6.95644e-06 0)
(0 -2.40299e-06 0)
(0 -1.77422e-06 0)
(0 -2.6689e-06 0)
(0 -3.33154e-06 0)
(0 -3.57945e-06 0)
(0 -3.7464e-06 0)
(0 -3.92403e-06 0)
(0 -4.03916e-06 0)
(0 -4.0613e-06 0)
(0 -4.06787e-06 0)
(0 -4.06059e-06 0)
(0 -4.11737e-06 0)
(0 -4.23551e-06 0)
(0 -5.1895e-06 0)
(1.81986e-06 3.07267e-06 0)
(4.25262e-06 7.91993e-06 0)
(1.91699e-06 -1.0728e-06 0)
(8.16589e-05 1.01483e-06 0)
(-0.000453753 0.000660685 0)
)
;
    }
    walls
    {
        type            calculated;
        value           uniform (0 0 0);
    }
    defaultFaces
    {
        type            empty;
    }
}


// ************************************************************************* //
