/*--------------------------------*- C++ -*----------------------------------*\
| =========                 |                                                 |
| \\      /  F ield         | OpenFOAM: The Open Source CFD Toolbox           |
|  \\    /   O peration     | Version:  2.3.0                                 |
|   \\  /    A nd           | Web:      www.OpenFOAM.org                      |
|    \\/     M anipulation  |                                                 |
\*---------------------------------------------------------------------------*/
FoamFile
{
    version     2.0;
    format      ascii;
    class       volScalarField;
    location    "0.06";
    object      nut;
}
// * * * * * * * * * * * * * * * * * * * * * * * * * * * * * * * * * * * * * //

dimensions      [0 2 -1 0 0 0 0];

internalField   nonuniform List<scalar> 
545
(
7.72867
7.35975
6.77101
6.26313
5.91558
7.87832
7.37673
6.75299
6.23212
5.85751
8.1356
7.39053
6.70978
6.16778
5.75363
8.52466
7.37932
6.64042
6.07569
5.59481
9.10139
7.31591
6.5606
5.97699
5.37105
5.73797
5.64098
5.61016
5.60048
5.59745
5.59651
5.59621
5.59611
5.59607
5.59605
5.59604
5.59603
5.59603
5.59602
5.59601
5.59601
5.596
5.59599
5.59599
5.59598
5.59597
5.59597
5.59596
5.59596
5.59595
5.59595
5.59595
5.59594
5.59594
5.59593
5.59593
5.59593
5.59592
5.59592
5.59592
5.59592
5.59591
5.59591
5.59591
5.59591
5.59591
5.59591
5.59591
5.59591
5.59591
5.69352
5.62738
5.60586
5.59913
5.59703
5.59638
5.59617
5.5961
5.59607
5.59605
5.59604
5.59603
5.59603
5.59602
5.59601
5.59601
5.596
5.59599
5.59599
5.59598
5.59597
5.59597
5.59596
5.59596
5.59595
5.59595
5.59595
5.59594
5.59594
5.59593
5.59593
5.59593
5.59592
5.59592
5.59592
5.59592
5.59591
5.59591
5.59591
5.59591
5.59591
5.59591
5.59591
5.59591
5.59591
5.62885
5.60459
5.59855
5.59684
5.59632
5.59616
5.5961
5.59607
5.59606
5.59605
5.59604
5.59603
5.59603
5.59602
5.59601
5.59601
5.596
5.59599
5.59599
5.59598
5.59597
5.59597
5.59596
5.59596
5.59595
5.59595
5.59595
5.59594
5.59594
5.59593
5.59593
5.59593
5.59592
5.59592
5.59592
5.59592
5.59591
5.59591
5.59591
5.59591
5.59591
5.59591
5.59591
5.59591
5.59591
5.54473
5.57799
5.59036
5.59431
5.59554
5.59591
5.59602
5.59605
5.59605
5.59605
5.59604
5.59603
5.59603
5.59602
5.59601
5.59601
5.596
5.59599
5.59599
5.59598
5.59598
5.59597
5.59596
5.59596
5.59595
5.59595
5.59595
5.59594
5.59594
5.59593
5.59593
5.59593
5.59592
5.59592
5.59592
5.59592
5.59592
5.59591
5.59591
5.59591
5.59591
5.59591
5.59591
5.59591
5.59591
5.44666
5.55549
5.58385
5.59232
5.59492
5.59572
5.59596
5.59603
5.59605
5.59605
5.59604
5.59603
5.59603
5.59602
5.59601
5.59601
5.596
5.59599
5.59599
5.59598
5.59598
5.59597
5.59596
5.59596
5.59595
5.59595
5.59595
5.59594
5.59594
5.59593
5.59593
5.59593
5.59592
5.59592
5.59592
5.59592
5.59592
5.59591
5.59591
5.59591
5.59591
5.59591
5.59591
5.59591
5.59591
5.45757
5.54865
5.58122
5.59148
5.59466
5.59564
5.59594
5.59603
5.59605
5.59605
5.59604
5.59603
5.59603
5.59602
5.59601
5.59601
5.596
5.59599
5.59599
5.59598
5.59598
5.59597
5.59596
5.59596
5.59595
5.59595
5.59595
5.59594
5.59594
5.59593
5.59593
5.59593
5.59592
5.59592
5.59592
5.59592
5.59592
5.59591
5.59591
5.59591
5.59591
5.59591
5.59591
5.59591
5.59591
9.10139
7.31591
6.5606
5.97699
5.37105
8.52466
7.37932
6.64042
6.07569
5.59481
8.1356
7.39053
6.70978
6.16778
5.75363
7.87832
7.37673
6.75299
6.23212
5.85751
7.72867
7.35974
6.77101
6.26313
5.91558
5.44666
5.55549
5.58385
5.59232
5.59492
5.59572
5.59596
5.59603
5.59605
5.59605
5.59604
5.59603
5.59603
5.59602
5.59601
5.59601
5.596
5.59599
5.59599
5.59598
5.59598
5.59597
5.59596
5.59596
5.59595
5.59595
5.59595
5.59594
5.59594
5.59593
5.59593
5.59593
5.59592
5.59592
5.59592
5.59592
5.59592
5.59591
5.59591
5.59591
5.59591
5.59591
5.59591
5.59591
5.59591
5.54473
5.57799
5.59036
5.59431
5.59554
5.59591
5.59602
5.59605
5.59605
5.59605
5.59604
5.59603
5.59603
5.59602
5.59601
5.59601
5.596
5.59599
5.59599
5.59598
5.59598
5.59597
5.59596
5.59596
5.59595
5.59595
5.59595
5.59594
5.59594
5.59593
5.59593
5.59593
5.59592
5.59592
5.59592
5.59592
5.59592
5.59591
5.59591
5.59591
5.59591
5.59591
5.59591
5.59591
5.59591
5.62885
5.60459
5.59855
5.59684
5.59632
5.59616
5.5961
5.59607
5.59606
5.59605
5.59604
5.59603
5.59603
5.59602
5.59601
5.59601
5.596
5.59599
5.59599
5.59598
5.59597
5.59597
5.59596
5.59596
5.59595
5.59595
5.59595
5.59594
5.59594
5.59593
5.59593
5.59593
5.59592
5.59592
5.59592
5.59592
5.59591
5.59591
5.59591
5.59591
5.59591
5.59591
5.59591
5.59591
5.59591
5.69352
5.62738
5.60586
5.59913
5.59703
5.59638
5.59617
5.5961
5.59607
5.59605
5.59604
5.59603
5.59603
5.59602
5.59601
5.59601
5.596
5.59599
5.59599
5.59598
5.59597
5.59597
5.59596
5.59596
5.59595
5.59595
5.59595
5.59594
5.59594
5.59593
5.59593
5.59593
5.59592
5.59592
5.59592
5.59592
5.59591
5.59591
5.59591
5.59591
5.59591
5.59591
5.59591
5.59591
5.59591
5.73797
5.64098
5.61016
5.60048
5.59745
5.59651
5.59621
5.59611
5.59607
5.59605
5.59604
5.59603
5.59603
5.59602
5.59601
5.59601
5.596
5.59599
5.59599
5.59598
5.59597
5.59597
5.59596
5.59596
5.59595
5.59595
5.59595
5.59594
5.59594
5.59593
5.59593
5.59593
5.59592
5.59592
5.59592
5.59592
5.59591
5.59591
5.59591
5.59591
5.59591
5.59591
5.59591
5.59591
5.59591
)
;

boundaryField
{
    AirInlet
    {
        type            fixedValue;
        value           uniform 0;
    }
    WaterInlet
    {
        type            fixedValue;
        value           uniform 0;
    }
    ChannelWall
    {
        type            fixedValue;
        value           uniform 0;
    }
    Outlet
    {
        type            calculated;
        value           nonuniform List<scalar> 
11
(
5.59591
5.59591
5.59591
5.59591
5.59591
5.59591
5.59591
5.59591
5.59591
5.59591
5.59591
)
;
    }
    FrontAndBack
    {
        type            empty;
    }
}


// ************************************************************************* //
