/*--------------------------------*- C++ -*----------------------------------*\
| =========                 |                                                 |
| \\      /  F ield         | OpenFOAM: The Open Source CFD Toolbox           |
|  \\    /   O peration     | Version:  2.3.0                                 |
|   \\  /    A nd           | Web:      www.OpenFOAM.org                      |
|    \\/     M anipulation  |                                                 |
\*---------------------------------------------------------------------------*/
FoamFile
{
    version     2.0;
    format      ascii;
    class       volScalarField;
    location    "1.06";
    object      rho;
}
// * * * * * * * * * * * * * * * * * * * * * * * * * * * * * * * * * * * * * //

dimensions      [1 -3 0 0 0 0 0];

internalField   nonuniform List<scalar> 
6000
(
1007.84
1109.73
1114.85
1114.86
1114.83
1114.85
1114.83
1114.82
1114.81
1114.81
1114.79
1113.97
1112.89
803.351
831.306
1082.53
1196.86
1196.87
1196.86
1196.86
1196.86
1196.86
1196.85
1196.85
1190.49
1055.53
1100.58
1143.13
1143.13
1143.13
1007.82
1008.2
1034.66
948.824
864.83
1114.84
1114.84
1114.82
1087.67
1093.24
1078.74
976.705
791.997
741.657
730.784
786.422
967.423
1056.1
1077.02
1057.27
1045.44
1024.01
1006.08
1064.76
1033.96
960.284
960.422
1040.48
1105.9
1089.1
1164.5
1182.65
1106.01
724.511
688.93
791.518
1111.11
1113.09
1069.02
1083.32
938.596
764.776
741.655
729.298
741.653
731.204
741.653
806.565
827.099
784.725
766.161
751.703
756.149
835.192
935.249
983.237
1061.89
1101.28
997.745
921.198
1288.87
1287.86
1060.52
685.599
700.678
690.221
789.078
914.203
914.909
936.558
795.252
741.653
732.467
741.652
728.6
741.652
733.185
741.653
736.526
741.653
735.906
741.653
735.881
741.653
753.783
909.635
1126.14
1101.62
837.653
750.353
1340.51
1305.06
904.142
700.492
686.359
700.678
692.7
727.904
810.232
838.206
761.834
737.574
741.652
729.119
741.652
729.749
741.652
736.114
741.652
738.346
741.652
736.338
741.652
737.659
741.653
831.28
1125.96
1086.15
752.703
740.459
1346.86
1232.86
762.177
685.82
700.491
689.54
700.679
695.573
795.383
834.972
765.307
741.653
733.529
741.652
728.821
741.652
733.98
741.652
739.934
741.652
739.137
741.652
738.587
741.653
766.891
861.611
1127.94
1009.73
740.668
740.668
1342.56
1171.05
722.073
700.491
687.87
700.678
692.037
700.898
784.459
833.75
768.615
739.472
741.652
730.968
741.652
731.582
741.652
739.574
751.225
741.09
741.652
740.386
741.653
797.056
899.204
976.122
1127.72
938.685
741.305
740.668
1347.69
1179.21
717.65
687.031
700.678
691.28
700.897
695.261
755.004
805.972
758.51
741.654
738.074
741.652
731.786
741.652
738.528
794.99
844.953
829.165
808.918
818.564
872.355
988.996
1110.29
1152.16
1159.44
958.97
741.851
740.668
1354.59
1205.51
724.582
700.677
689.836
700.897
694.739
701.155
711.984
763.617
745.845
741.198
741.653
736.74
741.652
736.97
770.377
936.692
1003.42
1004.55
1003.66
1042.08
1134.37
1233.71
1283.85
1291.19
1255.54
1074.1
768.14
741.518
1356.23
1222.45
733.765
688.673
700.897
693.944
701.155
698.663
701.545
756.188
778.927
776.194
741.849
741.653
737.946
741.652
906.219
1113.23
1176.36
1203.11
1235.03
1278.79
1321.6
1347.01
1355.1
1354.15
1340.87
1250.55
932.298
755.168
1355.98
1199.59
731.869
700.896
690.599
701.155
698.233
701.544
715.964
792.817
872.549
890.4
803.321
740.701
741.652
852.915
1128.02
1266.76
1304.79
1327.82
1347.31
1362.62
1371.36
1373.13
1373.23
1373.03
1372.32
1353.3
1209.74
891.441
1341.93
1099.12
710.71
690.544
701.155
696.139
701.544
731.921
761.939
871.288
1012.79
1054.23
939.277
792.935
847.309
1103.02
1296.67
1342.35
1357.7
1367.69
1372.81
1373.15
1373.38
1373.28
1373.4
1373.38
1373.76
1373.37
1346.57
1164.74
1276.47
931.432
695.929
701.154
694.592
701.544
769.403
829.258
869.652
1000.43
1161.42
1204.48
1113.15
990.373
1114.07
1304.96
1358.32
1370.34
1373.02
1373.26
1373.18
1373.66
1373.28
1373.63
1373.38
1373.72
1373.5
1374.08
1373.5
1337.22
1088.38
760.701
701.543
694.074
701.543
797.731
935.114
1009.74
1064.51
1186.37
1283.48
1294.12
1258.85
1236.59
1320.72
1368.03
1373.04
1372.97
1373.47
1373.09
1374.03
1373.2
1374.13
1373.28
1373.3
1372.91
1374.2
1373.61
1374.08
1372.99
873.01
701.661
695.643
701.543
793.494
1006.96
1153.96
1225.05
1276.42
1327.55
1350.66
1348.22
1340.94
1352.53
1372.63
1373.23
1372.98
1374.24
1373.02
1375
1373.11
1375.3
1373.2
1373
1358.82
1359.69
1362.87
1358.56
1373.77
1373.96
772.447
700.283
701.659
785.642
1039.82
1237.81
1316.22
1345.37
1363.48
1371.85
1371.96
1372.03
1372.51
1372.54
1372.65
1369.95
1374.57
1373.03
1376.29
1373.04
1376.42
1373.12
1374.68
1301.13
1277.72
1323.12
1161.7
1069.16
1363.41
1373.81
836.572
777.337
863.642
1069.18
1281.47
1354.14
1366.71
1367.04
1366.75
1365.41
1355.65
1360.72
1372.45
1372.58
1364.27
1278.4
1267.63
1375.43
1372.64
1376.06
1372.74
1375.73
1165.72
825.245
803.334
889.384
639.858
570.6
1001.48
1372.85
1030.49
1008.24
1188.42
1324.21
1358.43
1359.93
1366.59
1366.22
1335.58
1243.59
1158.01
1246.2
1364.54
1365.93
1278.9
838.073
816.641
1005.07
1143.55
1176.48
1200.2
1027.41
705.321
539.143
544.08
541.72
544.075
533.694
576.555
1106.85
1121.6
1133.19
1134.69
1157.48
1173.2
1125.53
1012.97
924.745
848.479
728.52
652.615
753.986
992.249
1093.63
812.659
531.757
597.727
869.524
1026.92
1013.77
1015.58
852.005
563.983
544.073
537.546
544.073
536.596
544.073
539.582
970.368
839.6
838.65
707.05
643.144
644.339
625.682
608.594
594.877
562.383
515.089
521.031
519.144
585.566
637.148
543.325
518.581
607.482
980.593
1138.25
1085.63
1104.84
982.155
597.852
538.518
544.073
538.886
544.073
535.881
544.075
1028.89
470.017
465.916
438.993
438.07
459.306
513.691
599.032
664.303
602.068
521.029
513.861
521.029
520.859
521.046
519.653
521.029
620.624
1075.72
1200.85
1156.44
1185.91
1098.17
680.92
544.073
539.286
544.073
540.01
544.073
542.72
1087.04
395.026
407.083
436.534
474.473
528.367
617.651
731.666
771.478
638.449
511.065
521.029
517.046
521.029
520.815
521.029
519.063
617.827
1112.01
1240.53
1234.87
1251.16
1172.15
840.293
543.288
544.073
542.641
544.073
542.182
605.762
1153.81
442.654
460.609
503.794
566.833
640.368
759.549
889.663
838.511
570.529
521.029
513.528
521.029
520.512
521.03
519.924
521.029
621.535
1119.66
1293.71
1302.84
1301.75
1270.4
1056.98
685.111
597.519
574.047
572.521
588.38
856.695
1246.64
529.139
551.033
602.281
672.242
759.954
898.744
1026.16
874.835
521.029
510.336
521.029
516.397
521.029
520.842
521.029
520.579
631.834
1132.19
1328.29
1328.63
1328.36
1328.56
1260.57
1009.06
855.541
785.716
779.378
845.356
1186.28
1279.79
623.918
648.563
707.646
787.536
897.585
1045.45
1098.94
860.647
508.406
521.029
513.951
521.029
520.107
521.089
520.383
522.222
665.28
1092.03
1328.53
1328.31
1328.58
1328.23
1303.81
1194.54
1084.34
1055.41
1074.54
1194.3
1279.75
1279.8
725.055
753.219
820.73
910.435
1034.56
1171.06
1098.4
655.91
521.029
511.458
521.029
516.197
521.031
520.899
521.029
569.871
746.661
1025.77
1240.94
1177.42
1043.67
933.077
855.589
836.152
841.793
921.35
979.642
1039.08
1144.61
1278.76
829.689
858.835
927.814
1019.29
1131.62
1225.24
1021.2
521.029
508.167
521.028
514.467
521.029
519.297
521.072
536.067
671.172
819.426
819.181
648.851
468.691
411.15
391.016
360.936
374.844
416.356
492.278
535.69
515.079
508.53
559.678
922.419
942.769
1002.29
1088.5
1182.47
1225.4
898.126
509.207
521.028
512.947
521.028
515.666
521.03
520.976
597.123
735.607
770.854
569.364
353.529
297.381
291.632
291.183
281.116
269.239
263.028
268.445
270.384
266.393
272.451
289.604
986.712
985.334
1035.56
1120.46
1206.22
1172.2
624.322
521.028
510.679
521.028
514.242
521.031
519.171
543.44
679.108
735.612
629.024
402.304
308.93
303.687
312.048
315.154
301.277
274.546
251.344
244.363
244.228
244.167
252.639
268.672
1021.05
995.2
1050.14
1134.23
1221.48
1054.57
521.029
510.292
521.028
513.756
521.028
515.751
521.028
590.316
727.45
699.069
487.867
337.868
310.722
319.091
336.931
345.246
332.325
295.189
258.675
244.304
244.167
243.737
246.871
259.126
1040.87
998.077
1065.99
1142.63
1221.55
919.612
512.55
521.028
512.494
521.028
514.778
521.028
520.234
633.916
727.26
602.258
403.818
328.745
323.491
337.39
358.149
371.124
364.176
323
270.845
244.58
243.786
243.506
243.06
248.19
1064.88
1014.38
1091.26
1150.98
1221.41
790.272
521.028
511.413
521.028
514.458
521.028
517.363
521.028
663.754
710.791
545.346
385.735
345.912
346.707
355.268
375.427
393.249
393.953
352.007
286.066
247.45
243.515
243.119
243.056
242.932
1097.9
1048.08
1117.01
1162.5
1215.55
700.284
513.145
521.028
513.416
521.028
516.474
521.028
520.842
686.3
705.3
534.926
412.362
383.558
376.309
376.22
392.098
414.2
420.384
381.854
307.163
255.445
243.226
243.268
242.981
242.672
1133.36
1089.35
1135.16
1188.35
1172.06
643.105
521.028
512.397
521.028
516.077
521.028
519.93
556.109
723.076
729.865
569.535
477.567
440.405
413.655
402.217
410.589
431.208
441.08
412.488
335.887
271.061
243.898
242.989
242.924
242.793
1166.07
1134.62
1152.62
1259.17
1064
586.119
513.84
521.028
515.409
521.028
519.594
534.227
653.929
791.373
795.289
657.385
575.686
518.265
467.392
438.514
433.254
446.073
456.328
440.653
371.11
297.888
253.028
243.28
242.793
242.588
1198.25
1178.59
1193.32
1281.34
936.88
523.813
521.028
514.823
521.028
519.427
530.264
621.52
788.3
895.067
889.54
781.057
698.988
621.878
547.058
492.541
465.63
462.289
468.895
464.777
412.354
337.822
276.771
246.788
243.151
242.588
1229.4
1203.98
1240.1
1281.19
807.303
521.028
515.208
521.028
519.209
534.109
619.279
774.473
933.832
1013.79
1000.33
921.87
842.015
751.8
656.764
574.247
514.574
484.25
481.87
485.329
457.942
389.976
318.204
261.548
243.546
242.667
1262.1
1238.18
1291.18
1214.46
696.732
517.242
521.028
519.071
534.797
629.351
787.124
951.456
1072.29
1122.57
1110.86
1062.29
995.321
903.792
795.946
687.724
589.69
519.763
497.76
504.099
504.658
451.967
376.59
292.749
247.086
243.595
1287.1
1272.54
1301.66
1082.47
630.198
521.027
519.214
531.989
631.349
807.623
984.833
1114.41
1183.97
1207.03
1201.66
1179.13
1136.52
1062.97
958.362
833.477
698.13
580.739
524.834
527.238
548.696
523.311
450.97
344.092
263.373
243.98
1314.5
1310.68
1305.91
940.228
588.293
520.092
533.535
629.136
817.787
1019.03
1158.91
1229.09
1256.77
1264.8
1263.89
1256.11
1237.52
1198.21
1123.61
1004.77
848.432
686.525
580.603
561.546
595.008
601.51
543.653
418.836
301.323
248.93
1340.23
1331.37
1234.05
836.887
596.679
557.22
636.499
827.239
1045.99
1197.56
1265.45
1290.54
1300.29
1304.07
1304.6
1301.88
1294.64
1279.6
1247.19
1174.59
1036.57
853.625
695.61
630.036
654.395
686.01
657.082
524.268
370.011
282.625
1352.89
1331.41
1085.34
791.529
664.398
692.187
851.559
1075.49
1229.38
1293.4
1315.36
1324.73
1329.5
1331.83
1332.36
1331.07
1327.64
1321.15
1309.03
1282.39
1213.9
1071.13
891.406
767.221
745.427
788.078
793.161
667.226
481.921
364.749
1342.6
1233.77
964.303
822.46
802.36
916.265
1114.02
1258.65
1315.06
1334.52
1343.32
1348.28
1351.14
1352.46
1352.57
1351.5
1349.2
1345.35
1339.18
1328.7
1306.87
1250.72
1130.53
981.781
903.124
925.642
949.907
853.936
649.108
506.995
1087.12
1069.8
969.032
904.895
992.911
1160.01
1284.79
1332.06
1349.44
1357.96
1363.2
1366.5
1368.32
1368.95
1368.58
1367.31
1365.16
1362.02
1357.6
1351.44
1342.38
1326.27
1288.77
1207.79
1117.88
1097.69
1117.89
1072.92
878.083
717.146
903.296
946.855
992.03
1039.98
1189.78
1302.79
1344.49
1360.65
1369.29
1375.02
1378.97
1381.47
1382.74
1382.95
1382.23
1380.66
1378.3
1375.18
1371.22
1366.34
1360.51
1353.42
1343.04
1322
1282.93
1253.95
1255.88
1249.49
1128.78
979.861
903.544
908.195
1037.09
1194.08
1308.45
1351.58
1368.46
1377.7
1384.09
1388.78
1392.08
1394.19
1395.22
1395.27
1394.36
1392.54
1389.89
1386.52
1382.49
1377.91
1372.97
1367.84
1362.18
1354.48
1342.64
1329.86
1325.33
1323.9
1285.96
1210.01
903.793
933.926
1133.9
1299.36
1352.81
1372.98
1383.59
1390.82
1396.23
1400.24
1403.07
1404.88
1405.8
1405.82
1404.89
1403.01
1400.23
1396.65
1392.4
1387.68
1382.76
1377.75
1372.21
1365.58
1358.65
1352.92
1348.42
1341.53
1323.05
1306.49
904.071
1035.54
1254.14
1345.93
1373.83
1387.17
1395.59
1401.7
1406.24
1409.51
1411.68
1412.98
1413.63
1413.64
1412.91
1411.3
1408.76
1405.34
1401.13
1396.31
1391.06
1385.4
1378.77
1371.01
1365.04
1362.01
1356.31
1347.02
1330.39
1264.85
929.138
1186.41
1327.28
1369.59
1388.13
1398.62
1405.56
1410.45
1413.79
1415.81
1416.96
1417.5
1417.73
1417.73
1417.38
1416.42
1414.63
1411.88
1408.22
1403.77
1398.5
1392.06
1383.64
1373.49
1367.88
1367.13
1358.09
1344.52
1259.22
1097.58
1043.85
1279.94
1359.47
1385.9
1399.85
1408.07
1413.24
1416.29
1417.93
1418.16
1418.17
1418.13
1418.14
1418.12
1418.11
1418.09
1417.52
1415.84
1413.11
1409.56
1405.01
1398.43
1387.93
1373.31
1367.29
1367.11
1351.91
1274.83
1063.87
1008.1
1210.85
1333.28
1379.64
1399.31
1409.52
1414.94
1417.63
1418.23
1418.21
1418.2
1418.14
1418.12
1418.12
1418.12
1418.13
1418.1
1418.1
1417.62
1415.88
1413.34
1410.09
1404.5
1392.38
1369.62
1357.67
1366.86
1298.86
1084.98
1008.09
1008.09
1309.36
1363.69
1395.9
1410.27
1416.05
1418.2
1418.28
1418.24
1418.21
1417.97
1413.89
1411.73
1417.86
1417.94
1418.02
1418.12
1418.07
1418.06
1417.2
1415.42
1413.43
1409.6
1397.25
1362.43
1309.75
1310.91
1149.66
1034.12
1026.55
1047.76
1309.53
1378.76
1408.83
1417.22
1418.25
1418.33
1418.27
1418.16
1413.55
1394.51
1375.16
1376.49
1396.13
1395.38
1409.89
1417.73
1418
1418.03
1417.81
1416.47
1415.32
1413.28
1401.83
1356.47
1238.41
1164.14
1137.77
1103.31
1117.92
1159.67
1307.92
1392.74
1417.15
1418.28
1418.42
1418.29
1418.27
1409.61
1377.83
1306.74
1298.07
1329.45
1356.58
1295.99
1331.95
1385.33
1407.06
1415.85
1417.55
1416.92
1416.24
1415.62
1406.96
1362.46
1230.5
1099.69
1196.25
1217.35
1221.95
1252
1319.47
1404.9
1418.17
1418.63
1418.31
1418.51
1411.02
1378.5
1282.33
1279.58
1279.38
1317.26
1318.98
1078.34
1081.92
1284.18
1364.51
1400.43
1413.35
1416.3
1416.33
1416.27
1411.95
1378.16
1259.8
1099.63
1201.82
1254.44
1254.57
1271.78
1344.89
1412.92
1418.77
1418.33
1418.85
1416.89
1390.67
1323.14
1279.58
1279.37
1285.17
1315.42
1177.83
714.484
744.346
1173
1314.19
1366.66
1401.05
1412.71
1416.15
1416.35
1415.34
1393.11
1298.23
1101.9
1150.23
1254.31
1239.65
1271.78
1366.65
1415.52
1418.29
1418.98
1418.21
1406.24
1359.19
1286.01
1279.37
1279.57
1285.03
1240.06
818.029
548.678
554.936
1012.02
1294.83
1332.94
1381.62
1404.47
1413.7
1416.28
1416.25
1402.66
1332.94
1155.07
1150.34
1236.19
1197.41
1271.78
1380.34
1416.04
1418.99
1418.33
1418.63
1387.22
1326.75
1287.78
1279.57
1280.58
1268
911.207
553.649
554.933
545.291
729.604
1240.69
1324.18
1359.43
1391.76
1408.42
1415.72
1416.22
1408.17
1363.55
1233.32
1150.35
1176.98
1163.7
1259.61
1391.05
1416.37
1418.31
1419.02
1409.36
1358.64
1313.1
1302.15
1291.35
1290.08
1014.05
564.439
554.933
545.741
554.933
549.677
1040.7
1313.1
1337.01
1377.2
1401.31
1412.51
1416.17
1410.83
1381.22
1285.16
1150.51
1152.75
1154.31
1227.87
1400.5
1417.33
1419.04
1418.02
1390.84
1326.88
1297
1302.55
1296.74
1122.53
604.585
554.933
548.408
554.933
544.288
554.933
682.672
1204.23
1329.53
1361.11
1392.44
1408.51
1414.49
1411.38
1389.74
1315.76
1175.01
1153.08
1154.21
1235.38
1408.85
1418.09
1418.22
1411.66
1368.97
1311.67
1287.82
1277.75
1085.63
716.441
554.934
548.668
554.934
547.631
554.933
545.643
554.968
1030.03
1308.76
1342.52
1381.8
1403.74
1411.96
1410.59
1392.71
1333.48
1207.91
1153.43
1185.67
1270.62
1415.27
1418.17
1418.53
1397.85
1364.29
1328.93
1316.98
1262.29
784.873
554.934
548.921
554.933
550.091
554.933
547.329
554.933
548.03
811.885
1253.99
1325.02
1368.57
1397.87
1409.11
1408.57
1392.21
1341.12
1225.23
1172
1250.45
1310.17
1418.12
1418.17
1416.81
1395.2
1373.35
1356.33
1340.05
1307.04
757.666
551.848
554.933
549.759
554.933
550.773
554.933
548.082
554.933
579.845
1180.3
1301.74
1354.6
1391.69
1405.85
1405.44
1389.31
1343.3
1235.44
1231.58
1301.94
1335.02
1418.14
1417.93
1412.82
1396.66
1382.08
1373.06
1356.94
1317.81
827.151
554.934
550.253
554.933
553.55
554.933
552.604
554.933
549.046
554.934
957.426
1301.41
1347.18
1386.06
1402.2
1401.09
1384.13
1345.31
1245.82
1288.78
1329.76
1348.18
1417.86
1402.02
1390.75
1389.97
1377.23
1372.26
1368.44
1330.2
1012.83
570.347
554.933
554.108
559.586
582.714
580.275
554
554.933
553.027
704.658
1252.7
1347.6
1382.39
1399.06
1395.4
1375.99
1333.62
1274.62
1320.57
1345.24
1355.38
1405.15
1221.64
1278.71
1360.3
1354.01
1353.39
1363.41
1352.52
1217.76
718.491
605.645
662.887
697.912
780.066
779.63
699.715
607.393
570.022
653.969
1014.21
1370.88
1387.02
1398.24
1389.94
1365.5
1318.61
1308.25
1338.82
1354.77
1358.87
1266.37
913.423
938.629
1313.32
1314.42
1325.28
1351.77
1361.13
1318.27
1020.91
815.22
907.408
984.287
1089.78
1105.25
1004.56
808.424
699.312
731.414
916.543
1222.86
1376.41
1397.31
1390.14
1357.29
1318.09
1331.05
1350.63
1360.6
1359.18
1176.38
808.436
693.144
1000.69
1325.32
1325.43
1350.91
1361.25
1344.21
1221.14
1054.76
1071.97
1160.66
1218.15
1221.99
1221.89
1066.63
926.965
912.35
931.208
970.671
1334.54
1389.56
1389.95
1359.57
1331.75
1346.37
1358.5
1363.25
1356.67
1205.63
832.297
691.404
695.912
1067.87
1335.38
1350.9
1358
1257.93
1132.17
1011.17
952.448
1049.68
1106.31
1194.12
1202.59
1147.18
1064.26
1031.23
956.947
863.956
1087.29
1366.3
1387.93
1366.39
1349.75
1356.43
1363.15
1363.24
1349.04
1227.93
912.902
690.321
691.404
713.679
960.75
1127.12
1160.2
934.526
849.11
783.236
759.194
824.052
916.335
1026.82
1051.4
1037.4
1016.37
1056.34
963.32
782.283
880.856
1277.38
1369.83
1365.83
1357.8
1360.99
1363.16
1357.1
1334.36
1219.94
1046.95
746.37
690.409
691.404
703.042
781.537
812.717
758.64
762.9
754.294
763.547
763.052
864.419
952.695
921.682
880.094
948.59
1086.46
927.235
781.326
831.689
1076.95
1318.63
1350.96
1356.42
1359.9
1358.02
1334.44
1317.63
1233.29
1222.8
981.701
814.012
761.549
755.977
761.576
760.577
762.267
754.435
762.9
754.724
769.034
919.548
994.383
931.345
879.637
986.86
1087.03
877.254
804.14
868.86
1002.07
1160.81
1302.52
1345.85
1350.97
1340
1284.33
1307.58
1297.2
1321.3
1254.43
1086.07
967.749
924.331
851.27
762.267
757
762.899
753.606
763.547
793.246
991.712
1083.18
1012.48
913.549
1083.55
1086.46
904.687
928
980.493
1031.44
1069.94
1160.24
1290.17
1318.76
1287.68
1283.96
1308.25
1346.03
1355.03
1344.41
1289.08
1185.37
1104.04
948.184
761.564
762.899
755.461
763.547
756.721
797.212
990.11
1153.5
1125.25
1004.1
1142.16
1036.73
1002.73
1097.49
1117.34
1101.21
1084.33
1099.03
1170.67
1233.83
1254.84
1291.85
1322.67
1363.23
1368.86
1364.31
1338.86
1283.57
1188.25
977.789
762.899
759.505
763.547
755.45
764.315
792.276
970.512
1180.16
1174.74
1090.72
1141.84
1006.33
1085.63
1211.61
1208.87
1182.59
1137.44
1122.7
1153.6
1225.51
1288.77
1324.13
1344.44
1373.23
1379.38
1376.3
1351.09
1296.47
1187.26
988.817
792.419
763.547
759.186
764.314
760.911
788.989
972.313
1180.62
1096.52
1079.91
1123.3
1006.24
1066.29
1224.98
1235.36
1234.98
1199.44
1182.38
1216.3
1286.9
1333.89
1354.02
1364.26
1381.3
1389.2
1388.18
1365.96
1305.64
1182.87
1025.72
880.504
769.695
764.314
760.372
764.402
816.51
1003.1
1100.23
870.988
1003.15
1059.09
1006.33
1024.72
1139.99
1217.59
1238.25
1237.84
1258.32
1305.71
1343.66
1362.75
1372.55
1377.57
1383.36
1389.2
1389.66
1384.58
1348.05
1254.45
1133.72
1013.64
850.977
763.442
764.402
798.929
896.429
995.227
939.195
869.157
1009.1
1117.87
1041.64
1031.97
1044.08
1118.98
1225.27
1269.16
1317.11
1350.44
1368.04
1376.58
1381.18
1381.81
1372.91
1360.91
1389.47
1389.8
1384.29
1358.98
1320.1
1238.29
1001.33
844.3
827.597
984.099
1099.23
1032.96
930.846
921.326
1188.69
1266.43
1164.05
1071.66
1044.31
1081.03
1217.25
1305.6
1349.04
1369.3
1378.11
1381.79
1381.83
1381.84
1271.2
1244.7
1389.66
1389.68
1389.87
1389.64
1388.46
1374.29
1281.43
1087
1003.85
1201.68
1276.24
1142.11
1004.2
1058.32
1339.33
1352.21
1287.86
1125.99
1048.53
1113.03
1261.84
1340.8
1367.74
1378.02
1381.37
1381.79
1381.77
1381.8
1106.61
1129.48
1377.12
1390.21
1389.78
1390.37
1389.84
1390.36
1389.26
1326.03
1218.25
1281.62
1307.18
1228.46
1103.03
1074.23
1343.79
1376.54
1349.22
1192.12
1057.42
1169.58
1319.11
1364.27
1375.58
1378.13
1378.26
1374.52
1365.61
1371.86
1081.93
1082.64
1285.14
1389.4
1390.77
1389.87
1391.52
1389.91
1390.84
1389.43
1326.85
1268.15
1306.93
1264.11
1147.28
1073.55
1340.64
1379.74
1377.89
1252.12
1069.12
1166.05
1336.91
1363.37
1365.68
1366.68
1363.69
1351.47
1248.7
1133.68
1129.58
1081.93
1176.91
1378.71
1389.83
1392.54
1389.94
1393.03
1389.94
1391.19
1352.04
1268.33
1297.38
1284.73
1164.15
1073.14
1323.81
1381.59
1379.87
1299.12
1075.9
1082.64
1239.42
1316.2
1300.8
1272
1249.25
1182.89
992.591
877.525
1219.14
1126.65
1145.83
1256.42
1393.27
1389.96
1394.29
1389.98
1394.21
1389.83
1361.82
1279.83
1299.28
1285.66
1161.48
1077.74
1300.94
1379.9
1382.2
1331.74
1100.88
1024.35
1054.64
1110.17
1090.48
1059.07
1041.74
971.436
910.615
884.356
1282.97
1225.38
1181.93
1206.33
1310.24
1393.32
1389.62
1394.52
1389.99
1394.1
1375.6
1314.22
1309.23
1263.89
1130.11
1112.8
1312.46
1383.67
1380.09
1353.64
1169.77
1024.53
1024.37
1024.55
1024.4
1024.56
1025.04
1008.66
1018.88
1010.58
1303.88
1284.02
1248.57
1203.11
1182.08
1192.97
1271.47
1389.4
1394.87
1389.96
1388.28
1350.9
1310.14
1216.73
1108.03
1158.56
1328.45
1380.05
1383.94
1370.16
1264.42
1073.38
1048.07
1073.18
1095.97
1115.87
1137.51
1166.37
1213.62
1189.2
1308.52
1301.71
1279.11
1255.12
1186.62
1008.44
965.799
1330.02
1389.74
1394.63
1389.79
1371.77
1308.09
1178.9
1107.95
1189.7
1344.9
1384.13
1380.17
1377.7
1331.26
1206.13
1155.83
1204.15
1239.88
1263.3
1284.92
1305.18
1319.56
1297.65
1310.08
1308.96
1294.28
1293.12
1241.94
941.494
772.881
1078.6
1386.98
1389.88
1390.77
1384.51
1319.49
1181.81
1117.79
1251.17
1353.45
1380.1
1384.29
1377.6
1360.75
1313
1276.31
1301.35
1322.48
1332.91
1338.58
1340.5
1336.65
1324.99
1309.79
1313.18
1308.15
1313.57
1277.83
911.74
730.781
843.76
1221.53
1393.17
1389.79
1389.49
1340.32
1212.67
1161.62
1328.91
1362.44
1383.75
1380.15
1373.41
1370.8
1353.76
1336.08
1338.42
1349.25
1352.03
1344.66
1341.12
1334.42
1330.48
1307.47
1313.54
1313.7
1313.53
1269.01
893.756
730.001
768.867
947.109
1330.04
1391.4
1389.56
1359.77
1249.83
1170.48
1219.96
1328.57
1374.99
1383.63
1370.44
1368.99
1368.69
1367.96
1367.55
1367.37
1365.27
1349.54
1343.6
1328.92
1331.87
1301.96
1313.7
1313.54
1313.66
1163.79
899.575
765.996
781.707
808.334
1184.3
1384.15
1389.78
1372.79
1268.5
1076.97
904.821
982.011
1245.02
1339.78
1231.93
1203.74
1268.96
1340.62
1357.86
1359.93
1354.63
1348.7
1346
1301.08
1331.71
1273.54
1313.53
1313.7
1231.11
992.04
909.543
855.59
836.824
806.647
1047.51
1357.19
1389.22
1380.03
1277.99
990.126
702.777
655.657
803.129
871.064
786.476
767.367
818.753
896.795
946.063
967.211
939.098
897.518
914.649
822.064
1005.78
1183.55
1276.69
1264.27
1030.08
908.372
908.49
925.904
914.761
838.868
957.764
1289.85
1383.05
1381.36
1305.91
996.832
683.359
617.337
617.37
638.449
635.061
634.912
638.503
627.685
602.562
568.727
517.335
469.635
471.552
469.275
539.947
1148.49
1188.02
1147.24
975.849
908.489
908.394
927.751
943.344
911.186
912.986
1154.58
1352.67
1380.92
1345.68
1112.21
753.922
651.565
652.294
708.582
720.605
721.485
709.831
666.487
604.554
542.732
495.497
471.92
485.885
517.456
646.514
1148.1
1147.71
1132.47
1014.11
914.123
908.515
917.655
943.324
943.486
886.678
953.895
1247.48
1366.04
1365.98
1255.33
904.735
729.416
718.494
791.76
806.734
805.724
768.835
704.738
642.023
596.327
578.991
595.014
667.861
822.168
1227.85
1148.49
1157.7
1168.36
1119.26
991.643
913.967
914.169
941.317
943.439
825.159
713.174
965.634
1318.16
1363.47
1321.87
1055.11
822.358
792.776
843.223
854.144
842.87
787.267
722.556
682.197
675.317
713.155
807.996
994.001
1296.88
1412.79
1162.37
1222.26
1251.48
1246.96
1155.89
1002.81
920.009
902.237
894.592
719.721
513.51
598.682
1022.31
1306.97
1304.7
1090.67
902.225
870.999
884.245
882.322
853.703
791.942
742.923
728.658
776.369
900.661
1099.66
1326.74
1409.61
1418.45
1266.88
1313.41
1328.92
1331.99
1301.12
1188.49
991.96
859.292
787.091
596.169
390.021
357.723
534.164
894.406
1061.23
1006.07
943.226
925.531
928.407
913.905
861.003
799.687
769.919
793.584
912.389
1122.13
1326.86
1407.7
1416.54
1413.56
1355.95
1366.97
1369.98
1370.36
1366.09
1327.03
1167.62
916.431
699.628
500.686
331.291
265.842
286.733
384.038
544.636
746.903
892.76
932.186
950.443
950.574
897.416
825.2
800.684
873.897
1065.02
1292.38
1394.02
1416.46
1417.43
1375.26
1387.95
1388.52
1386.47
1381.66
1381.8
1380.8
1340.05
1116.5
808.628
506.759
315.283
265.003
264.312
265.263
275.764
396.991
601.699
753.788
892.412
961.38
960.628
889.432
852.172
967.236
1204.3
1365.42
1412.11
1417.59
1416.05
1294.16
1391.41
1391.3
1388.4
1374.14
1369.32
1380.73
1384.03
1362.43
1185.19
737.09
418.817
282.797
265.202
264.597
265.185
265.556
317.348
421.567
602.135
890.61
1001.61
1001.45
949.404
1089.04
1313.18
1398.7
1416.57
1416.39
1414.25
1284.65
1391
1370.51
1387.39
1360.68
1332.7
1346.03
1384.2
1385.1
1379.5
1293.25
891.767
506.958
315.664
265.248
265.556
266.175
265.989
265.815
292.486
521.32
989.956
1124.04
1099.74
1236.28
1372.93
1413.3
1416.16
1384.02
1371.54
1224.45
1281.78
1146.12
1367.82
1357.46
1332.79
1332.37
1371.94
1385.42
1385.49
1365.03
1352.72
1065.67
579.382
342.85
306.838
313.621
312.411
258.271
183.499
213.006
568.477
1138.46
1253.12
1328.59
1398.63
1413.27
1404.33
1222.08
1154.46
1105.81
630.056
491.253
903.641
1314.53
1332.31
1332.82
1354.7
1385.3
1386.03
1381
1364.25
1345.87
1054.67
613.919
491.147
494.752
437.433
280.104
160.551
135.769
212.03
822.575
1291.31
1362.79
1406.78
1412.89
1384.27
1184.76
701.285
1024.24
408.37
310.818
380.308
590.357
1030.22
1352.72
1384.03
1385.66
1386.09
1387.96
1386.15
1388.25
1384.26
1069.56
855.955
753.692
527.048
265.597
152.177
135.673
144.316
418.253
1181.06
1372.15
1404.33
1398.34
1362.28
1227.39
625.747
1067.1
448.21
310.726
327.775
353.954
488.437
730.576
1001.91
1199.43
1349.89
1385.37
1387.66
1385.25
1387.93
1317.78
1148.34
842.15
450.093
205.503
145.485
136.483
143.014
263.501
982.209
1373.4
1393.67
1353.25
1285.27
863.568
617.163
1079.82
515.49
345.976
385.622
419.85
468.951
526.34
686.216
832.987
974.431
1121.67
1190.4
1161.45
1037.35
955.584
833.354
562.477
263.587
149.075
138.606
138.271
145.973
229.31
792.2
1363.71
1357.92
1231.09
941.484
620.074
624.936
1060.4
604.193
410.973
465.091
507.383
561.621
641.874
747.19
845.446
915.645
980.771
1013.21
963.785
765.45
507.049
312.453
219.17
144.912
129.007
131.274
139.273
156.934
241.606
625.784
1076
1139.2
803.653
620.435
624.911
616.735
841.385
723.855
486.75
546.862
596.611
666.415
772.187
909.213
1038.62
1101.54
1132.55
1135.82
1046.84
759.447
344.764
133.136
126.181
128.941
126.503
129.007
143.568
202.646
387.388
681.601
667.421
694.464
621.885
624.91
617.806
624.607
683.066
856.412
585.756
652.766
714.337
804.677
936.917
1085.84
1197.97
1229.1
1239.29
1215.49
1064.43
649.621
224.959
124.982
128.875
125.296
128.941
128.497
167.95
332.449
633.2
803.363
626.602
624.468
625.669
622.808
624.91
621.487
647.164
988.128
747.854
818.217
896.287
1003.85
1130.6
1220.65
1263.29
1263.76
1263.29
1193.94
829.592
362.298
141.423
128.81
124.068
128.875
126.427
129.311
214.352
515.403
819.797
865.482
676.672
626.683
626.247
625.735
639.488
627.245
907.612
1133.53
984.357
1059.52
1133.22
1210.53
1241.82
1241.48
1182.4
1146.96
1120.16
851.199
367.928
160.825
128.746
122.967
128.81
126.45
128.875
127.857
241.569
624.742
927.852
948.848
853.603
835.794
841.595
837.066
912.618
933.77
1255.55
1268.38
1215.56
1284.12
1283.29
1281.92
1143.77
898.003
736.688
705.445
664.793
347.567
146.15
128.677
122.091
128.746
125.91
128.812
126.595
128.875
228.398
645.463
1012.86
1075.56
1077.22
1133.91
1146.36
1135.08
1184.77
1282.64
1329.37
1309.68
1309.63
1309.5
1190.18
903.045
649.73
521.865
477.795
435.697
317.385
142.325
128.605
122.313
128.677
124.876
128.746
127.754
128.81
126.072
185.542
585.372
1055.02
1201.53
1243.97
1299.92
1313.59
1310.87
1320.84
1343.87
1333.25
1309.41
1203.64
910.007
662.976
540.77
487.233
465.482
424.727
327.612
164.766
128.53
123.119
128.605
124.117
128.677
128.272
128.752
126.339
128.816
140.982
419.801
1049.44
1291.83
1331.34
1348.3
1348.06
1341.69
1347.93
1347.97
1291.22
787.035
655.646
560.908
531.253
532.744
526.18
478.427
387.407
237.385
128.53
125.531
128.529
123.379
128.605
127.966
129.371
127.886
128.816
125.714
128.882
239.178
870.906
1327.63
1351.02
1351.09
1340.5
1313.72
1330.41
1339.95
1327.65
526.313
545.435
612.49
657.296
634.521
566.146
454.725
294.04
156.143
126.742
128.451
123.699
128.529
127.273
129.044
131.314
128.816
126.012
128.881
127.553
161.755
650.069
1301.23
1350.88
1239.84
1039.88
1024.39
1061.27
1018.18
1128.22
633.991
728.288
799.663
767.637
671.1
517.699
323.385
181.678
127.574
128.451
126.043
128.451
125.675
128.529
132.054
133.75
127.918
128.881
125.674
128.948
154.484
618.685
1068.8
1123.42
849.264
612.838
568.358
571.592
528.533
752.439
786.177
887.406
919.257
805.227
596.585
367.771
210.404
134.525
128.451
127.281
128.37
124.826
128.451
128.912
135.813
135.359
128.838
126.127
128.934
127.377
190.782
870.327
939.707
882.488
695.792
504.013
496.161
491.333
495.773
565.016
923.962
1027.31
968.101
737.109
432.795
275.038
185.231
129.94
128.141
128.37
126.725
128.369
126.8
130.87
138.006
135.888
127.752
128.838
125.697
128.935
270.016
954.583
931.057
832.433
674.425
504.764
492.763
495.772
490.275
518.321
1034.53
1109.42
957.678
569.252
339.774
258.709
210.312
164.064
135.239
128.04
128.286
125.243
128.369
131.895
138.39
135.291
128.726
126.155
128.838
127.6
340.203
954.217
977.608
841.107
713.565
562.326
495.772
492.776
495.375
506.062
1108.75
1131.55
859.293
474.079
322.118
283.237
311.223
266.06
187.421
137.398
127.272
128.286
126.622
130.672
138.36
133.086
127.27
128.726
125.524
128.838
353.273
886.795
1036.79
886.133
749.345
600.878
494.759
495.772
490.63
505.98
1146.68
1131.2
786.227
456.004
353.746
386.698
428.027
389.282
285.639
177.118
128.207
124.525
128.286
128.354
138.39
130.17
128.666
125.743
128.726
126.721
308.738
741.172
1089.67
926.12
766.802
628.5
496.246
494.912
495.772
500.936
1155.93
1111.74
771.832
506.949
470.352
514.589
523.551
480.704
379.29
233.529
127.099
128.206
125.873
128.286
138.252
128.824
127.116
128.666
125.076
128.726
234.296
586.622
1121.45
969.204
792.393
666.121
527.256
495.907
492.211
495.575
1151.16
1095.78
839.783
649
607.838
622.088
604.091
550.977
440.45
269.779
128.139
123.651
128.206
127.577
136.909
128.609
128.609
125.738
128.665
125.376
172.461
495.009
1154.4
1008.67
834.818
707.365
582.167
526.321
495.907
594.783
1140.23
1099.33
967.216
788.523
729.696
719.394
688.363
617.733
473.205
279.056
124.994
128.139
125.234
128.206
135.239
128.622
127.262
128.609
125.16
128.665
142.586
478.273
1201.17
1043.6
893.552
774.488
671.906
602.048
495.685
837.154
1138.13
1103.92
1048.78
892.356
834.326
823.101
785.683
675.08
480.373
263.471
128.076
123.241
128.139
127.094
133.099
128.642
128.55
125.951
128.609
125.367
137.182
528.772
1254.2
1091.48
990.125
884.559
810.377
798.951
758.208
1206.51
1140.65
1089.03
1084.9
971.147
921.457
918.332
866.789
698.822
441.49
203.712
123.486
128.076
124.75
128.139
130.399
128.731
127.302
128.554
124.985
128.613
147.035
633.671
1294.8
1161.12
1108.9
1034.89
993.554
1071.52
1228.08
1360.88
1142.42
1064.36
1099.21
1033.07
982.395
974.021
895.746
669.574
329.987
137.38
128.014
122.48
128.076
126.906
128.567
128.834
128.49
125.75
128.556
125.355
166.345
681.469
1305.64
1245.43
1240.35
1217.23
1222.47
1315.52
1361.06
1371.91
1145.91
1052.51
1104.11
1070.22
1004.77
986.114
848.223
492.261
205.3
127.95
121.333
128.014
124.9
128.076
128.038
128.815
127.184
128.498
124.843
128.558
175.219
652.832
1308.21
1323.93
1338.63
1338.54
1343.32
1364.64
1364.81
1335.75
1156.24
1047.08
1104.85
1080.71
985.363
885.699
591.131
268.929
129.313
122.094
127.95
122.734
128.014
127.288
128.103
128.36
128.433
125.572
128.502
125.394
170.3
559.986
1260.81
1361.06
1362.85
1362.78
1363.1
1363.16
1348.9
1302.86
1169.47
1034.75
1104.79
1033.76
778.649
561.884
300.668
147.488
123.238
127.886
120.918
127.95
125.959
128.014
128.531
128.433
127.049
128.5
124.869
128.561
163.007
518.393
1100.92
1304.41
1213.52
1214.13
1268.42
1233.73
1124.7
1167.55
1173.78
973.24
1053.76
817.253
457.745
270.303
156.198
124.812
127.822
120.955
127.886
124.325
127.95
127.792
129.638
128.276
128.49
125.594
128.556
125.663
161.911
570.38
985.758
1038.53
912.562
884.354
907.012
876.4
845.982
931.016
1168.68
839.804
887.212
593.566
265.894
151.952
126.824
127.822
121.753
127.822
122.768
127.886
127.204
128.34
131.053
128.49
126.947
128.55
125.128
128.609
181.171
661.744
964.562
893.048
849.403
843.826
848.196
844.638
847.02
845.825
1094.63
682.34
714.422
493.445
213.189
128.485
127.822
124.115
127.758
121.876
127.822
126.263
127.886
129.876
132.485
128.065
128.55
125.683
128.609
126.262
221.16
735.394
974.258
871.666
844.831
849.246
844.638
848.034
845.822
965.221
957.504
571.488
598.397
471.295
212.548
127.822
127.008
127.758
122.388
127.758
124.896
127.822
128.065
132.301
133.155
128.55
126.838
128.609
125.538
128.665
262.261
799.66
973.933
877.138
850.466
846.831
849.246
847.959
979.617
1361.2
841.562
548.228
547.087
490.83
259.123
130.523
127.822
124.278
127.758
123.58
127.822
127.479
130.027
134.18
133.151
127.839
128.609
125.824
128.665
126.935
284.465
851.673
974.795
884.097
850.746
858.463
940.163
1228.42
1373.83
1407.24
801.43
549.371
548.298
600.06
386.967
139.969
127.361
127.822
123.434
127.822
126.418
127.886
132.031
134.67
130.889
128.609
126.868
128.665
125.934
128.726
287.435
894.509
1026.11
932.687
923.654
1064.97
1287.5
1385.48
1407.3
1407.59
1063.1
550.914
603.144
736.25
597.381
169.078
127.886
124.674
127.822
124.77
127.886
128.225
133.15
134.665
128.603
127.742
128.657
126.035
128.714
127.138
275.307
929.155
1079.25
1011.33
1097.4
1256.51
1373.99
1407.07
1407.69
1374.36
1349.19
1010.85
795.79
827.822
854.738
284.443
127.61
127.886
124.149
127.886
126.979
129.522
133.649
134.197
128.232
128.601
126.872
128.657
125.974
128.714
265.258
948.569
1130.77
1074.38
1226.48
1341.29
1400.4
1407.83
1406.89
1314.7
1384.53
1353.07
1150.32
925.327
1053.08
494.858
131.425
124.567
127.886
125.181
127.95
131.197
134.11
132.819
128.546
127.611
128.601
126.059
128.657
126.796
260.589
936.521
1172.09
1154.79
1293.1
1371.34
1407.53
1407.29
1395.15
1292.74
1384.74
1384.54
1355.15
1145.34
1164.64
681.172
140.505
127.95
124.557
127.95
126.967
132.105
134.203
130.104
128.064
128.546
126.815
128.601
125.833
128.657
226.261
833.238
1205.93
1224.55
1334.99
1390.59
1407.25
1404.99
1375.23
1292.69
1382.01
1384.75
1384.45
1326.33
1236.82
784.709
144.337
124.726
127.95
125.497
128.013
131.55
134.2
128.314
128.491
127.526
128.546
126.145
128.601
126.008
164.541
645.848
1235.54
1272.3
1361.88
1402.66
1406.44
1359.04
1278.48
1207.55
1349.21
1384.6
1384.66
1358.07
1291.58
799.446
141.9
128.013
125.105
128.013
126.921
129.559
132.498
128.437
128.026
128.491
126.839
128.546
125.757
128.601
127.171
398.951
1225.99
1306.18
1377.4
1402.28
1359.38
1122.26
911.116
983.697
1305.86
1384.54
1384.51
1359.15
1298.97
517.812
128.112
125.131
128.013
126.048
128.075
127.946
129.864
128.242
128.437
127.604
128.491
126.413
128.546
125.746
128.601
202.21
856.403
1312.2
1373.85
1383.17
1224.48
877.87
809.689
861.72
1293.8
1384.2
1384.45
1337.41
1035.25
174.89
125.952
128.075
125.527
128.075
127.044
128.138
128.354
128.383
128.188
128.437
126.993
128.491
126.081
128.546
125.76
128.602
263.708
1135.43
1344.39
1352.74
1154.93
816.588
812.502
831.622
1178.29
1333.49
1365.46
1233.96
337.932
126.245
128.138
125.588
128.075
126.847
128.138
127.765
128.878
128.385
128.437
127.777
128.491
126.764
128.546
125.93
128.601
125.817
128.658
376.658
1114.84
1298.61
1111.11
824.139
809.735
825.063
1114.95
1124.11
1222.61
522.775
126.997
128.205
126.278
128.138
126.249
128.138
127.445
128.205
131.103
131.135
128.411
128.491
127.344
128.546
126.639
128.601
126.091
128.657
126.564
174.73
658.013
1149.83
1061.48
814.28
812.915
834.803
1089.04
1042.79
906.299
249.409
128.285
126.373
128.205
126.319
128.138
127.451
128.205
127.848
133.755
136.598
128.528
128.16
128.546
127.131
128.601
126.727
128.657
126.237
128.713
165.466
556.283
1074.94
1036.85
817.847
811.319
973.289
1087.23
1000.03
817.671
247.64
127.705
128.285
126.981
128.205
126.899
128.205
127.974
128.285
134.878
139.944
130.814
128.546
127.747
128.601
127.114
128.657
126.988
128.713
127.076
165.989
569.09
1074.27
1041.84
924.352
837.763
1203.48
1079.08
957.52
865.837
295.961
128.355
127.055
128.285
127.24
128.205
127.915
128.285
128.107
132.43
139.944
135.52
128.929
128.601
127.552
128.657
127.433
128.713
127.078
128.77
165.467
604.375
1115.13
1075.48
1048.74
1146.09
1304.03
1068.47
917.373
902.829
358.833
132.735
128.355
127.613
128.285
127.611
128.285
128.265
128.355
128.252
138.572
138.701
131.797
128.289
128.657
127.722
128.713
127.738
128.77
127.849
165.321
628.528
1170.4
1145.49
1182.64
1280.74
1348.53
1081.94
909.284
908.451
405.722
141.413
127.843
128.355
127.877
128.285
128.082
128.361
128.197
128.416
132.146
138.696
133.505
128.657
128.167
128.713
128.114
128.77
128.019
128.828
153.969
607.96
1205.71
1185.85
1257.37
1335.85
1365.1
1183.7
982.997
933.723
448.304
149.517
128.416
128.109
128.355
128.052
128.355
128.206
128.416
128.254
128.48
135.511
131.258
128.478
128.713
128.264
128.77
128.253
128.828
128.3
133.09
396.272
1204.92
1204.01
1300.37
1355.87
1365.45
1299.9
1215.6
1119.8
544.27
165.914
128.369
128.416
128.109
128.355
128.207
128.416
128.262
128.48
128.421
130.315
128.671
128.713
128.46
128.77
128.367
128.828
128.382
128.886
128.583
222.829
1020.07
1241.59
1325.7
1364.62
1369.95
1342.46
1321.06
1274.1
692.93
210.421
137.901
128.574
128.416
128.305
128.416
128.383
128.48
128.438
128.547
128.904
128.77
128.642
128.77
128.52
128.828
128.513
128.886
128.756
128.944
164.701
602.299
1270.7
1347.17
1370.53
1371.33
1321.86
1321.65
1270.56
699.765
267.649
179.412
150.379
137.134
134.856
135.454
136.592
136.191
138.017
143.322
146.555
139.645
131.578
128.726
128.828
128.727
128.886
128.835
129.574
138.818
164.287
301.868
899.418
1354.18
1369.33
1371.14
1113.92
1134.47
720.062
438.574
290.358
245.714
209.101
183.251
176.203
175.849
178.829
182.11
191.439
206.571
210.591
192.101
165.355
141.966
135.42
134.258
138.137
150.007
164.576
194.396
251.516
363.307
567.42
835.437
932.644
1247.76
304.23
152.47
189.489
249.703
290.714
289.23
272.766
255.137
247.776
247.128
250.129
259.729
281.253
305.629
307.597
285.668
238.873
192.128
178.001
178.613
192.249
218.243
246.042
292.244
370.712
467.677
469.29
398.839
307.71
408.365
53.7838
30.2698
48.3318
109.946
220.028
279.645
296.833
296.724
292.667
295.487
297.117
308.552
336.067
364.651
364.788
353.502
307.081
261.267
253.614
258.589
278.118
304.062
323.756
359.45
413.644
412.6
322.611
184.16
100.191
65.3511
18.7809
18.0213
12.1233
25.5043
81.1923
162.583
231.314
265.342
279.965
294.24
296.298
302.966
317.319
340.434
352.334
353.537
326.549
298.28
303.509
311.306
327.436
341.25
340.739
336.445
305.129
216.752
126.868
62.0112
35.8532
20.7591
12.8465
16.5429
5.28246
4.78462
14.7665
44.7342
92.0017
130.267
157.826
184.156
192.471
189.867
177.642
183.205
198.379
230.094
241.784
267.562
296.401
296.926
288.781
265.759
228.023
174.382
111.222
60.7477
35.9307
25.0428
13.8212
16.2644
11.251
16.5989
5.21711
4.2441
4.22214
7.98698
17.5432
27.7662
39.6715
54.4659
63.9379
58.7563
46.1582
44.8695
51.7172
69.5187
96.0286
141.408
168.809
164.332
146.254
111.674
74.8654
47.5529
32.7674
14.8613
9.56985
16.8824
9.84654
15.597
10.8159
14.7492
7.60933
4.2409
4.14544
4.17017
4.19591
5.12154
8.83548
9.43138
13.3539
10.0029
6.93626
6.43025
7.69456
12.0939
19.2193
34.461
42.2789
40.9057
35.1239
24.6439
17.4169
18.0231
15.245
8.85027
8.76869
10.4439
9.86282
15.6666
10.7936
8.24699
5.82656
4.31153
4.12092
4.20941
4.23127
4.45667
7.45643
4.78613
4.7415
3.51506
3.49251
3.51196
3.48842
3.61817
3.88428
5.73531
6.63923
6.64487
6.26216
5.99638
9.87932
14.9136
12.0295
8.75572
8.83525
8.77092
9.37521
21.2584
13.568
4.77276
3.41409
3.42355
4.00239
4.86953
5.17049
5.8146
8.32191
6.54316
5.24533
3.50255
3.51282
3.49299
3.50752
3.49208
3.50693
3.49714
3.51525
3.51225
3.5308
4.66605
11.7498
14.76
10.9948
8.85099
8.75665
8.8514
10.8698
36.3657
19.4265
4.55605
3.4235
3.40672
3.56339
5.01808
6.20674
6.90061
9.67303
9.0246
7.60378
5.66181
4.669
4.23073
4.09424
4.08985
3.49745
3.51538
3.51661
3.53335
3.54037
6.51978
13.4892
13.9329
10.4122
8.81569
8.85128
8.7725
14.8538
50.2485
25.0553
5.31003
3.39976
3.41246
3.66538
5.24631
7.06184
8.49649
9.8912
9.35295
7.27196
6.74724
6.09205
5.3836
5.00784
4.40437
3.6526
3.51737
3.53602
3.54329
5.00901
10.711
14.5976
12.527
9.91135
8.86697
8.81799
8.86721
18.6968
51.5467
28.3513
7.5068
3.4124
3.39706
4.06734
6.16625
7.33349
8.54896
9.87633
9.41723
6.05212
5.37479
6.03598
6.01636
5.76151
4.6906
4.05247
3.60335
4.54483
6.92337
12.2392
18.637
21.1299
17.0734
13.413
10.5622
9.08641
9.49603
17.7725
51.5469
29.4186
11.8512
3.39024
3.40166
4.50453
6.33677
7.27365
8.13866
8.8567
8.23894
6.50691
5.32644
5.31011
5.93036
5.60218
5.17223
5.35624
6.55347
13.5865
20.3117
26.9163
31.0511
32.1254
31.4029
23.0092
16.3911
12.349
9.65255
13.4319
51.5469
29.5091
17.6075
3.41034
3.39028
4.36754
6.29269
7.3412
8.05185
8.25375
7.75954
6.42545
5.89166
5.3205
5.3068
5.36754
5.9813
7.9615
13.2385
21.2155
27.0328
29.8355
31.7566
32.1838
30.5496
24.3008
19.8318
14.4815
8.57525
11.8126
36.2714
29.5097
22.3826
3.40029
3.41265
3.9466
6.37285
7.9764
8.45474
8.82186
8.79796
7.69633
6.12852
5.64051
5.3176
5.45293
6.60452
9.33281
13.246
17.8473
20.8748
21.7446
20.7722
16.458
14.868
14.1341
16.8213
13.083
8.25447
11.9587
21.8211
27.4506
24.9254
4.75079
3.44178
4.93885
8.96728
9.34323
9.49539
10.4509
11.3855
10.5989
7.40114
5.74922
5.36237
5.3084
6.21862
7.51225
8.42106
8.17013
10.315
11.0842
8.08152
5.96959
5.39376
4.79835
6.94083
9.49667
8.24829
11.4994
15.6145
22.7842
24.9264
9.30695
5.17601
12.0072
18.4844
13.8172
11.1844
12.1221
13.3213
12.936
9.3518
5.71524
4.38496
4.01955
4.03162
3.97373
4.4458
6.24539
8.0709
6.76066
4.17862
4.30467
3.85314
3.38741
3.35925
5.21717
8.26634
11.9004
9.60092
17.645
23.5727
16.8506
9.80721
20.0299
20.0516
20.0354
13.6388
13.5851
14.3226
13.5874
9.80179
5.42317
3.13469
2.40654
2.3012
3.11199
4.74429
6.6431
6.91696
5.49883
4.21517
3.54563
3.45573
3.65086
3.76893
5.26372
8.70692
11.9083
5.8408
13.7075
18.3303
16.7068
16.7808
20.0521
20.1253
20.0489
16.0534
14.9617
14.8864
13.4204
9.32067
4.583
2.34177
2.22671
2.21228
2.8902
5.06218
6.58658
6.25109
4.52749
3.58385
3.17161
3.28797
3.63182
4.08126
5.89707
10.1761
11.7765
5.74065
9.99658
8.43637
10.2458
16.6538
18.9402
18.8645
19.0113
15.9854
15.1112
14.7971
12.8204
7.92059
3.30516
2.2267
2.19773
2.21906
2.3247
4.07643
4.83612
4.46458
3.38516
2.98648
2.94036
2.99001
3.15337
3.96202
7.00912
10.1865
10.2004
5.6551
6.50421
6.47924
7.58733
12.6186
14.1662
14.4978
15.2405
15.0432
14.7393
14.4701
12.4725
7.58769
3.07884
2.19078
2.21904
2.19899
2.21917
2.49394
2.61817
2.50526
2.55514
2.69805
2.83376
2.8602
2.99223
4.74349
7.32833
8.85982
8.0431
5.4503
6.46767
6.73566
7.26097
8.8731
10.063
10.5866
11.6421
13.2062
13.8196
13.8683
12.5
8.30491
3.70077
2.22673
2.19688
2.21914
2.26825
2.19716
2.19691
2.20629
2.47274
2.83395
3.05503
3.44519
4.30269
5.29112
6.58077
6.67399
5.86989
5.34142
7.80037
7.49255
7.33865
7.6977
8.28447
8.85292
9.80078
11.2965
12.3953
12.7836
12.2916
9.54113
5.52209
3.00226
2.48323
2.58976
2.5826
2.30348
2.26875
2.37257
2.82483
3.49646
3.8121
4.47466
4.88319
5.12579
5.36995
5.30507
4.83394
4.92901
9.30093
7.96581
7.34995
7.65323
8.02701
8.38595
8.96681
9.9207
10.7873
11.2318
11.2354
9.64931
6.65217
4.1798
3.28607
3.02757
2.77459
2.52755
2.49049
2.75795
3.48803
4.03915
4.13608
4.56099
4.87687
4.8459
4.63012
4.67477
4.83485
4.66056
10.431
8.63253
7.28531
7.41194
7.55019
7.45491
8.38177
8.94683
9.53685
9.83279
9.755
8.80113
6.50025
4.41807
3.58564
3.15979
2.85708
2.73413
2.77608
3.20009
3.84101
3.91338
4.01757
4.51739
4.72845
4.63508
4.47328
4.40714
4.57493
4.63537
11.4712
10.6352
6.74497
5.75013
5.30047
6.07107
7.47722
8.04075
8.72065
9.01377
8.93268
7.63648
5.64403
4.24499
3.63334
3.23571
2.92033
2.88219
3.01788
3.39819
3.74589
3.52154
3.67278
4.39483
4.54316
4.47214
4.42641
4.25455
4.12597
4.28204
13.4018
11.9101
4.85346
4.84502
4.85101
5.46812
6.71579
7.64109
8.11171
8.46306
8.50005
7.19478
4.59049
3.5148
3.57343
3.22015
2.94927
3.03289
3.28102
3.54491
3.63672
3.52045
3.62207
4.26633
4.47147
4.47317
4.49154
4.39593
4.10213
4.10841
14.3625
9.82671
4.84491
4.8524
4.84607
5.01258
6.26995
7.33507
7.54165
7.79776
7.85751
6.905
4.66918
3.01701
2.81285
2.95684
2.96229
3.27947
3.64059
3.81285
3.74474
3.6254
3.85509
4.31043
4.48403
4.55161
4.75513
5.01754
4.89039
4.60502
12.5987
7.51497
5.08961
5.23326
5.07171
5.37803
6.08193
6.88964
6.81348
6.81029
6.92941
6.61063
4.96889
2.95209
2.40656
2.63381
2.98131
3.59154
4.00421
4.15487
4.1228
4.16778
4.45045
4.62184
4.63514
4.69884
4.96468
5.41505
5.58633
5.414
10.1639
7.32966
7.02731
6.81746
5.97885
5.52741
5.77705
6.14551
5.86499
5.97758
6.38433
6.37428
5.21945
3.0494
2.40479
2.53291
3.08648
3.85295
4.30767
4.52229
4.68213
4.95369
5.23154
5.23128
5.05346
4.97984
5.12928
5.40364
5.61883
5.63646
7.73751
7.74561
7.09615
5.68288
5.44382
5.22277
5.2487
5.30442
5.30072
5.75842
6.1336
6.14849
5.14933
3.07393
2.4227
2.6976
3.32891
4.23115
4.79785
5.0957
5.36657
5.71148
5.95787
5.93479
5.63782
5.34998
5.37463
5.50575
5.70108
5.74224
5.92493
7.76811
7.00605
5.51127
5.01377
4.76232
4.7517
4.83345
5.23835
5.69166
5.78147
5.6772
4.69645
3.06272
2.70314
3.15692
4.04707
5.15786
5.87929
6.17489
6.34739
6.54205
6.66384
6.57141
6.15026
5.70308
5.65229
5.75582
5.92538
5.89531
6.27755
7.3732
7.43751
6.67941
4.94478
4.74672
4.70898
4.73176
5.25369
5.52951
5.414
5.14779
4.16485
3.16304
3.37998
4.25518
5.66575
7.08319
7.74274
7.78411
7.63657
7.51062
7.3819
7.06613
6.48901
6.02229
5.97344
6.08864
6.22418
6.10044
6.20556
6.03205
7.59268
9.40307
6.93192
4.81521
4.98094
4.8928
5.36293
5.58051
5.46865
5.16942
4.33855
3.85736
4.67902
6.54254
8.44328
9.5878
9.71881
9.37824
8.81507
8.36604
7.94036
7.36891
6.72522
6.40553
6.41769
6.46763
6.40621
6.14924
5.59797
5.6405
8.03768
10.0598
9.56772
7.05711
5.84572
5.68446
6.00268
6.09369
6.04092
5.8781
5.51734
6.13206
7.89736
9.96557
11.3126
11.4993
11.0769
10.2728
9.49096
8.85029
8.22428
7.54316
7.01197
6.96502
7.00149
6.82998
6.46677
6.0554
5.82932
6.43093
8.06608
10.0568
11.5528
11.3315
9.60985
8.77992
7.89969
7.56868
7.7039
8.06606
9.03862
10.5292
12.1443
13.2104
13.1324
12.4604
11.4859
10.5213
9.71231
9.01799
8.3462
7.75151
7.52778
7.64889
7.58612
7.11479
6.47651
5.96147
6.82473
7.6942
8.14346
9.32221
12.4651
14.1051
13.6418
12.6489
10.88
10.2913
10.9629
12.2647
13.8163
15.0943
15.4114
14.8673
13.8054
12.5356
11.405
10.4973
9.75617
9.09267
8.5073
8.17072
8.1814
8.22823
7.95119
7.27012
6.48467
5.8985
8.48483
9.78118
9.75361
10.1444
13.0338
14.9771
15.4451
15.031
13.8969
13.9566
14.9723
16.3023
17.1262
17.1139
16.4671
14.9635
13.3398
12.0516
11.1226
10.4667
9.87206
9.24612
8.80691
8.67961
8.64633
8.46416
8.03137
7.30299
6.47978
5.8072
10.4139
12.457
13.0535
12.8948
14.2968
15.8938
16.6044
16.752
16.7648
17.0789
17.5747
17.8013
17.7793
17.1312
15.2236
13.16
11.7447
11.1268
10.8058
10.4717
9.96889
9.33459
8.98771
8.90018
8.76401
8.42943
7.89657
7.20136
6.37305
5.59404
11.6275
14.0506
15.7807
16.3333
16.996
17.9907
18.5462
18.8839
19.1305
18.4422
17.998
17.8236
16.9863
14.4911
11.558
9.91332
9.54897
9.96692
10.3755
10.2898
9.72029
9.02421
8.79681
8.73123
8.4776
7.96935
7.34225
6.72546
5.93535
5.11142
11.7282
14.0565
16.345
17.8107
18.889
19.6899
19.6849
19.6897
19.6453
17.5016
15.5309
14.5253
12.816
9.55199
7.57148
7.00336
7.27345
8.19168
8.97841
8.92068
8.1878
7.61785
7.64543
7.70958
7.3913
6.7388
6.1193
5.65307
5.05829
4.26618
10.2221
11.8529
13.6578
15.8481
17.8836
18.9679
19.4651
18.8982
16.36
13.3434
10.4245
9.06929
7.53539
5.63599
5.11504
5.06404
5.27853
5.82016
6.26461
6.15095
5.68665
5.48341
5.63951
5.78887
5.5458
4.99033
4.55319
4.32459
4.00267
3.38126
8.19826
9.12733
10.1307
12.3701
14.6282
15.6584
16.0431
14.7991
12.2179
9.43207
6.86812
5.72628
4.76838
4.48716
4.47394
4.46072
4.44743
4.43423
4.42109
4.40812
4.3953
4.38274
4.37045
4.35866
4.19787
3.79365
3.51096
3.43837
3.29492
3.22679
)
;

boundaryField
{
    inlet
    {
        type            calculated;
        value           nonuniform List<scalar> 
30
(
1008.18
1110.05
1115.17
1115.18
1115.15
1115.17
1115.15
1115.14
1115.13
1115.13
1115.11
1114.29
1113.21
803.747
831.694
1082.86
1197.17
1197.17
1197.17
1197.17
1197.16
1197.16
1197.16
1197.16
1190.8
1055.87
1100.91
1143.45
1143.45
1143.45
)
;
    }
    outlet
    {
        type            calculated;
        value           nonuniform List<scalar> 
30
(
8.1983
9.12736
10.1307
12.3701
14.6282
15.6584
16.0431
14.7991
12.2179
9.43207
6.86812
5.72628
4.76838
4.48716
4.47394
4.46072
4.44743
4.43423
4.42109
4.40812
4.3953
4.38274
4.37045
4.35867
4.19788
3.79366
3.51097
3.43839
3.29494
3.22684
)
;
    }
    walls
    {
        type            calculated;
        value           nonuniform List<scalar> 
400
(
1007.84
1007.82
1164.5
1288.87
1340.51
1346.86
1342.56
1347.69
1354.59
1356.23
1355.98
1341.93
1276.47
1088.38
873.01
772.447
836.572
1030.49
1121.6
839.6
470.017
395.026
442.654
529.139
623.918
725.055
829.689
922.419
986.712
1021.05
1040.87
1064.88
1097.9
1133.36
1166.07
1198.25
1229.4
1262.1
1287.1
1314.5
1340.23
1352.89
1342.6
1087.12
903.296
903.544
903.793
904.071
929.138
1043.85
1210.85
1309.36
1309.53
1307.92
1319.47
1344.89
1366.65
1380.34
1391.05
1400.5
1408.85
1415.27
1418.12
1418.14
1417.86
1405.15
1266.37
1176.38
1205.63
1227.93
1219.94
1233.29
1297.2
1346.03
1363.23
1373.23
1381.3
1383.36
1372.91
1271.2
1106.61
1081.93
1129.58
1219.14
1282.97
1303.88
1308.52
1310.08
1309.79
1307.47
1301.96
1273.54
1183.55
1148.49
1148.1
1148.49
1162.37
1266.88
1355.95
1387.95
1391.41
1391
1281.78
630.056
408.37
448.21
515.49
604.193
723.855
856.412
988.128
1133.53
1268.38
1309.68
1309.41
787.035
526.313
633.991
786.177
923.962
1034.53
1108.75
1146.68
1155.93
1151.16
1140.23
1138.13
1140.65
1142.42
1145.91
1156.24
1169.47
1173.78
1168.68
1094.63
957.504
841.562
801.43
1063.1
1349.19
1384.53
1384.74
1382.01
1349.21
1305.86
1293.8
1178.29
1114.95
1089.04
1087.23
1079.08
1068.47
1081.94
1183.7
1299.9
1342.46
1321.86
1113.92
304.23
53.7838
18.7809
12.8465
11.251
10.8159
10.7936
13.568
19.4265
25.0553
28.3513
29.4186
29.5091
29.5097
27.4506
22.7842
17.645
13.7075
9.99658
6.50421
6.46767
7.80037
9.30093
10.431
11.4712
13.4018
14.3625
12.5987
10.1639
7.73751
5.92493
6.27755
6.20556
5.59797
5.82932
6.82473
8.48483
10.4139
11.6275
11.7282
10.2221
8.19826
1143.13
1089.1
921.198
750.353
740.459
740.668
740.668
740.668
741.518
755.168
891.441
1164.74
1337.22
1372.99
1373.96
1373.81
1372.85
1106.85
970.368
1028.89
1087.04
1153.81
1246.64
1279.79
1279.8
1278.76
559.678
289.604
268.672
259.126
248.19
242.932
242.672
242.793
242.588
242.588
242.667
243.595
243.98
248.93
282.625
364.749
506.995
717.146
979.861
1210.01
1306.49
1264.85
1097.58
1008.1
1008.09
1047.76
1159.67
1252
1271.78
1271.78
1271.78
1259.61
1227.87
1235.38
1270.62
1310.17
1335.02
1348.18
1355.38
1358.87
1359.18
1356.67
1349.04
1334.36
1317.63
1307.58
1308.25
1322.67
1344.44
1364.26
1377.57
1381.81
1381.84
1381.8
1371.86
1133.68
877.525
884.356
1010.58
1189.2
1297.65
1324.99
1330.48
1331.87
1331.71
1005.78
539.947
646.514
1227.85
1412.79
1418.45
1413.56
1375.26
1294.16
1284.65
1224.45
1105.81
1024.24
1067.1
1079.82
1060.4
841.385
683.066
647.164
907.612
1255.55
1329.37
1333.25
1291.22
1327.65
1128.22
752.439
565.016
518.321
506.062
505.98
500.936
495.575
594.783
837.154
1206.51
1360.88
1371.91
1335.75
1302.86
1167.55
931.016
845.825
965.221
1361.2
1407.24
1407.59
1374.36
1314.7
1292.74
1292.69
1207.55
983.697
861.72
831.622
825.063
834.803
973.289
1203.48
1304.03
1348.53
1365.1
1365.45
1369.95
1371.33
1371.14
1247.76
408.365
65.3511
20.7591
16.2644
15.597
15.6666
21.2584
36.3657
50.2485
51.5467
51.5469
51.5469
36.2714
21.8211
15.6145
9.60092
5.8408
5.74065
5.6551
5.4503
5.34142
4.92901
4.66056
4.63537
4.28204
4.10841
4.60502
5.414
5.63646
5.74224
5.89531
6.10044
6.14924
6.0554
5.96147
5.8985
5.8072
5.59404
5.11142
4.26618
3.38126
3.22679
)
;
    }
    frontAndBackPlanes
    {
        type            empty;
    }
}


// ************************************************************************* //
