/*--------------------------------*- C++ -*----------------------------------*\
| =========                 |                                                 |
| \\      /  F ield         | OpenFOAM: The Open Source CFD Toolbox           |
|  \\    /   O peration     | Version:  2.3.0                                 |
|   \\  /    A nd           | Web:      www.OpenFOAM.org                      |
|    \\/     M anipulation  |                                                 |
\*---------------------------------------------------------------------------*/
FoamFile
{
    version     2.0;
    format      ascii;
    class       volVectorField;
    location    "88";
    object      Ur;
}
// * * * * * * * * * * * * * * * * * * * * * * * * * * * * * * * * * * * * * //

dimensions      [0 1 -1 0 0 0 0];

internalField   nonuniform List<vector> 
1875
(
(-0.0161424 0.218148 0)
(-0.0218394 0.219301 0)
(-0.0117502 0.219289 0)
(-0.00247717 0.218497 0)
(0.00460504 0.218679 0)
(0.00959733 0.219473 0)
(0.0120418 0.220188 0)
(0.0121349 0.220319 0)
(0.0102466 0.219592 0)
(0.00679807 0.217997 0)
(0.00203383 0.215658 0)
(-0.00335048 0.213525 0)
(-0.00868176 0.210932 0)
(-0.0146624 0.206533 0)
(-0.0216656 0.200621 0)
(-0.028945 0.197163 0)
(-0.034985 0.194878 0)
(-0.0385784 0.195343 0)
(-0.0390253 0.19573 0)
(-0.0362174 0.195839 0)
(-0.0303702 0.196119 0)
(-0.0218619 0.194606 0)
(-0.0121177 0.19414 0)
(-0.0169063 0.19285 0)
(-0.01424 0.194973 0)
(-0.00520087 0.283579 0)
(-0.00488166 0.284937 0)
(0.00816807 0.287953 0)
(0.0139759 0.289903 0)
(0.0186355 0.289627 0)
(0.0222921 0.287639 0)
(0.0248506 0.284846 0)
(0.0261687 0.281854 0)
(0.0261729 0.27914 0)
(0.0248374 0.27688 0)
(0.0219518 0.275 0)
(0.0170479 0.273006 0)
(0.0110954 0.271488 0)
(0.00486403 0.271215 0)
(-0.00173921 0.272064 0)
(-0.00747597 0.271796 0)
(-0.0127599 0.271549 0)
(-0.0135482 0.270097 0)
(-0.0137306 0.269262 0)
(-0.013838 0.269155 0)
(-0.0138842 0.269249 0)
(-0.0153384 0.270592 0)
(-0.0140866 0.270717 0)
(-0.0142943 0.270278 0)
(-0.00726258 0.271793 0)
(0.000461898 0.27721 0)
(0.00826171 0.279503 0)
(0.0198809 0.280218 0)
(0.0254653 0.280149 0)
(0.0294388 0.279645 0)
(0.0324663 0.278858 0)
(0.0346426 0.277841 0)
(0.0358564 0.276655 0)
(0.0359298 0.27523 0)
(0.0345875 0.27364 0)
(0.0325562 0.271957 0)
(0.0295385 0.270295 0)
(0.0248238 0.268602 0)
(0.0190204 0.266776 0)
(0.0134924 0.265053 0)
(0.00830815 0.263039 0)
(0.00316869 0.26131 0)
(-0.00262802 0.258324 0)
(-0.00641249 0.256933 0)
(-0.00803481 0.256938 0)
(-0.00805904 0.258012 0)
(-0.00741094 0.260803 0)
(-0.00718666 0.262778 0)
(-0.00685122 0.263227 0)
(-0.00333549 0.264984 0)
(0.0120236 0.282735 0)
(0.0243083 0.285072 0)
(0.0269105 0.283645 0)
(0.029717 0.281584 0)
(0.033009 0.279838 0)
(0.0354048 0.278315 0)
(0.0364535 0.276865 0)
(0.0359972 0.275523 0)
(0.0342155 0.274183 0)
(0.0316223 0.272874 0)
(0.0279932 0.271653 0)
(0.024054 0.270383 0)
(0.0196552 0.268859 0)
(0.0150347 0.267394 0)
(0.0106805 0.265762 0)
(0.00656678 0.264008 0)
(0.00285159 0.261803 0)
(-0.000775025 0.260878 0)
(-0.00268651 0.260642 0)
(-0.00332736 0.260563 0)
(-0.00282999 0.260508 0)
(-0.00215831 0.260281 0)
(-0.00225589 0.261579 0)
(-0.00361249 0.263277 0)
(-0.000867531 0.26483 0)
(0.0168187 0.277171 0)
(0.0275952 0.278647 0)
(0.022701 0.277005 0)
(0.0252829 0.274973 0)
(0.0304175 0.273245 0)
(0.03352 0.271662 0)
(0.03445 0.270051 0)
(0.0336201 0.268464 0)
(0.0314191 0.267177 0)
(0.0281974 0.266063 0)
(0.0241705 0.265037 0)
(0.0194618 0.264 0)
(0.014113 0.263151 0)
(0.00840809 0.262403 0)
(0.00271743 0.261598 0)
(-0.00217846 0.260518 0)
(-0.00530375 0.260122 0)
(-0.00649227 0.260827 0)
(-0.00622934 0.26039 0)
(-0.00496533 0.260131 0)
(-0.00329311 0.26056 0)
(-0.0019549 0.26089 0)
(-0.00100439 0.261229 0)
(0.00119373 0.263804 0)
(0.00185008 0.265203 0)
(0.020689 0.268247 0)
(0.0278533 0.269869 0)
(0.016336 0.268316 0)
(0.0212401 0.266838 0)
(0.0276786 0.265609 0)
(0.0301562 0.264201 0)
(0.0302545 0.262878 0)
(0.0289736 0.261735 0)
(0.0264881 0.26079 0)
(0.0227979 0.260062 0)
(0.0179796 0.259445 0)
(0.0122406 0.258916 0)
(0.00589535 0.258483 0)
(-0.00058833 0.258145 0)
(-0.00626662 0.257924 0)
(-0.0100455 0.258394 0)
(-0.0112333 0.258949 0)
(-0.0106561 0.25917 0)
(-0.00895426 0.260272 0)
(-0.00634927 0.261415 0)
(-0.00383639 0.262204 0)
(-0.00203998 0.262757 0)
(-0.00077513 0.263159 0)
(0.00380843 0.264067 0)
(0.0041451 0.265081 0)
(0.0263938 0.258771 0)
(0.0293874 0.260032 0)
(0.0118876 0.259473 0)
(0.0182694 0.259056 0)
(0.0234558 0.257787 0)
(0.0243803 0.256271 0)
(0.0238053 0.255175 0)
(0.0217756 0.254443 0)
(0.0182981 0.25392 0)
(0.0134067 0.253636 0)
(0.00746041 0.253666 0)
(0.00106927 0.253618 0)
(-0.00511067 0.253675 0)
(-0.0103001 0.254048 0)
(-0.0138096 0.255201 0)
(-0.0153274 0.256788 0)
(-0.0149929 0.258299 0)
(-0.0131549 0.259923 0)
(-0.0101763 0.261489 0)
(-0.00689364 0.262705 0)
(-0.0041456 0.263488 0)
(-0.00223449 0.26391 0)
(-0.000540386 0.264156 0)
(0.00508993 0.26332 0)
(0.00517207 0.26329 0)
(0.0301093 0.252702 0)
(0.0298232 0.253409 0)
(0.00763153 0.253573 0)
(0.0135407 0.252997 0)
(0.0155401 0.251544 0)
(0.0152532 0.250409 0)
(0.0140634 0.249808 0)
(0.0110157 0.24961 0)
(0.00662939 0.249844 0)
(0.00152135 0.250011 0)
(-0.00402029 0.249081 0)
(-0.00930858 0.250013 0)
(-0.0135483 0.251796 0)
(-0.0163674 0.254596 0)
(-0.0178168 0.256452 0)
(-0.0176846 0.258245 0)
(-0.0160741 0.260176 0)
(-0.0130969 0.262084 0)
(-0.00959444 0.263574 0)
(-0.00638283 0.264509 0)
(-0.0038629 0.264981 0)
(-0.0019958 0.265151 0)
(1.11005e-05 0.265195 0)
(0.00545835 0.264974 0)
(0.00493216 0.264247 0)
(0.0284253 0.250354 0)
(0.0252673 0.24955 0)
(0.00248677 0.249922 0)
(0.00639456 0.24918 0)
(0.00616673 0.24805 0)
(0.00588115 0.247644 0)
(0.00450254 0.247647 0)
(0.00162856 0.247972 0)
(-0.00213612 0.247541 0)
(-0.00661688 0.246896 0)
(-0.0105378 0.251387 0)
(-0.0138245 0.254521 0)
(-0.0162952 0.255668 0)
(-0.0185429 0.257508 0)
(-0.018555 0.259446 0)
(-0.0171926 0.261393 0)
(-0.0144703 0.263293 0)
(-0.0111356 0.264784 0)
(-0.00790179 0.265709 0)
(-0.00517228 0.266149 0)
(-0.00302704 0.266251 0)
(-0.00130439 0.266157 0)
(0.000638039 0.265988 0)
(0.0049589 0.265586 0)
(0.00405812 0.264435 0)
(0.0250345 0.249324 0)
(0.0194745 0.248787 0)
(-0.00289935 0.249105 0)
(-0.000680966 0.248569 0)
(-0.00125638 0.24836 0)
(-0.00084365 0.248766 0)
(-0.00158108 0.249594 0)
(-0.0032039 0.251178 0)
(-0.00607155 0.255407 0)
(-0.00901046 0.260768 0)
(-0.0120458 0.260539 0)
(-0.0160165 0.259198 0)
(-0.0181539 0.261453 0)
(-0.0174807 0.261301 0)
(-0.0164816 0.26311 0)
(-0.0141157 0.264826 0)
(-0.0111764 0.266147 0)
(-0.00818117 0.266964 0)
(-0.00549257 0.26734 0)
(-0.0032495 0.267396 0)
(-0.00145116 0.267241 0)
(2.81421e-05 0.266953 0)
(0.00154287 0.26652 0)
(0.00439135 0.265864 0)
(0.00298105 0.264908 0)
(0.0215119 0.250411 0)
(0.0150377 0.250333 0)
(-0.0060685 0.250953 0)
(-0.00441882 0.251084 0)
(-0.00450748 0.251824 0)
(-0.00354165 0.252821 0)
(-0.00375025 0.254097 0)
(-0.0052343 0.255533 0)
(-0.00858002 0.255995 0)
(-0.0117923 0.256866 0)
(-0.0142126 0.258832 0)
(-0.014828 0.260815 0)
(-0.0149526 0.262159 0)
(-0.0140738 0.264783 0)
(-0.0124144 0.266226 0)
(-0.0100428 0.267348 0)
(-0.0074847 0.268064 0)
(-0.0050011 0.268433 0)
(-0.00275401 0.268545 0)
(-0.000828983 0.268472 0)
(0.000748985 0.268257 0)
(0.00201623 0.267926 0)
(0.0030896 0.267459 0)
(0.00475753 0.266778 0)
(0.00277967 0.26614 0)
(0.0185065 0.253143 0)
(0.0127782 0.253315 0)
(-0.00610097 0.254294 0)
(-0.00484082 0.254878 0)
(-0.00466381 0.255842 0)
(-0.00367085 0.256867 0)
(-0.00385684 0.258004 0)
(-0.00533193 0.259137 0)
(-0.00763532 0.260216 0)
(-0.00978965 0.260615 0)
(-0.0112974 0.262082 0)
(-0.0118451 0.264323 0)
(-0.0115836 0.265889 0)
(-0.0104817 0.267125 0)
(-0.00879443 0.268095 0)
(-0.00677976 0.268776 0)
(-0.00463345 0.269197 0)
(-0.00245686 0.269403 0)
(-0.000362118 0.269436 0)
(0.00152895 0.269329 0)
(0.00313389 0.269092 0)
(0.00441296 0.268696 0)
(0.00566204 0.268051 0)
(0.00772475 0.267442 0)
(0.00459085 0.267532 0)
(0.0163459 0.256174 0)
(0.0121374 0.256371 0)
(-0.00461813 0.257442 0)
(-0.00421143 0.258021 0)
(-0.00414521 0.258918 0)
(-0.00340731 0.259788 0)
(-0.00369847 0.260706 0)
(-0.00492027 0.261568 0)
(-0.00641915 0.26266 0)
(-0.00774802 0.263825 0)
(-0.00872902 0.265057 0)
(-0.0090402 0.266279 0)
(-0.00869275 0.267334 0)
(-0.00782069 0.268186 0)
(-0.00660077 0.26882 0)
(-0.00516921 0.269254 0)
(-0.00359434 0.269529 0)
(-0.00192096 0.26965 0)
(-0.000210865 0.269541 0)
(0.00148511 0.269272 0)
(0.00303236 0.268903 0)
(0.00448252 0.268384 0)
(0.00666012 0.267865 0)
(0.00959023 0.267398 0)
(0.00614959 0.266145 0)
(0.0140497 0.258775 0)
(0.0112905 0.258435 0)
(-0.00316267 0.259313 0)
(-0.00341489 0.260006 0)
(-0.00346783 0.260882 0)
(-0.00298851 0.261664 0)
(-0.0033167 0.262458 0)
(-0.00414644 0.263287 0)
(-0.00498633 0.264298 0)
(-0.00583229 0.265272 0)
(-0.00650766 0.266201 0)
(-0.00690561 0.267047 0)
(-0.0070727 0.267723 0)
(-0.00698825 0.2682 0)
(-0.00663443 0.26848 0)
(-0.0060113 0.268604 0)
(-0.00518806 0.26849 0)
(-0.00422203 0.268297 0)
(-0.00308815 0.268314 0)
(-0.00179965 0.268449 0)
(-0.000336192 0.268236 0)
(0.00170739 0.268024 0)
(0.00399001 0.26809 0)
(0.00851551 0.266905 0)
(0.00636533 0.267455 0)
(0.0103642 0.261033 0)
(0.00880339 0.259935 0)
(-0.00174371 0.260068 0)
(-0.0019149 0.260824 0)
(-0.00226531 0.261663 0)
(-0.00206648 0.262561 0)
(-0.00234271 0.263275 0)
(-0.00276579 0.264111 0)
(-0.00324059 0.264941 0)
(-0.0040871 0.265683 0)
(-0.00516045 0.266271 0)
(-0.00623692 0.266585 0)
(-0.00716816 0.266796 0)
(-0.00790203 0.266973 0)
(-0.00835271 0.267153 0)
(-0.00848321 0.267314 0)
(-0.00817643 0.267524 0)
(-0.00768199 0.267662 0)
(-0.00714271 0.267618 0)
(-0.00634842 0.267407 0)
(-0.00519833 0.267516 0)
(-0.00393931 0.267811 0)
(-0.00322526 0.267212 0)
(0.00434917 0.266306 0)
(0.0049027 0.266095 0)
(0.00608555 0.260524 0)
(0.00552812 0.2588 0)
(-0.000361422 0.26108 0)
(-0.0002034 0.261677 0)
(-0.000544343 0.262213 0)
(-0.000397172 0.262648 0)
(-0.000506635 0.263376 0)
(-0.000911828 0.264045 0)
(-0.00166471 0.264484 0)
(-0.00297339 0.264716 0)
(-0.00469444 0.264835 0)
(-0.00645817 0.265015 0)
(-0.00795249 0.265214 0)
(-0.00914049 0.265438 0)
(-0.0100293 0.265683 0)
(-0.0106355 0.265947 0)
(-0.0110866 0.266386 0)
(-0.0111531 0.266876 0)
(-0.010824 0.267146 0)
(-0.0105115 0.267265 0)
(-0.0107241 0.267434 0)
(-0.0119117 0.267373 0)
(-0.0132276 0.267374 0)
(-0.00607934 0.267057 0)
(-0.000650439 0.265177 0)
(0.00118352 0.263293 0)
(0.00246163 0.261177 0)
(0.000750326 0.261357 0)
(0.00119066 0.261545 0)
(0.00125585 0.261838 0)
(0.00169009 0.261885 0)
(0.00172582 0.262116 0)
(0.00103687 0.262859 0)
(-0.000355096 0.263065 0)
(-0.00220941 0.263106 0)
(-0.00424494 0.263128 0)
(-0.00623224 0.263225 0)
(-0.00800107 0.263401 0)
(-0.00945175 0.263652 0)
(-0.0105573 0.263954 0)
(-0.0113101 0.264296 0)
(-0.0117491 0.264551 0)
(-0.0120063 0.264842 0)
(-0.0124768 0.265329 0)
(-0.0133721 0.265877 0)
(-0.0142574 0.266272 0)
(-0.0150422 0.266864 0)
(-0.0175486 0.26846 0)
(-0.017445 0.27034 0)
(-0.00840522 0.268786 0)
(-0.00294601 0.265149 0)
(-0.000937153 0.262903 0)
(0.00256028 0.261291 0)
(0.00274411 0.261471 0)
(0.00294864 0.261482 0)
(0.00368534 0.262155 0)
(0.0040177 0.261992 0)
(0.00336127 0.261404 0)
(0.00149952 0.26156 0)
(-0.000853628 0.26146 0)
(-0.00324453 0.261382 0)
(-0.00545367 0.26135 0)
(-0.00736466 0.261422 0)
(-0.00890987 0.261607 0)
(-0.0100872 0.26189 0)
(-0.0108908 0.262234 0)
(-0.0113645 0.262599 0)
(-0.0117403 0.262944 0)
(-0.0122988 0.263221 0)
(-0.0127711 0.263566 0)
(-0.012651 0.26428 0)
(-0.0112579 0.265222 0)
(-0.0117663 0.266828 0)
(-0.0188649 0.270434 0)
(-0.0125334 0.270114 0)
(-0.00715176 0.264076 0)
(-0.00406469 0.261745 0)
(0.00452249 0.261512 0)
(0.004705 0.261518 0)
(0.00492303 0.261503 0)
(0.00560675 0.26096 0)
(0.00622813 0.261022 0)
(0.00601488 0.260698 0)
(0.00416572 0.260051 0)
(0.00139597 0.260046 0)
(-0.00153919 0.259806 0)
(-0.00413628 0.259666 0)
(-0.00621894 0.259594 0)
(-0.00780875 0.259641 0)
(-0.00900185 0.259817 0)
(-0.00987147 0.260095 0)
(-0.0104488 0.260424 0)
(-0.0107931 0.260762 0)
(-0.0108298 0.261175 0)
(-0.0104562 0.261897 0)
(-0.00974341 0.262622 0)
(-0.00762726 0.263365 0)
(-0.00344382 0.26383 0)
(-0.0120197 0.265613 0)
(-0.0119383 0.266331 0)
(-0.00995614 0.263236 0)
(-0.00682339 0.262209 0)
(0.00551756 0.262085 0)
(0.0066436 0.262025 0)
(0.00683338 0.261882 0)
(0.00740474 0.261447 0)
(0.0078955 0.260665 0)
(0.00803172 0.260106 0)
(0.00699089 0.259221 0)
(0.00439653 0.25855 0)
(0.00115646 0.258733 0)
(-0.00202428 0.258419 0)
(-0.00459163 0.258273 0)
(-0.00639488 0.25817 0)
(-0.00761243 0.258172 0)
(-0.00845335 0.258312 0)
(-0.00900263 0.258576 0)
(-0.0091795 0.258943 0)
(-0.0087554 0.259447 0)
(-0.00793474 0.259971 0)
(-0.00697081 0.260539 0)
(-0.00512096 0.261173 0)
(-0.00114797 0.261121 0)
(-0.00847785 0.260797 0)
(-0.0102163 0.26193 0)
(-0.0110536 0.264357 0)
(-0.00913235 0.264474 0)
(0.00501631 0.263204 0)
(0.0081876 0.262635 0)
(0.00860788 0.26245 0)
(0.00891413 0.26202 0)
(0.0092432 0.261327 0)
(0.00930218 0.260337 0)
(0.00889238 0.259843 0)
(0.00739111 0.258139 0)
(0.00457152 0.256894 0)
(0.0012713 0.257853 0)
(-0.00209623 0.257601 0)
(-0.00463154 0.257425 0)
(-0.00616877 0.257272 0)
(-0.00699712 0.257225 0)
(-0.00738769 0.257336 0)
(-0.0073485 0.257606 0)
(-0.00679318 0.257986 0)
(-0.00583306 0.258338 0)
(-0.00469977 0.258714 0)
(-0.00365943 0.259069 0)
(-0.000704311 0.25899 0)
(-0.00758327 0.258306 0)
(-0.00976117 0.258956 0)
(-0.0108499 0.264881 0)
(-0.0107005 0.265817 0)
(0.00325972 0.264911 0)
(0.00863207 0.263717 0)
(0.0101246 0.263164 0)
(0.0103817 0.262745 0)
(0.0104776 0.262113 0)
(0.0103421 0.261322 0)
(0.00988697 0.259909 0)
(0.00916525 0.260567 0)
(0.00797633 0.25781 0)
(0.00511282 0.25603 0)
(0.00161686 0.257197 0)
(-0.00198804 0.257018 0)
(-0.00446655 0.256876 0)
(-0.00572283 0.256772 0)
(-0.00610757 0.256757 0)
(-0.00588556 0.256869 0)
(-0.00522032 0.257089 0)
(-0.00420734 0.257333 0)
(-0.00301277 0.257542 0)
(-0.00237981 0.257718 0)
(-0.000484787 0.257814 0)
(-0.00694845 0.257145 0)
(-0.00867109 0.256786 0)
(-0.00977549 0.265999 0)
(-0.0114598 0.267439 0)
(0.000486094 0.26723 0)
(0.00711645 0.265828 0)
(0.0103945 0.264555 0)
(0.0115217 0.263758 0)
(0.0117348 0.263068 0)
(0.0115206 0.26225 0)
(0.0108862 0.261383 0)
(0.0101988 0.259301 0)
(0.00891946 0.259426 0)
(0.00747045 0.257082 0)
(0.0047222 0.254928 0)
(0.00200349 0.256041 0)
(-0.0011577 0.256255 0)
(-0.00355669 0.256422 0)
(-0.00469414 0.256517 0)
(-0.00472755 0.256616 0)
(-0.00403155 0.256737 0)
(-0.00299491 0.256922 0)
(-0.00179268 0.257033 0)
(-0.00122387 0.257121 0)
(-0.000189996 0.257215 0)
(-0.00749013 0.256738 0)
(-0.00893605 0.25596 0)
(-0.00882994 0.266503 0)
(-0.0119709 0.267859 0)
(-0.00282959 0.269171 0)
(0.00284458 0.268271 0)
(0.00783313 0.26671 0)
(0.0108226 0.265358 0)
(0.0120246 0.264334 0)
(0.0121371 0.26339 0)
(0.0114927 0.262452 0)
(0.0101574 0.261092 0)
(0.00851372 0.263127 0)
(0.00716147 0.262436 0)
(0.0063698 0.25896 0)
(0.00472225 0.255284 0)
(0.00273076 0.255841 0)
(0.000187501 0.256009 0)
(-0.0019476 0.256342 0)
(-0.00297848 0.256621 0)
(-0.00284087 0.256814 0)
(-0.00201681 0.256941 0)
(-0.000902397 0.257053 0)
(-0.000408553 0.257091 0)
(0.000100118 0.25713 0)
(-0.00806618 0.256884 0)
(-0.00928121 0.256218 0)
(-0.00673985 0.264305 0)
(-0.00999187 0.26762 0)
(-0.00443205 0.268459 0)
(-0.000974444 0.269231 0)
(0.00385104 0.2686 0)
(0.00826049 0.267286 0)
(0.0109245 0.265961 0)
(0.0119043 0.264797 0)
(0.0116907 0.263729 0)
(0.0101843 0.262802 0)
(0.00920464 0.260884 0)
(0.00756342 0.260151 0)
(0.00647652 0.260166 0)
(0.00562838 0.259315 0)
(0.00462214 0.256649 0)
(0.0033529 0.256568 0)
(0.00146762 0.256577 0)
(-0.000262149 0.256886 0)
(-0.00110141 0.257203 0)
(-0.000955234 0.257403 0)
(-0.000171627 0.257502 0)
(0.000169925 0.257519 0)
(0.000474085 0.257568 0)
(-0.00776689 0.2575 0)
(-0.00889373 0.257255 0)
(-0.00377959 0.265254 0)
(-0.0065141 0.267293 0)
(-0.00379026 0.2679 0)
(-0.00167416 0.268991 0)
(0.00108799 0.269339 0)
(0.00503488 0.268658 0)
(0.00848815 0.267442 0)
(0.0104676 0.266141 0)
(0.0109453 0.264921 0)
(0.0101291 0.263893 0)
(0.00852339 0.262014 0)
(0.00680083 0.260867 0)
(0.00573388 0.261107 0)
(0.00494685 0.260612 0)
(0.00455996 0.259172 0)
(0.00425319 0.257829 0)
(0.00355226 0.257517 0)
(0.0022424 0.257522 0)
(0.000956888 0.257797 0)
(0.000305899 0.258071 0)
(0.000452976 0.258214 0)
(0.000607813 0.258199 0)
(0.000896103 0.258277 0)
(-0.0067221 0.258231 0)
(-0.00784764 0.258369 0)
(-0.00170956 0.266152 0)
(-0.00422535 0.267223 0)
(-0.00312791 0.267367 0)
(-0.00112399 0.267835 0)
(0.000178844 0.268478 0)
(0.00250103 0.268527 0)
(0.00547704 0.267838 0)
(0.00787754 0.266724 0)
(0.00904364 0.265521 0)
(0.00900535 0.264404 0)
(0.0075898 0.263434 0)
(0.00573116 0.262679 0)
(0.00460245 0.261186 0)
(0.00391971 0.260853 0)
(0.00366781 0.260849 0)
(0.00381537 0.259753 0)
(0.0039837 0.258877 0)
(0.00361725 0.258541 0)
(0.00263618 0.25859 0)
(0.00159197 0.258814 0)
(0.0010292 0.258999 0)
(0.000870549 0.258998 0)
(0.00103208 0.25907 0)
(-0.00538133 0.258901 0)
(-0.00630244 0.259336 0)
(-4.27145e-05 0.26494 0)
(-0.001507 0.265412 0)
(-0.00202491 0.267117 0)
(-0.000801758 0.267112 0)
(0.000119757 0.266983 0)
(0.00130203 0.267171 0)
(0.00309777 0.267049 0)
(0.00508199 0.266454 0)
(0.0064979 0.265565 0)
(0.00696815 0.264581 0)
(0.00599131 0.26364 0)
(0.00437058 0.262902 0)
(0.00335078 0.262284 0)
(0.00273837 0.261684 0)
(0.00258184 0.261279 0)
(0.00285421 0.26074 0)
(0.00343556 0.260189 0)
(0.00380286 0.259739 0)
(0.00346439 0.259563 0)
(0.00251832 0.259633 0)
(0.00147929 0.259771 0)
(0.00103503 0.259808 0)
(0.000988129 0.259944 0)
(-0.00407779 0.259802 0)
(-0.0046661 0.260205 0)
(0.00252348 0.26312 0)
(0.0048318 0.26386 0)
(0.0024408 0.265037 0)
(-0.00125956 0.264848 0)
(-0.000589681 0.265168 0)
(0.000935502 0.265332 0)
(0.00211118 0.265527 0)
(0.00324593 0.265544 0)
(0.00398596 0.26514 0)
(0.00413833 0.264431 0)
(0.0033845 0.263514 0)
(0.00235647 0.262909 0)
(0.00172367 0.262462 0)
(0.00138849 0.2621 0)
(0.00140534 0.261948 0)
(0.00178165 0.261672 0)
(0.00247587 0.261193 0)
(0.0031819 0.260831 0)
(0.00341953 0.260532 0)
(0.00284481 0.26044 0)
(0.00183424 0.260496 0)
(0.00141698 0.260745 0)
(0.000790147 0.261142 0)
(-0.00313346 0.26071 0)
(-0.00315206 0.261103 0)
(0.00655713 0.260743 0)
(0.0116155 0.262189 0)
(0.00657014 0.261949 0)
(0.000348806 0.262594 0)
(-0.0002769 0.262722 0)
(0.00115103 0.263141 0)
(0.00192298 0.26338 0)
(0.0021918 0.263422 0)
(0.00195091 0.263336 0)
(0.00129001 0.263114 0)
(0.000551615 0.262656 0)
(0.000163969 0.262405 0)
(-2.99585e-06 0.262162 0)
(-1.36009e-05 0.261921 0)
(0.000219772 0.261872 0)
(0.000774022 0.261891 0)
(0.00154191 0.261809 0)
(0.0023106 0.261614 0)
(0.00283774 0.261328 0)
(0.0028424 0.261061 0)
(0.00267331 0.261038 0)
(0.00326099 0.261325 0)
(0.000477656 0.262254 0)
(-0.0033653 0.260526 0)
(-0.00183201 0.261769 0)
(0.0112972 0.261104 0)
(0.0141182 0.262616 0)
(0.00652433 0.260714 0)
(0.00343186 0.260798 0)
(0.00253518 0.261099 0)
(0.00236223 0.261413 0)
(0.00213374 0.261663 0)
(0.00154082 0.261831 0)
(0.000523244 0.26191 0)
(-0.0008728 0.261868 0)
(-0.00157031 0.261738 0)
(-0.00141921 0.261846 0)
(-0.00131808 0.261903 0)
(-0.00111961 0.261916 0)
(-0.000705065 0.261946 0)
(-6.2962e-05 0.262086 0)
(0.000730059 0.262152 0)
(0.00148107 0.262048 0)
(0.00207763 0.261854 0)
(0.00254293 0.261629 0)
(0.00313664 0.261492 0)
(0.0041107 0.261405 0)
(0.000121063 0.260543 0)
(-0.00252665 0.260597 0)
(-0.000243044 0.261139 0)
(0.0141098 0.263452 0)
(0.0140759 0.262067 0)
(0.00290024 0.260046 0)
(0.00484029 0.259577 0)
(0.00511081 0.260337 0)
(0.00384717 0.260521 0)
(0.00263099 0.260732 0)
(0.000963977 0.260864 0)
(-0.00105654 0.260876 0)
(-0.00284875 0.260839 0)
(-0.00315801 0.261072 0)
(-0.00259416 0.261365 0)
(-0.00232434 0.261722 0)
(-0.00196308 0.261981 0)
(-0.00141306 0.262104 0)
(-0.000734413 0.262248 0)
(2.16035e-05 0.262304 0)
(0.000698271 0.262248 0)
(0.0012781 0.262091 0)
(0.00193157 0.261889 0)
(0.00261351 0.261771 0)
(0.00230384 0.261532 0)
(-0.000550664 0.260456 0)
(9.33101e-05 0.26239 0)
(0.00188983 0.262533 0)
(0.0121875 0.262485 0)
(0.010846 0.260182 0)
(0.00132973 0.26031 0)
(0.00422325 0.260048 0)
(0.0056429 0.259947 0)
(0.00433962 0.260041 0)
(0.00222588 0.260071 0)
(-0.000580872 0.259959 0)
(-0.00312708 0.259867 0)
(-0.00446923 0.260055 0)
(-0.00416779 0.260746 0)
(-0.0034117 0.261154 0)
(-0.00300652 0.26184 0)
(-0.00246115 0.262119 0)
(-0.00187162 0.262053 0)
(-0.00122346 0.262255 0)
(-0.000572862 0.262347 0)
(-2.60225e-05 0.262325 0)
(0.000535443 0.262217 0)
(0.00139937 0.262098 0)
(0.00207782 0.262029 0)
(0.000644018 0.261896 0)
(-0.00160073 0.261363 0)
(0.00174186 0.262285 0)
(0.00337734 0.263496 0)
(0.00874305 0.260039 0)
(0.00727906 0.259643 0)
(0.00111528 0.259608 0)
(0.00464771 0.260094 0)
(0.00562062 0.259739 0)
(0.00376335 0.259612 0)
(0.000441464 0.259307 0)
(-0.00293365 0.259028 0)
(-0.00494913 0.259144 0)
(-0.0052857 0.259798 0)
(-0.00452502 0.260089 0)
(-0.0038294 0.260808 0)
(-0.00333496 0.261054 0)
(-0.0027809 0.261479 0)
(-0.00217063 0.262016 0)
(-0.00155436 0.262222 0)
(-0.00102701 0.262326 0)
(-0.000559772 0.262333 0)
(0.000108828 0.262295 0)
(0.00120746 0.262289 0)
(0.00193899 0.262209 0)
(0.000113492 0.262116 0)
(-0.00222057 0.262155 0)
(0.00244117 0.261094 0)
(0.00423164 0.261958 0)
(0.00823669 0.259033 0)
(0.00673943 0.259355 0)
(0.00192135 0.259658 0)
(0.00541146 0.259744 0)
(0.00480193 0.259514 0)
(0.00159431 0.259019 0)
(-0.0023808 0.258455 0)
(-0.00497634 0.258406 0)
(-0.00576653 0.258906 0)
(-0.00528515 0.25897 0)
(-0.0046688 0.259155 0)
(-0.00405942 0.261151 0)
(-0.00351194 0.2615 0)
(-0.00293682 0.261621 0)
(-0.00234428 0.261943 0)
(-0.00179124 0.262149 0)
(-0.00135618 0.262256 0)
(-0.000860418 0.262296 0)
(2.96666e-05 0.262336 0)
(0.00124399 0.262389 0)
(0.00188613 0.262251 0)
(-4.30619e-05 0.262084 0)
(-0.00222067 0.261976 0)
(0.00270897 0.262431 0)
(0.00425244 0.261698 0)
(0.00888869 0.258608 0)
(0.00784007 0.259357 0)
(0.00242278 0.259802 0)
(0.00492214 0.259338 0)
(0.00254402 0.258999 0)
(-0.00181741 0.258176 0)
(-0.00488487 0.257903 0)
(-0.00593535 0.258303 0)
(-0.0056758 0.259016 0)
(-0.00504667 0.259651 0)
(-0.0044776 0.261769 0)
(-0.00404393 0.260643 0)
(-0.00338515 0.261105 0)
(-0.002865 0.261571 0)
(-0.00231861 0.261861 0)
(-0.00187095 0.262052 0)
(-0.00147 0.262164 0)
(-0.000840072 0.262244 0)
(0.000282456 0.262337 0)
(0.00138986 0.262363 0)
(0.00173723 0.26213 0)
(8.37029e-05 0.261804 0)
(-0.00155777 0.262209 0)
(0.00231009 0.262589 0)
(0.0032252 0.26155 0)
(0.00987169 0.25867 0)
(0.00886484 0.259672 0)
(0.0018304 0.259525 0)
(0.00274926 0.259041 0)
(-0.000916717 0.258193 0)
(-0.0047736 0.257663 0)
(-0.00608076 0.257961 0)
(-0.0060364 0.258611 0)
(-0.00545874 0.259306 0)
(-0.00472889 0.261081 0)
(-0.00456875 0.261373 0)
(-0.00358953 0.260343 0)
(-0.00323471 0.261182 0)
(-0.00266579 0.26153 0)
(-0.00219584 0.261779 0)
(-0.00181898 0.261946 0)
(-0.00138017 0.262062 0)
(-0.000589067 0.262172 0)
(0.000569048 0.262258 0)
(0.0013317 0.262146 0)
(0.00122618 0.26188 0)
(0.000338837 0.261433 0)
(-0.000156737 0.261677 0)
(0.00125264 0.262586 0)
(0.00117893 0.261196 0)
(0.011071 0.258512 0)
(0.00886354 0.25941 0)
(-0.00065014 0.259162 0)
(-0.00105678 0.258542 0)
(-0.00452552 0.257627 0)
(-0.00628619 0.257771 0)
(-0.00624993 0.258357 0)
(-0.00580727 0.258984 0)
(-0.00520143 0.259564 0)
(-0.00484123 0.2605 0)
(-0.00385606 0.259862 0)
(-0.00339407 0.261603 0)
(-0.00287567 0.261177 0)
(-0.00237999 0.26148 0)
(-0.00198039 0.261687 0)
(-0.00162785 0.261838 0)
(-0.00110657 0.261965 0)
(-0.000223619 0.262088 0)
(0.000747915 0.262129 0)
(0.00116376 0.261976 0)
(0.000956005 0.261768 0)
(0.00101299 0.261708 0)
(0.00207267 0.262135 0)
(0.000331304 0.263291 0)
(-0.00131907 0.260424 0)
(0.00985863 0.257797 0)
(0.00865981 0.256455 0)
(-0.00129278 0.258367 0)
(-0.00449184 0.257705 0)
(-0.00660774 0.257562 0)
(-0.00652864 0.258113 0)
(-0.00592601 0.258703 0)
(-0.00535238 0.259246 0)
(-0.00477208 0.259729 0)
(-0.00418465 0.25937 0)
(-0.00354203 0.260218 0)
(-0.00303665 0.260546 0)
(-0.00248248 0.261173 0)
(-0.00201962 0.261394 0)
(-0.00165409 0.261562 0)
(-0.00126124 0.261693 0)
(-0.000626665 0.261812 0)
(0.000298271 0.261901 0)
(0.00112084 0.261876 0)
(0.00148763 0.261731 0)
(0.0016821 0.261605 0)
(0.00221781 0.26157 0)
(0.00560247 0.261 0)
(0.000323335 0.261534 0)
(-0.00450803 0.261755 0)
(0.0074059 0.257419 0)
(0.00754422 0.256947 0)
(-0.000643877 0.256668 0)
(-0.0050794 0.257214 0)
(-0.00651077 0.25777 0)
(-0.00594512 0.258396 0)
(-0.00531676 0.258923 0)
(-0.00475121 0.259392 0)
(-0.00417309 0.259753 0)
(-0.00362444 0.260066 0)
(-0.00310545 0.260496 0)
(-0.00262101 0.260803 0)
(-0.00210543 0.26106 0)
(-0.00166767 0.261242 0)
(-0.00131522 0.261376 0)
(-0.000880645 0.261482 0)
(-0.000200983 0.261566 0)
(0.000651866 0.261586 0)
(0.00129407 0.261492 0)
(0.00160103 0.2613 0)
(0.00195209 0.261199 0)
(0.00233014 0.260917 0)
(0.0048416 0.260726 0)
(3.32935e-06 0.258024 0)
(-0.00421577 0.260422 0)
(0.00577605 0.257628 0)
(0.00509012 0.257315 0)
(-0.00097135 0.256752 0)
(-0.00363964 0.257419 0)
(-0.00527156 0.258088 0)
(-0.00496275 0.258645 0)
(-0.00454808 0.259104 0)
(-0.0040907 0.259515 0)
(-0.00358099 0.259921 0)
(-0.003055 0.260473 0)
(-0.00255475 0.260715 0)
(-0.00210271 0.260713 0)
(-0.00164806 0.260919 0)
(-0.0012765 0.261066 0)
(-0.000951384 0.261176 0)
(-0.000518372 0.261264 0)
(0.000109012 0.26132 0)
(0.000783958 0.261303 0)
(0.00114634 0.261165 0)
(0.00123109 0.260969 0)
(0.00138323 0.259809 0)
(0.00116489 0.260572 0)
(0.00155515 0.260235 0)
(-0.000142921 0.260782 0)
(-0.00131521 0.259114 0)
(0.00451958 0.258075 0)
(0.00331514 0.258064 0)
(-0.0011429 0.257842 0)
(-0.00235358 0.258038 0)
(-0.00396374 0.258512 0)
(-0.00391471 0.258937 0)
(-0.00369894 0.259309 0)
(-0.00334728 0.259636 0)
(-0.00291861 0.259834 0)
(-0.00246278 0.259977 0)
(-0.00203154 0.26029 0)
(-0.00160687 0.260638 0)
(-0.00119937 0.260788 0)
(-0.000874011 0.2609 0)
(-0.000559125 0.260989 0)
(-0.000137967 0.261064 0)
(0.000400362 0.26111 0)
(0.000812778 0.261076 0)
(0.000966226 0.260989 0)
(0.00108143 0.260879 0)
(0.0010459 0.260567 0)
(0.000449274 0.260529 0)
(0.000305619 0.259536 0)
(-0.000394077 0.259482 0)
(-0.000847311 0.261699 0)
(0.00354568 0.25858 0)
(0.00242817 0.258399 0)
(-0.00116653 0.258668 0)
(-0.00186352 0.258609 0)
(-0.0030633 0.258915 0)
(-0.00308729 0.259217 0)
(-0.00294898 0.2595 0)
(-0.00265632 0.259756 0)
(-0.00228134 0.260161 0)
(-0.00191288 0.260368 0)
(-0.00154621 0.260387 0)
(-0.00115794 0.260543 0)
(-0.000778771 0.260657 0)
(-0.000473413 0.260742 0)
(-0.000152687 0.260812 0)
(0.000250364 0.260872 0)
(0.000609189 0.260886 0)
(0.000756874 0.260803 0)
(0.000811361 0.260205 0)
(0.000940205 0.259594 0)
(0.000854699 0.262326 0)
(0.000363823 0.259631 0)
(0.00015741 0.260089 0)
(-0.000893333 0.259445 0)
(-0.00112126 0.25961 0)
(0.00268757 0.258979 0)
(0.00178452 0.258946 0)
(-0.00107279 0.258951 0)
(-0.00155302 0.259009 0)
(-0.00239564 0.259228 0)
(-0.00243243 0.259453 0)
(-0.00232109 0.259671 0)
(-0.00207196 0.25989 0)
(-0.00174493 0.260069 0)
(-0.00141877 0.260195 0)
(-0.00108504 0.260343 0)
(-0.00072269 0.260458 0)
(-0.000376107 0.260539 0)
(-7.62052e-05 0.260598 0)
(0.000245144 0.260653 0)
(0.000558193 0.260681 0)
(0.000769673 0.260703 0)
(0.000852602 0.260553 0)
(0.000846273 0.259867 0)
(0.000716266 0.260355 0)
(0.000555424 0.259705 0)
(8.42872e-05 0.260163 0)
(-8.06243e-05 0.262025 0)
(-0.000929219 0.261614 0)
(-0.00110909 0.259149 0)
(0.00198771 0.259297 0)
(0.00121503 0.259137 0)
(-0.00100309 0.259332 0)
(-0.00130225 0.259326 0)
(-0.00188669 0.259485 0)
(-0.00191136 0.259641 0)
(-0.00182205 0.259807 0)
(-0.00159215 0.259959 0)
(-0.00131662 0.260153 0)
(-0.00102752 0.26034 0)
(-0.000695193 0.260319 0)
(-0.000353815 0.260398 0)
(-3.45388e-05 0.260442 0)
(0.000271446 0.260474 0)
(0.000543148 0.26049 0)
(0.000696947 0.260468 0)
(0.000795395 0.25955 0)
(0.000809245 0.260378 0)
(0.00074938 0.261495 0)
(0.000661477 0.261806 0)
(0.000430061 0.259227 0)
(-0.000263334 0.261716 0)
(-0.000370373 0.259414 0)
(-0.00117076 0.259676 0)
(-0.00139671 0.261283 0)
(0.00138385 0.259531 0)
(0.000773176 0.259487 0)
(-0.000878949 0.259497 0)
(-0.00111356 0.259548 0)
(-0.0015426 0.259664 0)
(-0.00155188 0.259856 0)
(-0.00143014 0.259947 0)
(-0.00122649 0.260074 0)
(-0.000994316 0.260222 0)
(-0.000659042 0.259658 0)
(-0.00032839 0.260304 0)
(-7.8317e-05 0.260336 0)
(0.000219066 0.260378 0)
(0.00051753 0.260391 0)
(0.000776955 0.260482 0)
(0.000940425 0.260458 0)
(0.000980594 0.260072 0)
(0.000660224 0.260277 0)
(0.000595266 0.260252 0)
(0.000659559 0.259811 0)
(0.000485208 0.261231 0)
(-0.000122549 0.259633 0)
(-0.00014395 0.259473 0)
(-0.00163337 0.25926 0)
(-0.00187597 0.260088 0)
(0.000914589 0.259713 0)
(0.00037785 0.259598 0)
(-0.000850735 0.259725 0)
(-0.000995398 0.259817 0)
(-0.00128227 0.259942 0)
(-0.00124694 0.259453 0)
(-0.00107916 0.259519 0)
(-0.000861854 0.260297 0)
(-0.00059472 0.259495 0)
(-0.000316158 0.259401 0)
(-0.000222187 0.260426 0)
(0.000136878 0.260458 0)
(0.000447035 0.260339 0)
(0.000682411 0.260345 0)
(0.000904057 0.259483 0)
(0.00106217 0.259441 0)
(0.00101569 0.261981 0)
(0.000790055 0.260191 0)
(0.000663835 0.260005 0)
(0.000506146 0.259994 0)
(0.000443617 0.260275 0)
(-4.2243e-05 0.259793 0)
(-0.000197527 0.261226 0)
(-0.00184844 0.261252 0)
(-0.00209359 0.259194 0)
(0.000519139 0.259866 0)
(0.0001029 0.259884 0)
(-0.000725163 0.25995 0)
(-0.000755455 0.259321 0)
(-0.000797251 0.259336 0)
(-0.000751409 0.259294 0)
(-0.000801902 0.259418 0)
(-0.000685138 0.259416 0)
(-0.000378401 0.259573 0)
(-0.000286643 0.261986 0)
(-0.00013368 0.259538 0)
(0.000274797 0.259459 0)
(0.00060022 0.260441 0)
(0.000931222 0.260387 0)
(0.00115347 0.259822 0)
(0.00100074 0.259839 0)
(0.000845981 0.259881 0)
(0.000812513 0.260107 0)
(0.00056141 0.260702 0)
(0.000309634 0.260551 0)
(0.000253666 0.259539 0)
(-0.000211528 0.260695 0)
(-0.00028877 0.259729 0)
(-0.00194604 0.26019 0)
(-0.00223556 0.260057 0)
(0.000284961 0.259988 0)
(-4.89827e-05 0.259757 0)
(-0.000531786 0.259401 0)
(-0.000542148 0.25932 0)
(-0.000696297 0.259368 0)
(-0.000723358 0.261743 0)
(-0.000651961 0.261904 0)
(-0.000521444 0.259514 0)
(-0.000401311 0.261993 0)
(-0.000230687 0.260095 0)
(0.000343084 0.259654 0)
(0.000326874 0.259785 0)
(0.000439269 0.259281 0)
(0.000817919 0.259234 0)
(0.00105512 0.261986 0)
(0.00107424 0.261908 0)
(0.000973238 0.259139 0)
(0.000692004 0.259997 0)
(0.000450454 0.259646 0)
(0.000189384 0.259583 0)
(9.52548e-05 0.259773 0)
(-0.000143028 0.259169 0)
(-0.00015558 0.259696 0)
(-0.00213071 0.259151 0)
(-0.00245598 0.260205 0)
(0.000130394 0.259824 0)
(-0.000151785 0.259273 0)
(-0.000648152 0.25929 0)
(-0.000787572 0.261699 0)
(-0.00085704 0.261818 0)
(-0.000886167 0.259871 0)
(-0.00056216 0.259859 0)
(-0.000301959 0.262013 0)
(-0.000222488 0.259948 0)
(0.000239237 0.258897 0)
(0.000291679 0.262092 0)
(0.000498166 0.262166 0)
(0.000661051 0.259859 0)
(0.000648958 0.259897 0)
(0.000738072 0.259718 0)
(0.0010831 0.259628 0)
(0.00105327 0.260772 0)
(0.000679572 0.260039 0)
(0.000390166 0.259689 0)
(0.000117292 0.259865 0)
(-1.10261e-05 0.260716 0)
(-0.000118582 0.260044 0)
(-9.32448e-05 0.260656 0)
(-0.00236349 0.260217 0)
(-0.00268846 0.259401 0)
(-5.75419e-05 0.259402 0)
(-0.000353195 0.260237 0)
(-0.000706143 0.261783 0)
(-0.000756759 0.259857 0)
(-0.000509528 0.259918 0)
(-0.000345806 0.259019 0)
(-0.000476152 0.259016 0)
(-0.000389072 0.260041 0)
(-4.53203e-05 0.258993 0)
(-8.08625e-05 0.262502 0)
(4.59053e-05 0.260005 0)
(0.000549059 0.259856 0)
(0.000828876 0.262235 0)
(0.000924868 0.262184 0)
(0.00112818 0.259043 0)
(0.00111984 0.259067 0)
(0.000934528 0.260687 0)
(0.000642701 0.260112 0)
(0.000337701 0.26019 0)
(3.53936e-05 0.260113 0)
(-0.000111689 0.260051 0)
(-0.000184774 0.260464 0)
(-0.000127841 0.259693 0)
(-0.00256079 0.260386 0)
(-0.00290112 0.260103 0)
(-0.000159783 0.260324 0)
(-0.000461176 0.260467 0)
(-0.000523643 0.259954 0)
(-0.000368198 0.258996 0)
(-0.000434406 0.258949 0)
(-0.00044415 0.262357 0)
(-0.000420306 0.262397 0)
(-0.000277863 0.258939 0)
(-0.00020996 0.262509 0)
(-2.81903e-05 0.259637 0)
(0.000386476 0.259031 0)
(0.000309993 0.259064 0)
(0.000453723 0.259819 0)
(0.000917045 0.259733 0)
(0.00117943 0.261146 0)
(0.00112545 0.261467 0)
(0.000929942 0.260005 0)
(0.000660051 0.260072 0)
(0.000314563 0.260366 0)
(-4.14848e-07 0.260187 0)
(-0.000205212 0.259556 0)
(-0.000269933 0.260031 0)
(-0.000122499 0.259751 0)
(-0.00270208 0.259155 0)
(-0.00308368 0.260159 0)
(-0.000275969 0.260434 0)
(-0.000509838 0.261296 0)
(-0.000597429 0.258931 0)
(-0.000658706 0.262247 0)
(-0.000669088 0.262317 0)
(-0.000643864 0.259502 0)
(-0.000267645 0.259548 0)
(-0.000106068 0.262488 0)
(5.39054e-05 0.25957 0)
(0.000418785 0.258953 0)
(0.000374504 0.262484 0)
(0.000473602 0.262468 0)
(0.00064449 0.259013 0)
(0.000718307 0.259021 0)
(0.000845428 0.260286 0)
(0.000983993 0.260619 0)
(0.000994604 0.259461 0)
(0.000688657 0.260043 0)
(0.000362561 0.259714 0)
(3.57691e-06 0.259856 0)
(-0.000297966 0.260031 0)
(-0.000292554 0.259767 0)
(-0.000152088 0.260171 0)
(-0.0029084 0.260342 0)
(-0.0032077 0.259702 0)
(-0.000519628 0.261439 0)
(-0.00064043 0.259588 0)
(-0.000585675 0.262297 0)
(-0.000615772 0.259555 0)
(-0.000246894 0.259641 0)
(-0.000118321 0.259109 0)
(-0.000296158 0.259095 0)
(-0.000185422 0.259691 0)
(6.89463e-05 0.259085 0)
(2.85899e-05 0.262551 0)
(0.000112019 0.259644 0)
(0.00054719 0.259534 0)
(0.000742403 0.262352 0)
(0.000765637 0.262288 0)
(0.000910105 0.261262 0)
(0.0010366 0.25989 0)
(0.00102164 0.260178 0)
(0.000757636 0.260098 0)
(0.000453256 0.260132 0)
(4.67296e-05 0.260165 0)
(-0.000362773 0.260156 0)
(-0.000377976 0.260126 0)
(-0.000185719 0.26053 0)
(-0.0029789 0.260783 0)
(-0.00327195 0.260152 0)
(-0.000578587 0.259802 0)
(-0.000772291 0.259114 0)
(-0.000412515 0.259645 0)
(-0.000252831 0.259119 0)
(-0.000274542 0.259043 0)
(-0.000263195 0.262439 0)
(-0.000235224 0.262492 0)
(-0.000156852 0.259042 0)
(-0.00014012 0.262562 0)
(4.79207e-05 0.259692 0)
(0.000406887 0.259044 0)
(0.000230473 0.259141 0)
(0.000303328 0.259686 0)
(0.000700814 0.25965 0)
(0.00103905 0.259481 0)
(0.00113048 0.259032 0)
(0.00101388 0.2604 0)
(0.000839207 0.26017 0)
(0.000574812 0.260109 0)
(0.000155387 0.26011 0)
(-0.00034679 0.260335 0)
(-0.000398197 0.260159 0)
(-0.000184992 0.259803 0)
(-0.00293778 0.260216 0)
(-0.00322922 0.260043 0)
(-0.000763886 0.259059 0)
(-0.000822352 0.262206 0)
(-0.000431555 0.258977 0)
(-0.000575191 0.262339 0)
(-0.000568999 0.262382 0)
(-0.000503255 0.259615 0)
(-0.000113682 0.259629 0)
(2.41126e-05 0.262498 0)
(0.000150611 0.259618 0)
(0.000486489 0.259008 0)
(0.00047296 0.262538 0)
(0.00053716 0.262566 0)
(0.000636923 0.259101 0)
(0.000706932 0.259097 0)
(0.000741042 0.259109 0)
(0.000776037 0.261235 0)
(0.000819983 0.260285 0)
(0.000807955 0.260136 0)
(0.000576121 0.260146 0)
(0.000150278 0.260129 0)
(-0.000347185 0.259998 0)
(-0.000459653 0.260238 0)
(-0.000221759 0.260028 0)
(-0.00276909 0.259729 0)
(-0.00311478 0.260162 0)
(-0.00105368 0.2623 0)
(-0.00092546 0.25951 0)
(-0.000307633 0.262372 0)
(-0.00052132 0.259674 0)
(-0.000168687 0.259735 0)
(7.62205e-06 0.259154 0)
(-0.000163015 0.259128 0)
(-3.46686e-05 0.259742 0)
(0.000170394 0.259166 0)
(5.77469e-05 0.26259 0)
(0.000211584 0.259689 0)
(0.000614351 0.259548 0)
(0.000686331 0.262384 0)
(0.000669008 0.262321 0)
(0.000700687 0.262215 0)
(0.000761166 0.260053 0)
(0.00100328 0.260162 0)
(0.000930129 0.260128 0)
(0.000653581 0.260124 0)
(0.000223477 0.260091 0)
(-0.000216978 0.260102 0)
(-0.000380435 0.260123 0)
(-0.0002024 0.260318 0)
(-0.00268616 0.260075 0)
(-0.00304288 0.260122 0)
(-0.00106746 0.259796 0)
(-0.00104241 0.259222 0)
(-0.000153917 0.259766 0)
(-0.000171934 0.259195 0)
(-0.000235974 0.259118 0)
(-0.000151854 0.262479 0)
(-9.63008e-05 0.262544 0)
(5.27803e-06 0.259123 0)
(-4.73121e-05 0.262591 0)
(4.55245e-05 0.259744 0)
(0.000463128 0.259068 0)
(0.000289695 0.259125 0)
(0.000240638 0.259704 0)
(0.000544739 0.259694 0)
(0.000842398 0.259639 0)
(0.00101318 0.25922 0)
(0.000947102 0.259959 0)
(0.00090859 0.260216 0)
(0.000574048 0.260162 0)
(0.000176055 0.260094 0)
(-0.000125057 0.260084 0)
(-0.000299855 0.260137 0)
(-0.000173422 0.26057 0)
(-0.00266055 0.260095 0)
(-0.00307454 0.260015 0)
(-0.00126914 0.259158 0)
(-0.00116874 0.26231 0)
(-0.000219836 0.259047 0)
(-0.000470307 0.262406 0)
(-0.000556649 0.262464 0)
(-0.000437767 0.259715 0)
(2.28516e-05 0.259699 0)
(0.000179696 0.262571 0)
(0.000233572 0.259689 0)
(0.000558165 0.259025 0)
(0.000475196 0.262537 0)
(0.000559341 0.262583 0)
(0.00068815 0.259135 0)
(0.000593665 0.259121 0)
(0.000571033 0.259136 0)
(0.00063971 0.262276 0)
(0.000686542 0.260353 0)
(0.000689824 0.260174 0)
(0.000353936 0.260116 0)
(1.83984e-05 0.260064 0)
(-0.000155116 0.260047 0)
(-0.000258024 0.26007 0)
(-0.000136929 0.259617 0)
(-0.00277359 0.260012 0)
(-0.00320627 0.25988 0)
(-0.00157278 0.262387 0)
(-0.00130672 0.259642 0)
(-0.000105537 0.262434 0)
(-0.000389657 0.259799 0)
(-0.000169007 0.259867 0)
(1.59199e-06 0.259248 0)
(-7.29044e-05 0.25919 0)
(6.09499e-05 0.259711 0)
(0.000205946 0.259096 0)
(7.55884e-05 0.262589 0)
(0.000149096 0.260963 0)
(0.000627409 0.259545 0)
(0.000780902 0.262402 0)
(0.00054048 0.262388 0)
(0.000461588 0.262271 0)
(0.000524528 0.259594 0)
(0.000795563 0.260491 0)
(0.000664125 0.260137 0)
(0.000301334 0.260093 0)
(-4.51346e-05 0.260068 0)
(-0.000220752 0.260044 0)
(-0.000288974 0.259985 0)
(-9.84216e-05 0.260091 0)
(-0.00291336 0.259963 0)
(-0.00342121 0.259811 0)
(-0.00158923 0.259905 0)
(-0.00144348 0.259326 0)
(0.000103839 0.259881 0)
(4.73324e-05 0.259316 0)
(-0.000179348 0.259231 0)
(-0.000155914 0.262572 0)
(-0.000144783 0.262637 0)
(-6.71114e-05 0.259266 0)
(-0.000128013 0.262656 0)
(-0.000143495 0.25995 0)
(0.000311637 0.259029 0)
(0.000462432 0.259146 0)
(0.000316611 0.259689 0)
(0.000466222 0.259745 0)
(0.00057278 0.259813 0)
(0.000789555 0.259103 0)
(0.000596062 0.260006 0)
(0.000528752 0.260262 0)
(0.000196782 0.260204 0)
(-0.000156314 0.260173 0)
(-0.000385056 0.260115 0)
(-0.000364694 0.260032 0)
(-0.000100996 0.259952 0)
(-0.0031059 0.259979 0)
(-0.00363037 0.259795 0)
(-0.0016587 0.259282 0)
(-0.0015149 0.262505 0)
(2.14425e-05 0.259216 0)
(-0.000228149 0.262504 0)
(-0.000500364 0.262521 0)
(-0.000385645 0.260978 0)
(-3.02319e-05 0.260954 0)
(0.000107731 0.262538 0)
(0.000165081 0.260922 0)
(0.000575164 0.25892 0)
(0.000503356 0.259348 0)
(0.000516735 0.262695 0)
(0.000727914 0.259256 0)
(0.000734318 0.259134 0)
(0.00054338 0.259088 0)
(0.000411515 0.262227 0)
(0.000248697 0.260438 0)
(0.000281332 0.260287 0)
(-2.05314e-06 0.26025 0)
(-0.000401753 0.260228 0)
(-0.000726099 0.260147 0)
(-0.000647405 0.260062 0)
(-0.000220347 0.260001 0)
(-0.00337826 0.259899 0)
(-0.00394109 0.259644 0)
(-0.00172694 0.261299 0)
(-0.0015388 0.259835 0)
(-9.69021e-05 0.262653 0)
(-0.000350083 0.259817 0)
(-0.000358802 0.25997 0)
(-0.000302336 0.259584 0)
(-0.000169329 0.25955 0)
(-2.76416e-05 0.260241 0)
(0.000264643 0.259517 0)
(0.000338789 0.26263 0)
(0.000261966 0.261577 0)
(0.000348209 0.260615 0)
(0.00078576 0.26211 0)
(0.000744737 0.262118 0)
(0.000625041 0.262043 0)
(0.000295293 0.260489 0)
(0.000491504 0.260142 0)
(0.000327442 0.260129 0)
(1.78226e-07 0.260076 0)
(-0.000552377 0.26005 0)
(-0.00105348 0.259999 0)
(-0.00101718 0.259919 0)
(-0.000477815 0.259827 0)
(-0.00385745 0.259753 0)
(-0.00441205 0.259529 0)
(-0.00119002 0.260198 0)
(-0.000947919 0.259858 0)
(3.93167e-05 0.259807 0)
(-0.000185046 0.259967 0)
(-0.000316042 0.259719 0)
(-0.000442858 0.25918 0)
(-0.000523495 0.25914 0)
(-0.000487934 0.258992 0)
(-0.000489644 0.258969 0)
(-0.000328515 0.259563 0)
(-0.000108357 0.260438 0)
(0.00010227 0.258325 0)
(0.000213205 0.259359 0)
(0.000460887 0.259287 0)
(0.000550886 0.259348 0)
(0.000671179 0.258441 0)
(0.000433222 0.259215 0)
(0.000205632 0.259192 0)
(-0.000142957 0.259138 0)
(-0.000645567 0.259107 0)
(-0.0011939 0.259142 0)
(-0.00128343 0.259093 0)
(-0.000661813 0.258948 0)
(-0.00393759 0.258858 0)
(-0.0044656 0.258847 0)
(0.000119437 0.260778 0)
(0.000231399 0.261713 0)
(-0.00029627 0.260056 0)
(-0.000399396 0.26136 0)
(-0.000513376 0.26125 0)
(-0.00076426 0.260827 0)
(-0.000778285 0.260678 0)
(-0.000667993 0.260972 0)
(-0.000506972 0.260396 0)
(-0.000343301 0.25929 0)
(-1.83007e-05 0.259286 0)
(0.000123031 0.259922 0)
(0.000359766 0.259362 0)
(0.000513724 0.259252 0)
(0.000656218 0.25905 0)
(0.000446041 0.259474 0)
(0.000354534 0.259465 0)
(0.000105063 0.259376 0)
(-0.000197856 0.259311 0)
(-0.00054484 0.259309 0)
(-0.00119286 0.259391 0)
(-0.00169302 0.259407 0)
(-0.000981136 0.259111 0)
(-0.00351132 0.259182 0)
(-0.00392949 0.259423 0)
(0.00224535 0.266753 0)
(0.00072387 0.265919 0)
(-0.00132313 0.265769 0)
(-0.00120212 0.263333 0)
(-0.00135383 0.263734 0)
(-0.00164849 0.264958 0)
(-0.00166042 0.264921 0)
(-0.00137838 0.26408 0)
(-0.00102676 0.265389 0)
(-0.000754022 0.265381 0)
(-0.000500578 0.265094 0)
(-0.000228876 0.264422 0)
(-9.66887e-05 0.264898 0)
(0.000110682 0.264901 0)
(0.000247772 0.264858 0)
(0.000378179 0.264281 0)
(0.00025827 0.264671 0)
(0.00021891 0.264843 0)
(0.000193191 0.265031 0)
(-7.555e-05 0.265395 0)
(-0.0010203 0.265649 0)
(-0.00263657 0.266151 0)
(-0.00192848 0.266341 0)
(-0.0036746 0.267931 0)
(-0.00437871 0.269853 0)
(-0.00130931 0.27571 0)
(-0.00553034 0.275626 0)
(-0.00524674 0.273386 0)
(-0.00209296 0.275689 0)
(-0.00179614 0.276675 0)
(-0.00200392 0.275918 0)
(-0.00184808 0.275712 0)
(-0.00138747 0.27611 0)
(-0.000721941 0.275493 0)
(5.55418e-05 0.275397 0)
(0.00080661 0.27582 0)
(0.00140404 0.276868 0)
(0.0018937 0.276901 0)
(0.00236089 0.277679 0)
(0.00268166 0.278531 0)
(0.00286726 0.279911 0)
(0.00293767 0.280451 0)
(0.00298494 0.281057 0)
(0.00306312 0.281709 0)
(0.00274568 0.282075 0)
(0.00204334 0.282547 0)
(0.00101948 0.282753 0)
(0.00329586 0.282933 0)
(0.00523462 0.283971 0)
(0.00275665 0.281784 0)
(-0.0147071 0.310945 0)
(-0.0209317 0.295898 0)
(-0.0102853 0.297331 0)
(-0.00397012 0.300392 0)
(-0.00151566 0.301978 0)
(-0.000730232 0.301791 0)
(-0.000426763 0.301908 0)
(-0.000276499 0.30177 0)
(7.78391e-05 0.301009 0)
(0.000534488 0.300593 0)
(0.000925826 0.300917 0)
(0.00126511 0.301156 0)
(0.00167556 0.300566 0)
(0.00240736 0.299964 0)
(0.00314047 0.300739 0)
(0.00361114 0.301563 0)
(0.00400929 0.302349 0)
(0.00421249 0.30323 0)
(0.00416775 0.304351 0)
(0.00365533 0.30551 0)
(0.00327258 0.306764 0)
(0.00423019 0.306852 0)
(0.00876797 0.304999 0)
(0.0209492 0.304399 0)
(0.0172081 0.315693 0)
(-0.0133897 0.126751 0)
(-0.0200629 0.128253 0)
(-0.00883249 0.132771 0)
(-0.00222277 0.136775 0)
(0.000151193 0.137785 0)
(0.000429332 0.135765 0)
(0.000124544 0.134074 0)
(2.47437e-05 0.132826 0)
(0.00012633 0.132122 0)
(0.00028323 0.131529 0)
(0.000532952 0.130907 0)
(0.000893385 0.130313 0)
(0.00122823 0.129879 0)
(0.00136591 0.129645 0)
(0.00142446 0.130689 0)
(0.00154342 0.131995 0)
(0.00162452 0.133681 0)
(0.00156222 0.135756 0)
(0.00128549 0.138635 0)
(0.000781988 0.142337 0)
(0.000598892 0.146224 0)
(0.00235644 0.148473 0)
(0.00894625 0.145312 0)
(0.0220866 0.141704 0)
(0.0152692 0.136502 0)
(-0.0373909 0.0918034 0)
(-0.0420406 0.12223 0)
(-0.0128453 0.132851 0)
(-0.00125813 0.137498 0)
(0.00304121 0.134977 0)
(0.00304094 0.129849 0)
(0.00183226 0.125413 0)
(0.000846473 0.12244 0)
(0.000369526 0.120777 0)
(0.000268882 0.119791 0)
(0.000371349 0.119172 0)
(0.000549053 0.118771 0)
(0.000680126 0.118691 0)
(0.000677647 0.119118 0)
(0.000560112 0.120261 0)
(0.00035662 0.122067 0)
(-2.87103e-06 0.124721 0)
(-0.00071632 0.128646 0)
(-0.00197067 0.134017 0)
(-0.00357657 0.141066 0)
(-0.00426283 0.149484 0)
(-0.000122046 0.156386 0)
(0.0141368 0.154638 0)
(0.0536119 0.14844 0)
(0.0543502 0.128518 0)
(-0.245016 0.0108522 0)
(-0.116842 0.272706 0)
(-0.0442812 0.258509 0)
(-0.0159936 0.23246 0)
(-0.00487786 0.216744 0)
(-0.00360847 0.201778 0)
(-0.00495523 0.19005 0)
(-0.0055754 0.182349 0)
(-0.00461102 0.177844 0)
(-0.00247563 0.175313 0)
(0.000210972 0.174103 0)
(0.00313064 0.173888 0)
(0.00595779 0.174915 0)
(0.00824435 0.177546 0)
(0.00953709 0.182086 0)
(0.00968361 0.18877 0)
(0.00878862 0.198043 0)
(0.00699063 0.210556 0)
(0.0043938 0.227517 0)
(0.0013931 0.250094 0)
(0.000575864 0.277717 0)
(0.00973293 0.30539 0)
(0.0391248 0.33613 0)
(0.124844 0.377011 0)
(0.300225 0.0942534 0)
(-0.371787 -0.211267 0)
(-0.291645 0.309771 0)
(-0.0532171 0.271696 0)
(-0.0127354 0.223793 0)
(-0.0138902 0.182501 0)
(-0.023008 0.14761 0)
(-0.0293584 0.124566 0)
(-0.028249 0.110429 0)
(-0.0210258 0.102393 0)
(-0.0104407 0.0980461 0)
(0.00156919 0.0956466 0)
(0.0139154 0.0940086 0)
(0.0259003 0.0940291 0)
(0.036301 0.0978837 0)
(0.0430514 0.106608 0)
(0.044762 0.117553 0)
(0.0419138 0.1302 0)
(0.033593 0.143847 0)
(0.022736 0.163009 0)
(0.00571921 0.19093 0)
(-0.0142403 0.233576 0)
(-0.0236611 0.293156 0)
(0.0107174 0.371194 0)
(0.298796 0.460397 0)
(0.481485 -0.172491 0)
(-0.0516399 -0.0750874 0)
(-0.23056 0.1881 0)
(0.0356372 0.364475 0)
(0.0495271 0.212591 0)
(0.0331494 0.126845 0)
(0.0132993 0.0797699 0)
(0.000974666 0.05679 0)
(-0.00162279 0.0432878 0)
(0.000857195 0.0363172 0)
(0.00556542 0.0334029 0)
(0.010572 0.0326054 0)
(0.0151743 0.0315063 0)
(0.0194816 0.0312217 0)
(0.0231189 0.0361392 0)
(0.0274165 0.0514946 0)
(0.0296865 0.0707638 0)
(0.0298602 0.0903468 0)
(0.0267485 0.109694 0)
(0.0143177 0.128541 0)
(-0.0111235 0.149837 0)
(-0.0534683 0.185221 0)
(-0.103821 0.261541 0)
(-0.119514 0.440464 0)
(0.239957 0.266643 0)
(0.0596775 -0.061456 0)
(-1.85185e-07 -6.94246e-05 0)
(-0.000681203 0.000401202 0)
(-0.000134552 0.00403073 0)
(0.0014166 0.00133699 0)
(0.000460522 0.000295925 0)
(0.000128805 0.000111335 0)
(2.33282e-05 8.35921e-05 0)
(1.0639e-06 5.11617e-05 0)
(-1.0677e-06 2.17676e-05 0)
(2.05617e-07 4.48594e-06 0)
(7.5057e-08 -1.50139e-06 0)
(3.56249e-07 -3.06242e-06 0)
(1.21408e-06 6.32546e-07 0)
(2.43685e-07 2.20455e-05 0)
(-9.13874e-06 7.0528e-05 0)
(-2.67587e-05 0.000157289 0)
(-2.81602e-05 0.000322344 0)
(7.20567e-06 0.000600439 0)
(1.86589e-05 0.000921788 0)
(-0.000154365 0.00132054 0)
(-0.00080163 0.00182906 0)
(-0.00235745 0.00278165 0)
(-0.000821264 0.00772037 0)
(0.00117488 0.000909378 0)
(5.28937e-06 -5.04725e-05 0)
(1.94546e-06 9.859e-06 0)
(-2.35442e-06 6.05039e-06 0)
(-6.81572e-06 2.3555e-05 0)
(-1.43754e-06 7.54879e-06 0)
(-9.20564e-07 -4.57653e-07 0)
(-4.87284e-07 -2.3598e-06 0)
(-3.73506e-07 -1.68886e-06 0)
(-1.15099e-07 -1.73415e-06 0)
(-1.38277e-08 -1.70672e-06 0)
(3.92337e-08 -1.53321e-06 0)
(1.84821e-07 -1.42719e-06 0)
(3.77364e-07 -1.5817e-06 0)
(6.9353e-07 -1.74086e-06 0)
(1.05464e-06 -2.10693e-06 0)
(1.31478e-06 -2.50721e-06 0)
(6.6875e-07 -3.71786e-06 0)
(-1.56271e-06 -5.73605e-06 0)
(-4.55814e-06 -1.26674e-05 0)
(-5.05681e-06 -2.63292e-06 0)
(-9.49309e-06 1.96198e-05 0)
(-1.70786e-05 1.89355e-05 0)
(-1.49106e-05 1.13883e-05 0)
(-1.19337e-05 6.36684e-06 0)
(-7.46673e-06 -3.46158e-06 0)
(-1.26982e-05 2.05561e-05 0)
)
;

boundaryField
{
    inlet
    {
        type            calculated;
        value           uniform (0 0.1 0);
    }
    outlet
    {
        type            calculated;
        value           nonuniform List<vector> 
25
(
(1.94546e-06 9.859e-06 0)
(-2.35442e-06 6.05039e-06 0)
(-6.81572e-06 2.3555e-05 0)
(0 3.77445e-06 0)
(0 -1.58806e-06 0)
(0 -2.51378e-06 0)
(0 -1.62124e-06 0)
(0 -1.62451e-06 0)
(0 -1.6018e-06 0)
(0 -1.53732e-06 0)
(0 -1.59388e-06 0)
(0 -1.92062e-06 0)
(0 -2.24656e-06 0)
(0 -2.71243e-06 0)
(0 -3.14126e-06 0)
(0 -4.35909e-06 0)
(0 -6.9681e-06 0)
(0 -1.54572e-05 0)
(-5.05681e-06 -2.63292e-06 0)
(-9.49309e-06 1.96198e-05 0)
(-1.70786e-05 1.89355e-05 0)
(-1.49106e-05 1.13883e-05 0)
(-1.19337e-05 6.36684e-06 0)
(-7.46673e-06 -3.46158e-06 0)
(-1.26982e-05 2.05561e-05 0)
)
;
    }
    walls
    {
        type            calculated;
        value           uniform (0 0 0);
    }
    defaultFaces
    {
        type            empty;
    }
}


// ************************************************************************* //
