/*--------------------------------*- C++ -*----------------------------------*\
| =========                 |                                                 |
| \\      /  F ield         | OpenFOAM: The Open Source CFD Toolbox           |
|  \\    /   O peration     | Version:  2.3.0                                 |
|   \\  /    A nd           | Web:      www.OpenFOAM.org                      |
|    \\/     M anipulation  |                                                 |
\*---------------------------------------------------------------------------*/
FoamFile
{
    version     2.0;
    format      ascii;
    class       volScalarField;
    location    "0.458";
    object      k;
}
// * * * * * * * * * * * * * * * * * * * * * * * * * * * * * * * * * * * * * //

dimensions      [0 2 -2 0 0 0 0];

internalField   nonuniform List<scalar> 
545
(
161035
153348
141080
130496
123254
164153
153702
140704
129850
122043
169515
153989
139803
128509
119879
177621
153755
138358
126590
116570
189639
152434
136695
124533
111907
119552
117530
116887
116685
116621
116601
116594
116591
116590
116589
116588
116587
116587
116586
116585
116585
116584
116583
116583
116582
116582
116581
116581
116580
116580
116579
116579
116579
116578
116578
116577
116577
116577
116577
116576
116576
116576
116576
116576
116576
116575
116575
116575
116575
116575
118626
117247
116798
116657
116612
116598
116593
116591
116590
116589
116588
116587
116587
116586
116585
116585
116584
116583
116583
116582
116582
116581
116581
116580
116580
116579
116579
116579
116578
116578
116577
116577
116577
116577
116576
116576
116576
116576
116576
116576
116575
116575
116575
116575
116575
117278
116772
116645
116609
116597
116593
116592
116590
116590
116589
116588
116587
116587
116586
116585
116585
116584
116583
116583
116582
116582
116581
116581
116580
116580
116579
116579
116579
116578
116578
116577
116577
116577
116577
116576
116576
116576
116576
116576
116576
116575
116575
116575
116575
116575
115525
116218
116475
116556
116581
116588
116590
116590
116589
116589
116588
116587
116587
116586
116585
116585
116584
116583
116583
116582
116582
116581
116581
116580
116580
116579
116579
116579
116578
116578
116577
116577
116577
116577
116576
116576
116576
116576
116576
116576
116575
116575
116575
116575
116575
113482
115749
116339
116515
116568
116584
116589
116590
116589
116589
116588
116587
116587
116586
116585
116585
116584
116583
116583
116582
116582
116581
116581
116580
116580
116579
116579
116579
116578
116578
116577
116577
116577
116577
116576
116576
116576
116576
116576
116576
116575
116575
116575
116575
116575
113709
115606
116284
116497
116563
116583
116588
116589
116589
116589
116588
116587
116587
116586
116585
116585
116584
116583
116583
116582
116582
116581
116581
116580
116580
116579
116579
116579
116578
116578
116577
116577
116577
116577
116576
116576
116576
116576
116576
116576
116575
116575
116575
116575
116575
189639
152434
136695
124533
111907
177621
153755
138358
126590
116570
169515
153989
139803
128509
119879
164153
153702
140704
129850
122043
161035
153348
141080
130496
123254
113482
115749
116339
116515
116568
116584
116589
116590
116589
116589
116588
116587
116587
116586
116585
116585
116584
116583
116583
116582
116582
116581
116581
116580
116580
116579
116579
116579
116578
116578
116577
116577
116577
116577
116576
116576
116576
116576
116576
116576
116575
116575
116575
116575
116575
115525
116218
116475
116556
116581
116588
116590
116590
116589
116589
116588
116587
116587
116586
116585
116585
116584
116583
116583
116582
116582
116581
116581
116580
116580
116579
116579
116579
116578
116578
116577
116577
116577
116577
116576
116576
116576
116576
116576
116576
116575
116575
116575
116575
116575
117278
116772
116645
116609
116597
116593
116592
116590
116590
116589
116588
116587
116587
116586
116585
116585
116584
116583
116583
116582
116582
116581
116581
116580
116580
116579
116579
116579
116578
116578
116577
116577
116577
116577
116576
116576
116576
116576
116576
116576
116575
116575
116575
116575
116575
118626
117247
116798
116657
116612
116598
116593
116591
116590
116589
116588
116587
116587
116586
116585
116585
116584
116583
116583
116582
116582
116581
116581
116580
116580
116579
116579
116579
116578
116578
116577
116577
116577
116577
116576
116576
116576
116576
116576
116576
116575
116575
116575
116575
116575
119552
117530
116887
116685
116621
116601
116594
116591
116590
116589
116588
116587
116587
116586
116585
116585
116584
116583
116583
116582
116582
116581
116581
116580
116580
116579
116579
116579
116578
116578
116577
116577
116577
116577
116576
116576
116576
116576
116576
116576
116575
116575
116575
116575
116575
)
;

boundaryField
{
    AirInlet
    {
        type            fixedValue;
        value           uniform 0.1;
    }
    WaterInlet
    {
        type            fixedValue;
        value           uniform 0.1;
    }
    ChannelWall
    {
        type            fixedValue;
        value           uniform 0.1;
    }
    Outlet
    {
        type            inletOutlet;
        inletValue      uniform 0.1;
        value           nonuniform List<scalar> 
11
(
116575
116575
116575
116575
116575
116575
116575
116575
116575
116575
116575
)
;
    }
    FrontAndBack
    {
        type            empty;
    }
}


// ************************************************************************* //
