/*--------------------------------*- C++ -*----------------------------------*\
| =========                 |                                                 |
| \\      /  F ield         | OpenFOAM: The Open Source CFD Toolbox           |
|  \\    /   O peration     | Version:  2.3.0                                 |
|   \\  /    A nd           | Web:      www.OpenFOAM.org                      |
|    \\/     M anipulation  |                                                 |
\*---------------------------------------------------------------------------*/
FoamFile
{
    version     2.0;
    format      ascii;
    class       volVectorField;
    location    "71";
    object      U;
}
// * * * * * * * * * * * * * * * * * * * * * * * * * * * * * * * * * * * * * //

dimensions      [0 1 -1 0 0 0 0];

internalField   nonuniform List<vector> 
1875
(
(0.0185078 -0.0395348 0)
(0.0377413 -0.0555179 0)
(0.0753996 -0.064104 0)
(0.112906 -0.062629 0)
(0.148733 -0.0576461 0)
(0.181406 -0.0505872 0)
(0.209995 -0.0425026 0)
(0.233991 -0.0340662 0)
(0.253074 -0.0256819 0)
(0.267001 -0.0172261 0)
(0.275567 -0.00899898 0)
(0.278764 -0.000901074 0)
(0.276298 0.00668517 0)
(0.267477 0.0134992 0)
(0.252164 0.0194098 0)
(0.231231 0.0250444 0)
(0.206033 0.0299711 0)
(0.178254 0.0322363 0)
(0.149616 0.0310598 0)
(0.122209 0.0264653 0)
(0.0976784 0.0199125 0)
(0.0763207 0.0145886 0)
(0.057032 0.0141402 0)
(0.0313735 0.0188825 0)
(0.0189146 0.0170287 0)
(0.0292211 -0.00309281 0)
(0.0551753 -0.0167099 0)
(0.0887543 -0.0270154 0)
(0.117259 -0.0267985 0)
(0.143401 -0.0206738 0)
(0.167059 -0.0104148 0)
(0.18801 0.00210907 0)
(0.205993 0.016317 0)
(0.220619 0.0318394 0)
(0.231604 0.0485964 0)
(0.238437 0.0668245 0)
(0.240231 0.0864647 0)
(0.237285 0.106182 0)
(0.23048 0.125333 0)
(0.219585 0.143329 0)
(0.203735 0.158966 0)
(0.184068 0.168726 0)
(0.161315 0.174601 0)
(0.136608 0.175112 0)
(0.111738 0.170617 0)
(0.0873999 0.163602 0)
(0.0644201 0.1568 0)
(0.0433257 0.157321 0)
(0.0221398 0.163819 0)
(0.00938304 0.153412 0)
(0.0213675 -0.139208 0)
(0.0509063 -0.137305 0)
(0.0791081 -0.131155 0)
(0.101245 -0.120122 0)
(0.119984 -0.105417 0)
(0.135944 -0.0885471 0)
(0.149283 -0.0697775 0)
(0.15994 -0.0494392 0)
(0.167972 -0.0275674 0)
(0.173375 -0.00443881 0)
(0.176422 0.0198534 0)
(0.177528 0.0455745 0)
(0.175876 0.0735187 0)
(0.170672 0.102758 0)
(0.162024 0.131566 0)
(0.150046 0.157936 0)
(0.134058 0.17906 0)
(0.115394 0.190657 0)
(0.0958896 0.193613 0)
(0.0762041 0.188534 0)
(0.0575595 0.17811 0)
(0.0407709 0.166924 0)
(0.026222 0.161631 0)
(0.0137556 0.161042 0)
(0.00666594 0.147206 0)
(0.00887799 -0.196514 0)
(0.0343229 -0.184514 0)
(0.0513342 -0.165284 0)
(0.0651494 -0.145936 0)
(0.0771097 -0.125284 0)
(0.0871067 -0.102512 0)
(0.0948322 -0.0776364 0)
(0.100065 -0.0511276 0)
(0.102857 -0.0234092 0)
(0.10346 0.00534813 0)
(0.101941 0.0352245 0)
(0.0983974 0.0661279 0)
(0.0932352 0.0977735 0)
(0.086657 0.130483 0)
(0.0786643 0.163466 0)
(0.0693383 0.194932 0)
(0.0587024 0.221807 0)
(0.0478967 0.234289 0)
(0.037467 0.238453 0)
(0.0276598 0.23206 0)
(0.0192374 0.21795 0)
(0.0123231 0.202308 0)
(0.00699769 0.192359 0)
(0.00309181 0.1848 0)
(0.00116186 0.168241 0)
(-0.000172101 -0.232597 0)
(0.0150622 -0.216216 0)
(0.0203833 -0.190758 0)
(0.0249985 -0.169216 0)
(0.0292554 -0.145648 0)
(0.0319454 -0.118915 0)
(0.0327239 -0.0893729 0)
(0.0316486 -0.0575645 0)
(0.0287548 -0.0253301 0)
(0.0243722 0.00728897 0)
(0.0188029 0.0405703 0)
(0.0122383 0.0746771 0)
(0.00489234 0.109469 0)
(-0.00285797 0.144833 0)
(-0.0104792 0.179645 0)
(-0.0170859 0.211452 0)
(-0.0214209 0.235408 0)
(-0.0232995 0.24603 0)
(-0.023477 0.247004 0)
(-0.0217734 0.236816 0)
(-0.0187634 0.21977 0)
(-0.0152064 0.202107 0)
(-0.0111594 0.189847 0)
(-0.00583387 0.180761 0)
(-0.00327532 0.165657 0)
(-0.00589989 -0.239478 0)
(-0.000618359 -0.218878 0)
(-0.00645562 -0.189873 0)
(-0.0112192 -0.168933 0)
(-0.0158179 -0.142571 0)
(-0.0220624 -0.111981 0)
(-0.0297685 -0.0790275 0)
(-0.0383598 -0.0444568 0)
(-0.047544 -0.00957671 0)
(-0.0570651 0.025013 0)
(-0.0665819 0.0596469 0)
(-0.0757011 0.0944591 0)
(-0.0839241 0.129142 0)
(-0.0905273 0.162976 0)
(-0.0944426 0.193931 0)
(-0.0945204 0.21861 0)
(-0.0902842 0.233301 0)
(-0.0826534 0.237936 0)
(-0.0725099 0.233667 0)
(-0.0605037 0.219918 0)
(-0.0481555 0.201755 0)
(-0.0364848 0.184647 0)
(-0.0253109 0.171845 0)
(-0.0130442 0.161954 0)
(-0.00738726 0.150798 0)
(-0.0137507 -0.224966 0)
(-0.0137603 -0.199922 0)
(-0.029572 -0.170048 0)
(-0.0432079 -0.150245 0)
(-0.0569459 -0.120355 0)
(-0.0722664 -0.0866477 0)
(-0.0881129 -0.0520157 0)
(-0.103678 -0.0170174 0)
(-0.118349 0.0174876 0)
(-0.131611 0.0509862 0)
(-0.142899 0.0835936 0)
(-0.151555 0.114985 0)
(-0.156848 0.144339 0)
(-0.157981 0.170118 0)
(-0.15432 0.190273 0)
(-0.145778 0.203514 0)
(-0.133047 0.209797 0)
(-0.117097 0.207707 0)
(-0.0989697 0.198355 0)
(-0.0801621 0.183272 0)
(-0.0623332 0.167014 0)
(-0.0461036 0.152585 0)
(-0.0310687 0.141005 0)
(-0.0158288 0.132191 0)
(-0.0089857 0.126206 0)
(-0.0197045 -0.194499 0)
(-0.0233813 -0.16024 0)
(-0.0481097 -0.131478 0)
(-0.0691132 -0.110612 0)
(-0.0907966 -0.0769233 0)
(-0.113206 -0.0425488 0)
(-0.134619 -0.00896643 0)
(-0.154228 0.023181 0)
(-0.171017 0.053061 0)
(-0.184101 0.0802221 0)
(-0.192965 0.104464 0)
(-0.197147 0.125806 0)
(-0.196201 0.143704 0)
(-0.190038 0.157588 0)
(-0.179067 0.166947 0)
(-0.163799 0.171111 0)
(-0.145065 0.169522 0)
(-0.124004 0.162254 0)
(-0.102127 0.151114 0)
(-0.0809758 0.138153 0)
(-0.0616403 0.125953 0)
(-0.0443269 0.115543 0)
(-0.0287791 0.107236 0)
(-0.0142584 0.10249 0)
(-0.00787473 0.102693 0)
(-0.0234943 -0.149693 0)
(-0.0307943 -0.106387 0)
(-0.0614407 -0.0787693 0)
(-0.0869493 -0.0555024 0)
(-0.113023 -0.0207761 0)
(-0.137829 0.0109273 0)
(-0.159992 0.0398041 0)
(-0.178654 0.0644773 0)
(-0.192996 0.0840986 0)
(-0.202562 0.0994086 0)
(-0.206928 0.112339 0)
(-0.205983 0.122259 0)
(-0.199853 0.128502 0)
(-0.18899 0.131933 0)
(-0.17361 0.131693 0)
(-0.154895 0.127951 0)
(-0.133836 0.121048 0)
(-0.111861 0.112006 0)
(-0.0903189 0.102307 0)
(-0.0702376 0.0932478 0)
(-0.0521567 0.0857533 0)
(-0.0361819 0.0800109 0)
(-0.0223431 0.0765258 0)
(-0.0104333 0.0775682 0)
(-0.00551243 0.0835063 0)
(-0.0256923 -0.0936126 0)
(-0.0350271 -0.0448067 0)
(-0.0678406 -0.0185211 0)
(-0.094153 0.00543887 0)
(-0.120137 0.0361648 0)
(-0.143295 0.0614011 0)
(-0.162938 0.0816271 0)
(-0.178291 0.0961635 0)
(-0.189219 0.106065 0)
(-0.194713 0.111846 0)
(-0.195605 0.113184 0)
(-0.191277 0.110504 0)
(-0.1819 0.105804 0)
(-0.168357 0.098972 0)
(-0.151777 0.0911686 0)
(-0.132899 0.0824278 0)
(-0.113017 0.0735348 0)
(-0.0931925 0.065298 0)
(-0.0742664 0.0584361 0)
(-0.0567763 0.0534119 0)
(-0.041021 0.050418 0)
(-0.0272051 0.0495162 0)
(-0.0155956 0.0514566 0)
(-0.00641123 0.0592778 0)
(-0.00302809 0.0717102 0)
(-0.0251781 -0.0343331 0)
(-0.0344501 0.0170237 0)
(-0.0658701 0.0408072 0)
(-0.0900938 0.0620519 0)
(-0.113261 0.0870309 0)
(-0.133342 0.105254 0)
(-0.150042 0.117006 0)
(-0.16275 0.121786 0)
(-0.170919 0.120475 0)
(-0.17429 0.11403 0)
(-0.172395 0.103706 0)
(-0.165791 0.0911327 0)
(-0.155696 0.0779593 0)
(-0.142645 0.0650742 0)
(-0.127606 0.0527177 0)
(-0.111376 0.0417621 0)
(-0.0947685 0.0327259 0)
(-0.078365 0.0258975 0)
(-0.0625893 0.021462 0)
(-0.0477287 0.0195303 0)
(-0.0340346 0.0201984 0)
(-0.0218587 0.0237257 0)
(-0.0116761 0.0310071 0)
(-0.00388673 0.0461921 0)
(-0.00128773 0.0657057 0)
(-0.0228187 0.0205197 0)
(-0.0304843 0.0728519 0)
(-0.0586486 0.0943251 0)
(-0.0799135 0.111849 0)
(-0.0998325 0.131283 0)
(-0.116936 0.142972 0)
(-0.130957 0.146914 0)
(-0.141359 0.142943 0)
(-0.147545 0.131706 0)
(-0.149154 0.114254 0)
(-0.146548 0.0938282 0)
(-0.140571 0.07341 0)
(-0.132025 0.0539796 0)
(-0.121582 0.0364777 0)
(-0.10994 0.0215389 0)
(-0.097611 0.00939606 0)
(-0.0849367 0.000137667 0)
(-0.0721283 -0.00621733 0)
(-0.0593412 -0.00965579 0)
(-0.0467156 -0.0101011 0)
(-0.0344538 -0.00722077 0)
(-0.0228891 -0.000295196 0)
(-0.0124603 0.0117012 0)
(-0.00367557 0.0330061 0)
(-0.0006835 0.0621141 0)
(-0.0199575 0.0675856 0)
(-0.0255387 0.121321 0)
(-0.0500939 0.141444 0)
(-0.0682148 0.154434 0)
(-0.0848192 0.16878 0)
(-0.0990535 0.174554 0)
(-0.110604 0.171455 0)
(-0.118914 0.159285 0)
(-0.123459 0.138515 0)
(-0.124388 0.112501 0)
(-0.122493 0.0852605 0)
(-0.118464 0.0594063 0)
(-0.112875 0.0361291 0)
(-0.106227 0.0161053 0)
(-0.098848 -0.000483004 0)
(-0.0909068 -0.0137633 0)
(-0.0824476 -0.0239058 0)
(-0.0734263 -0.0309879 0)
(-0.0637783 -0.0349692 0)
(-0.0534935 -0.0357126 0)
(-0.0426627 -0.032634 0)
(-0.0314066 -0.0247337 0)
(-0.0199635 -0.0107999 0)
(-0.00929429 0.0162416 0)
(-0.00470282 0.0597337 0)
(-0.016907 0.106716 0)
(-0.0203524 0.162617 0)
(-0.0403878 0.181684 0)
(-0.0547835 0.189689 0)
(-0.0681438 0.199624 0)
(-0.0795593 0.200402 0)
(-0.0887588 0.191302 0)
(-0.0952682 0.171872 0)
(-0.0988974 0.143866 0)
(-0.100236 0.112255 0)
(-0.099989 0.0809204 0)
(-0.0986441 0.0520733 0)
(-0.0965609 0.0267567 0)
(-0.0939161 0.0052794 0)
(-0.0907 -0.0125009 0)
(-0.0868252 -0.0269886 0)
(-0.0821994 -0.0385973 0)
(-0.0767169 -0.0475486 0)
(-0.0702554 -0.0537683 0)
(-0.0626973 -0.0568287 0)
(-0.0539071 -0.0558519 0)
(-0.0437052 -0.0499285 0)
(-0.0320913 -0.0369352 0)
(-0.0192791 -0.00537999 0)
(-0.0124319 0.0357552 0)
(-0.0126336 0.137448 0)
(-0.0143888 0.193907 0)
(-0.0286105 0.210828 0)
(-0.038916 0.217155 0)
(-0.0489163 0.223796 0)
(-0.0574781 0.220471 0)
(-0.0644868 0.206886 0)
(-0.0696125 0.182023 0)
(-0.07302 0.149716 0)
(-0.0754051 0.115183 0)
(-0.0772222 0.081883 0)
(-0.0786686 0.0518557 0)
(-0.0797438 0.0257669 0)
(-0.0803375 0.00326418 0)
(-0.0803048 -0.0160643 0)
(-0.0794939 -0.0324847 0)
(-0.0778025 -0.0461689 0)
(-0.0752344 -0.0573352 0)
(-0.07171 -0.0660419 0)
(-0.0670897 -0.0718904 0)
(-0.0610571 -0.074547 0)
(-0.0531537 -0.0727136 0)
(-0.0431994 -0.0641694 0)
(-0.0284298 -0.0344993 0)
(-0.0180426 -0.00570494 0)
(-0.00730437 0.156837 0)
(-0.0074851 0.212965 0)
(-0.015526 0.230045 0)
(-0.0214429 0.236072 0)
(-0.027369 0.240635 0)
(-0.0327116 0.235107 0)
(-0.037516 0.218626 0)
(-0.0417083 0.190753 0)
(-0.0454321 0.156865 0)
(-0.0490331 0.121792 0)
(-0.0526335 0.0883845 0)
(-0.0561572 0.0578858 0)
(-0.0593711 0.0306227 0)
(-0.0620613 0.00668512 0)
(-0.0640861 -0.0142659 0)
(-0.0653383 -0.0324843 0)
(-0.0657827 -0.048076 0)
(-0.0653795 -0.0611385 0)
(-0.0642485 -0.0718157 0)
(-0.0623412 -0.080467 0)
(-0.0595177 -0.0867157 0)
(-0.0552692 -0.0900239 0)
(-0.048699 -0.0867776 0)
(-0.0343606 -0.0730167 0)
(-0.0189717 -0.058164 0)
(-0.00166842 0.164571 0)
(-0.000160378 0.221457 0)
(-0.00173189 0.238376 0)
(-0.00270981 0.244564 0)
(-0.0042615 0.248718 0)
(-0.00605443 0.243177 0)
(-0.00848261 0.227249 0)
(-0.0117407 0.199824 0)
(-0.0156991 0.166338 0)
(-0.0201577 0.131499 0)
(-0.0248873 0.0980122 0)
(-0.0296493 0.0670724 0)
(-0.0342107 0.0389872 0)
(-0.0383411 0.0137878 0)
(-0.0418263 -0.00875888 0)
(-0.0445274 -0.0287509 0)
(-0.0464069 -0.046158 0)
(-0.0475329 -0.0608698 0)
(-0.0481058 -0.0729503 0)
(-0.0481925 -0.0827675 0)
(-0.0475365 -0.0907021 0)
(-0.0458395 -0.0974686 0)
(-0.0421207 -0.104455 0)
(-0.0315195 -0.113349 0)
(-0.0132485 -0.117168 0)
(0.00305085 0.160718 0)
(0.00658665 0.216273 0)
(0.012351 0.234631 0)
(0.0162755 0.24267 0)
(0.0192105 0.248188 0)
(0.0211449 0.244783 0)
(0.0214863 0.231628 0)
(0.0197646 0.207264 0)
(0.0161845 0.175984 0)
(0.0113826 0.142531 0)
(0.00590936 0.109696 0)
(0.000168898 0.078755 0)
(-0.00552837 0.0500978 0)
(-0.0109173 0.0237539 0)
(-0.015746 -0.000396486 0)
(-0.0198213 -0.0222001 0)
(-0.023063 -0.0413119 0)
(-0.0255089 -0.0574888 0)
(-0.0273695 -0.0702806 0)
(-0.0285476 -0.0816234 0)
(-0.0285477 -0.0920671 0)
(-0.0270783 -0.102461 0)
(-0.0247599 -0.114746 0)
(-0.0198081 -0.140589 0)
(-0.00501916 -0.160284 0)
(0.00710847 0.146708 0)
(0.0125916 0.195914 0)
(0.0252628 0.218555 0)
(0.0340374 0.23025 0)
(0.0413172 0.237934 0)
(0.0471167 0.238445 0)
(0.0506457 0.230552 0)
(0.0513009 0.21211 0)
(0.048841 0.185372 0)
(0.0441116 0.154584 0)
(0.0380755 0.123148 0)
(0.0314249 0.0926803 0)
(0.0245943 0.0638274 0)
(0.0178971 0.0366942 0)
(0.0115866 0.0112238 0)
(0.00589196 -0.0123225 0)
(0.000998839 -0.0333227 0)
(-0.0029867 -0.0512607 0)
(-0.0059829 -0.0658116 0)
(-0.00789525 -0.0796527 0)
(-0.00858336 -0.0937519 0)
(-0.00776804 -0.107248 0)
(-0.0065539 -0.119567 0)
(-0.00726825 -0.149216 0)
(-8.31946e-05 -0.180168 0)
(0.00963004 0.124565 0)
(0.0167946 0.163596 0)
(0.0345687 0.190954 0)
(0.0479801 0.207515 0)
(0.0593364 0.218945 0)
(0.0687242 0.224218 0)
(0.0756805 0.222159 0)
(0.0793967 0.211754 0)
(0.0792736 0.192451 0)
(0.0756652 0.166877 0)
(0.0695997 0.138109 0)
(0.0621392 0.108889 0)
(0.0541045 0.0803298 0)
(0.0460024 0.0528264 0)
(0.0381446 0.0264666 0)
(0.0307655 0.00147899 0)
(0.0241129 -0.021491 0)
(0.0184425 -0.041836 0)
(0.0140486 -0.0594649 0)
(0.0109186 -0.0755906 0)
(0.00873335 -0.0918611 0)
(0.0075304 -0.108108 0)
(0.00676945 -0.11882 0)
(0.0020734 -0.14387 0)
(0.00312413 -0.182738 0)
(0.0104652 0.0986399 0)
(0.0185625 0.125345 0)
(0.0389556 0.153823 0)
(0.056303 0.175911 0)
(0.071188 0.191823 0)
(0.0838249 0.202383 0)
(0.0938359 0.206673 0)
(0.100786 0.204337 0)
(0.103846 0.194051 0)
(0.102752 0.176245 0)
(0.097901 0.153534 0)
(0.0901924 0.12722 0)
(0.0809879 0.0997176 0)
(0.0713938 0.0721922 0)
(0.0619529 0.0451758 0)
(0.0529529 0.0190045 0)
(0.0446321 -0.00579364 0)
(0.0372622 -0.0286436 0)
(0.0311078 -0.049224 0)
(0.0262022 -0.0678163 0)
(0.022162 -0.0855633 0)
(0.01849 -0.102785 0)
(0.0151507 -0.112761 0)
(0.0081178 -0.129468 0)
(0.00626131 -0.174511 0)
(0.01005 0.0714027 0)
(0.0179559 0.0853801 0)
(0.038402 0.110485 0)
(0.0581732 0.136872 0)
(0.0758765 0.15796 0)
(0.0911331 0.173946 0)
(0.103731 0.184683 0)
(0.113252 0.189403 0)
(0.119447 0.188644 0)
(0.121481 0.180197 0)
(0.119127 0.166017 0)
(0.112823 0.14685 0)
(0.103534 0.122095 0)
(0.0927468 0.094997 0)
(0.0817375 0.0673396 0)
(0.0711112 0.0399756 0)
(0.0611732 0.0134709 0)
(0.0521506 -0.0116113 0)
(0.0442131 -0.0347904 0)
(0.0374105 -0.0557933 0)
(0.031411 -0.0746234 0)
(0.0255157 -0.0914676 0)
(0.0197825 -0.101497 0)
(0.0110978 -0.112088 0)
(0.00874054 -0.157703 0)
(0.00833267 0.0470457 0)
(0.0150888 0.048913 0)
(0.033653 0.0666465 0)
(0.0537305 0.09336 0)
(0.0731862 0.119048 0)
(0.0904532 0.140598 0)
(0.104995 0.15764 0)
(0.116403 0.169568 0)
(0.12443 0.175645 0)
(0.128785 0.177584 0)
(0.129196 0.173314 0)
(0.125764 0.162088 0)
(0.118675 0.145039 0)
(0.108648 0.12092 0)
(0.0969572 0.0933183 0)
(0.084921 0.0647243 0)
(0.0733741 0.0363991 0)
(0.0627303 0.00914271 0)
(0.05315 -0.0163148 0)
(0.0446355 -0.0394756 0)
(0.0368654 -0.0593269 0)
(0.0292819 -0.0759438 0)
(0.021846 -0.085598 0)
(0.0118452 -0.0937445 0)
(0.0100561 -0.137267 0)
(0.0054752 0.0283104 0)
(0.0105081 0.0172652 0)
(0.0261636 0.0263599 0)
(0.0444901 0.0490309 0)
(0.0640957 0.0767511 0)
(0.0826094 0.103563 0)
(0.0985529 0.127187 0)
(0.111283 0.146559 0)
(0.120336 0.160866 0)
(0.126045 0.170446 0)
(0.127989 0.173447 0)
(0.127181 0.17052 0)
(0.123113 0.160146 0)
(0.115601 0.143669 0)
(0.105253 0.120402 0)
(0.0931816 0.0924987 0)
(0.0807259 0.0628141 0)
(0.0688256 0.0333503 0)
(0.0579279 0.00549879 0)
(0.048147 -0.0197017 0)
(0.0392182 -0.0406038 0)
(0.030657 -0.0575936 0)
(0.0223476 -0.0670657 0)
(0.0116339 -0.0745101 0)
(0.0102125 -0.116584 0)
(0.00398636 0.0202314 0)
(0.0076555 -0.00737182 0)
(0.0198261 -0.0063709 0)
(0.0347259 0.00870582 0)
(0.0521519 0.0343349 0)
(0.0701046 0.0643198 0)
(0.0864592 0.0941776 0)
(0.0999085 0.121172 0)
(0.109808 0.143504 0)
(0.116039 0.159974 0)
(0.119308 0.170437 0)
(0.119317 0.173548 0)
(0.117016 0.17091 0)
(0.111932 0.160657 0)
(0.10402 0.143462 0)
(0.0938197 0.119534 0)
(0.0821404 0.0906776 0)
(0.0701485 0.0598381 0)
(0.0587143 0.0296767 0)
(0.0483073 0.00198387 0)
(0.0390119 -0.0205669 0)
(0.0303063 -0.0381378 0)
(0.0218302 -0.0475586 0)
(0.0111135 -0.0549579 0)
(0.00967568 -0.0965847 0)
(0.00494319 0.00971492 0)
(0.00795391 -0.026239 0)
(0.0168984 -0.031054 0)
(0.0277674 -0.0230074 0)
(0.0410026 -0.00239234 0)
(0.0558846 0.0272915 0)
(0.0706387 0.0611524 0)
(0.0835027 0.0948917 0)
(0.0933733 0.125102 0)
(0.0996828 0.149993 0)
(0.102792 0.165675 0)
(0.103394 0.174803 0)
(0.10177 0.176716 0)
(0.0984393 0.172572 0)
(0.0929692 0.160561 0)
(0.0855814 0.14131 0)
(0.0764384 0.11563 0)
(0.0661241 0.0855009 0)
(0.0555691 0.0541041 0)
(0.0455289 0.0241533 0)
(0.0366524 -0.00103274 0)
(0.028573 -0.0190198 0)
(0.0204449 -0.0283555 0)
(0.0101997 -0.0360399 0)
(0.00870977 -0.0778052 0)
(0.00552914 -0.00423792 0)
(0.00834345 -0.0398984 0)
(0.0149442 -0.0493314 0)
(0.0226557 -0.0443863 0)
(0.031578 -0.0286265 0)
(0.0419939 -0.00198243 0)
(0.0532071 0.0327082 0)
(0.063789 0.0708247 0)
(0.072393 0.107539 0)
(0.07817 0.139985 0)
(0.0810022 0.162435 0)
(0.0816694 0.175779 0)
(0.080678 0.182004 0)
(0.078506 0.180583 0)
(0.075063 0.171958 0)
(0.070287 0.156229 0)
(0.0642665 0.13409 0)
(0.0569483 0.106402 0)
(0.0487561 0.075505 0)
(0.0403585 0.0444481 0)
(0.0327056 0.0163734 0)
(0.0259536 -0.00218299 0)
(0.018347 -0.00993099 0)
(0.00854189 -0.0188614 0)
(0.00729114 -0.0613691 0)
(0.00518245 -0.018581 0)
(0.00803473 -0.0497485 0)
(0.0125536 -0.0633286 0)
(0.0178604 -0.0590273 0)
(0.0233539 -0.0451266 0)
(0.0294086 -0.0210057 0)
(0.0362034 0.0125804 0)
(0.0431579 0.052392 0)
(0.0492056 0.0932856 0)
(0.0534694 0.131356 0)
(0.0556759 0.158778 0)
(0.0563827 0.175751 0)
(0.0561398 0.18402 0)
(0.0550607 0.185069 0)
(0.0533335 0.179089 0)
(0.0508667 0.165329 0)
(0.047674 0.145296 0)
(0.0436025 0.120186 0)
(0.0385537 0.0910642 0)
(0.0327346 0.0604268 0)
(0.0268756 0.0307167 0)
(0.0217588 0.011404 0)
(0.0154255 0.00972501 0)
(0.00661681 -0.00380948 0)
(0.00562846 -0.0483023 0)
(0.00491518 -0.0329777 0)
(0.0081705 -0.0555335 0)
(0.010401 -0.0725022 0)
(0.0131607 -0.0679316 0)
(0.0157253 -0.053823 0)
(0.0182085 -0.0303669 0)
(0.0208675 0.0019939 0)
(0.0236794 0.0418155 0)
(0.0262316 0.0846493 0)
(0.0281399 0.125916 0)
(0.0293549 0.156389 0)
(0.0301218 0.174846 0)
(0.0305488 0.18491 0)
(0.0306144 0.186954 0)
(0.0304784 0.181532 0)
(0.0300905 0.168944 0)
(0.0292547 0.150322 0)
(0.0278492 0.126732 0)
(0.0256862 0.0998639 0)
(0.0226296 0.0708951 0)
(0.0188464 0.0414373 0)
(0.015203 0.0210792 0)
(0.0111985 0.024868 0)
(0.00504032 0.00913949 0)
(0.00408578 -0.0384985 0)
(0.00437272 -0.048939 0)
(0.00903028 -0.0585658 0)
(0.00834757 -0.0759216 0)
(0.00787514 -0.0706684 0)
(0.00787221 -0.0560844 0)
(0.00750906 -0.0321193 0)
(0.00682478 0.000551166 0)
(0.00600871 0.0406026 0)
(0.00520797 0.0836576 0)
(0.00474823 0.124864 0)
(0.00503134 0.154726 0)
(0.00585996 0.173263 0)
(0.00689663 0.183291 0)
(0.00807967 0.185531 0)
(0.00938284 0.180265 0)
(0.0107109 0.168179 0)
(0.0118062 0.150439 0)
(0.0124632 0.128145 0)
(0.0125326 0.102729 0)
(0.0119073 0.0756832 0)
(0.0104472 0.0479293 0)
(0.00843778 0.0273133 0)
(0.00633701 0.0313249 0)
(0.00319587 0.0173243 0)
(0.00252388 -0.0317145 0)
(0.00282522 -0.0665842 0)
(0.00884099 -0.0601524 0)
(0.00514663 -0.0693179 0)
(0.00172641 -0.06826 0)
(-0.000254541 -0.0529491 0)
(-0.00292673 -0.0278885 0)
(-0.00618943 0.00547741 0)
(-0.00969591 0.0456075 0)
(-0.0129011 0.0879222 0)
(-0.0148743 0.126686 0)
(-0.0151018 0.153863 0)
(-0.0141879 0.171043 0)
(-0.0126171 0.180215 0)
(-0.0105188 0.181718 0)
(-0.00802205 0.175829 0)
(-0.0053484 0.163745 0)
(-0.00274861 0.146562 0)
(-0.000462289 0.125313 0)
(0.00136047 0.101178 0)
(0.00268331 0.0754865 0)
(0.00334414 0.0492898 0)
(0.00298837 0.0304994 0)
(0.00225092 0.0351658 0)
(0.00139322 0.0204698 0)
(0.00110811 -0.0278355 0)
(0.000505106 -0.0798995 0)
(0.00640736 -0.0584236 0)
(0.00098343 -0.0576087 0)
(-0.00383483 -0.0614726 0)
(-0.00754649 -0.0455007 0)
(-0.0121105 -0.0188475 0)
(-0.0174448 0.0156597 0)
(-0.0229232 0.0556232 0)
(-0.0275001 0.0957255 0)
(-0.0299603 0.129712 0)
(-0.0301988 0.153126 0)
(-0.0290785 0.168077 0)
(-0.027033 0.175338 0)
(-0.0242006 0.175577 0)
(-0.0208648 0.168964 0)
(-0.0172496 0.156615 0)
(-0.0136187 0.139726 0)
(-0.0101759 0.119206 0)
(-0.00702676 0.0959806 0)
(-0.00418077 0.071292 0)
(-0.00198701 0.0469338 0)
(-0.00114686 0.0307115 0)
(-0.000864708 0.0344356 0)
(0.000114919 0.0205058 0)
(0.000117582 -0.026466 0)
(-0.00230547 -0.087239 0)
(0.00255973 -0.053792 0)
(-0.00358186 -0.0463132 0)
(-0.00843175 -0.0513943 0)
(-0.0136064 -0.0344946 0)
(-0.0197818 -0.0058032 0)
(-0.0266658 0.0297521 0)
(-0.0331443 0.068338 0)
(-0.0378558 0.104136 0)
(-0.0399564 0.132446 0)
(-0.0399021 0.152026 0)
(-0.0385345 0.164235 0)
(-0.0362066 0.169515 0)
(-0.032969 0.168191 0)
(-0.0291538 0.160537 0)
(-0.0250159 0.147803 0)
(-0.0208031 0.131008 0)
(-0.0166542 0.110883 0)
(-0.0126197 0.0881508 0)
(-0.00875626 0.0641837 0)
(-0.00563155 0.0422026 0)
(-0.00410085 0.0292177 0)
(-0.00321812 0.0327911 0)
(-0.000882329 0.0174432 0)
(-0.000508847 -0.0262502 0)
(-0.00451643 -0.086994 0)
(-0.00159722 -0.0459222 0)
(-0.00765566 -0.0370156 0)
(-0.0124456 -0.0394479 0)
(-0.0186605 -0.0205419 0)
(-0.0260073 0.0103426 0)
(-0.033544 0.0457018 0)
(-0.039779 0.0808638 0)
(-0.043678 0.11105 0)
(-0.0451531 0.133833 0)
(-0.0448819 0.149905 0)
(-0.0433458 0.160183 0)
(-0.040802 0.163293 0)
(-0.0373511 0.160111 0)
(-0.0333619 0.151423 0)
(-0.0290467 0.138226 0)
(-0.0245993 0.121327 0)
(-0.0200853 0.10125 0)
(-0.015534 0.0786698 0)
(-0.0111571 0.0554992 0)
(-0.00762684 0.0361716 0)
(-0.00570964 0.0266299 0)
(-0.00446988 0.0283233 0)
(-0.00165279 0.0112146 0)
(-0.000877392 -0.0272721 0)
(-0.00561357 -0.0803313 0)
(-0.00450959 -0.0357638 0)
(-0.0106765 -0.0272748 0)
(-0.0157157 -0.0263523 0)
(-0.0226282 -0.00434594 0)
(-0.0304579 0.0276586 0)
(-0.0375167 0.060657 0)
(-0.0426073 0.0909983 0)
(-0.0454191 0.115986 0)
(-0.0464149 0.134867 0)
(-0.0460216 0.148473 0)
(-0.0443987 0.155271 0)
(-0.0416621 0.156317 0)
(-0.0382203 0.151833 0)
(-0.0342616 0.142204 0)
(-0.0300047 0.128503 0)
(-0.0255504 0.111294 0)
(-0.0209108 0.0909637 0)
(-0.0161555 0.0684118 0)
(-0.011677 0.0463934 0)
(-0.0080915 0.0297085 0)
(-0.00588507 0.0233878 0)
(-0.00427947 0.0248327 0)
(-0.00190784 0.00545542 0)
(-0.00120142 -0.0297841 0)
(-0.00624067 -0.0701216 0)
(-0.00598918 -0.0245418 0)
(-0.0125084 -0.0169064 0)
(-0.0179823 -0.0123221 0)
(-0.025234 0.012913 0)
(-0.0327012 0.0437592 0)
(-0.038557 0.0728472 0)
(-0.0424052 0.0984737 0)
(-0.0443927 0.11944 0)
(-0.0448794 0.136098 0)
(-0.0442039 0.146293 0)
(-0.0423275 0.150331 0)
(-0.0397229 0.149771 0)
(-0.0364272 0.143807 0)
(-0.032687 0.133335 0)
(-0.0286594 0.119064 0)
(-0.0243735 0.101342 0)
(-0.0198237 0.0805671 0)
(-0.0151666 0.0581308 0)
(-0.0108996 0.0375354 0)
(-0.00748138 0.0230714 0)
(-0.00509565 0.0191596 0)
(-0.00317412 0.019839 0)
(-0.00161315 0.00244902 0)
(-0.00127718 -0.0328939 0)
(-0.00641254 -0.058662 0)
(-0.0064664 -0.0126371 0)
(-0.013322 -0.00503934 0)
(-0.0191361 0.00244525 0)
(-0.0261793 0.0294065 0)
(-0.0325705 0.0572045 0)
(-0.0371123 0.0822308 0)
(-0.0399874 0.103977 0)
(-0.0413477 0.121623 0)
(-0.0414855 0.134867 0)
(-0.0403109 0.142443 0)
(-0.0384896 0.145751 0)
(-0.0359963 0.143409 0)
(-0.0329448 0.136335 0)
(-0.0295348 0.125127 0)
(-0.0258509 0.110237 0)
(-0.0218814 0.0918757 0)
(-0.0176393 0.0706253 0)
(-0.0133621 0.0485027 0)
(-0.00954023 0.029406 0)
(-0.0064787 0.0167296 0)
(-0.00418618 0.0145734 0)
(-0.00215399 0.0164408 0)
(-0.00116493 0.00166147 0)
(-0.00111868 -0.0360533 0)
(-0.00623354 -0.0468811 0)
(-0.00651839 -0.0005299 0)
(-0.0134341 0.00730096 0)
(-0.0191677 0.0170181 0)
(-0.0254532 0.0435469 0)
(-0.0304987 0.0677646 0)
(-0.0339256 0.0893375 0)
(-0.036022 0.107983 0)
(-0.0369074 0.122879 0)
(-0.0367078 0.133113 0)
(-0.0355738 0.139521 0)
(-0.0338119 0.141157 0)
(-0.031437 0.13753 0)
(-0.0286679 0.129592 0)
(-0.0256197 0.117753 0)
(-0.0223399 0.102266 0)
(-0.0188092 0.0832869 0)
(-0.0150805 0.0617071 0)
(-0.0114285 0.0400966 0)
(-0.00825874 0.0224151 0)
(-0.00574036 0.0112389 0)
(-0.00383018 0.0103305 0)
(-0.00213665 0.0119226 0)
(-0.00104401 0.0020832 0)
(-0.000814678 -0.0385607 0)
(-0.00579915 -0.0356302 0)
(-0.00637409 0.0115314 0)
(-0.0132359 0.0193172 0)
(-0.0184098 0.0301803 0)
(-0.0236228 0.0547915 0)
(-0.0274419 0.0758182 0)
(-0.0299998 0.0946225 0)
(-0.0314819 0.110745 0)
(-0.0319601 0.123378 0)
(-0.0315839 0.131962 0)
(-0.0304882 0.136298 0)
(-0.0287672 0.136594 0)
(-0.0265826 0.132142 0)
(-0.024092 0.123569 0)
(-0.0214041 0.111256 0)
(-0.0185497 0.0953044 0)
(-0.0155305 0.075897 0)
(-0.0124361 0.0542609 0)
(-0.00952384 0.0333415 0)
(-0.00709451 0.0169397 0)
(-0.00517935 0.00691532 0)
(-0.00372673 0.00714392 0)
(-0.00244598 0.00957228 0)
(-0.00118196 -0.000434935 0)
(-0.000570566 -0.0403751 0)
(-0.00530861 -0.0250729 0)
(-0.00592804 0.0246564 0)
(-0.0122562 0.0304025 0)
(-0.0167399 0.0413109 0)
(-0.0209675 0.0634926 0)
(-0.0238876 0.0819229 0)
(-0.0258157 0.0984843 0)
(-0.0268393 0.112507 0)
(-0.0270179 0.123243 0)
(-0.0264636 0.130322 0)
(-0.025349 0.133468 0)
(-0.0237365 0.132616 0)
(-0.0217538 0.127292 0)
(-0.0195355 0.118258 0)
(-0.0171879 0.105623 0)
(-0.0147454 0.0893945 0)
(-0.0122448 0.0698242 0)
(-0.00979624 0.0483947 0)
(-0.00759609 0.0282414 0)
(-0.00580909 0.0129678 0)
(-0.00440836 0.00365532 0)
(-0.00335137 0.00466056 0)
(-0.00237445 0.00595874 0)
(-0.00129641 -0.00236943 0)
(-0.000429345 -0.0422302 0)
(-0.0047617 -0.0152685 0)
(-0.00518462 0.0346818 0)
(-0.010447 0.0402559 0)
(-0.0143472 0.0506296 0)
(-0.0178054 0.0704278 0)
(-0.0201238 0.0866984 0)
(-0.021614 0.101348 0)
(-0.0223188 0.113575 0)
(-0.0223015 0.122696 0)
(-0.0216609 0.128396 0)
(-0.0205462 0.1305 0)
(-0.019026 0.128835 0)
(-0.0172282 0.122946 0)
(-0.0152681 0.1136 0)
(-0.0132327 0.100788 0)
(-0.011172 0.0844794 0)
(-0.00915511 0.0650101 0)
(-0.00730095 0.0439936 0)
(-0.00572661 0.0245564 0)
(-0.0044576 0.0100225 0)
(-0.00347428 0.00140174 0)
(-0.00275118 0.00301249 0)
(-0.00205039 0.00484415 0)
(-0.00126862 -0.00469507 0)
(-0.000298213 -0.0442682 0)
(-0.00405583 -0.00657312 0)
(-0.00440294 0.0425767 0)
(-0.00876181 0.0487134 0)
(-0.0120035 0.0583556 0)
(-0.0147839 0.076052 0)
(-0.0166134 0.0904957 0)
(-0.0177437 0.103501 0)
(-0.0181983 0.114173 0)
(-0.0180368 0.121941 0)
(-0.0173507 0.126558 0)
(-0.0162627 0.127779 0)
(-0.0148467 0.125393 0)
(-0.0132251 0.11909 0)
(-0.011498 0.109548 0)
(-0.00974478 0.0966851 0)
(-0.00802955 0.0804723 0)
(-0.00644245 0.061325 0)
(-0.0050959 0.040884 0)
(-0.00404054 0.0220638 0)
(-0.00321985 0.00803547 0)
(-0.00263506 -6.32919e-05 0)
(-0.00229077 0.00167151 0)
(-0.00179777 0.00301 0)
(-0.00115609 -0.00573651 0)
(-0.000174011 -0.045852 0)
(-0.00337179 0.0007501 0)
(-0.00367876 0.049599 0)
(-0.00728313 0.0557017 0)
(-0.00990875 0.0645919 0)
(-0.0121164 0.0805165 0)
(-0.0135319 0.0934194 0)
(-0.0143549 0.105028 0)
(-0.0146027 0.114374 0)
(-0.0143307 0.120978 0)
(-0.0136261 0.124589 0)
(-0.0125751 0.125091 0)
(-0.0112715 0.122246 0)
(-0.00981392 0.115663 0)
(-0.00829708 0.106032 0)
(-0.00679737 0.0932347 0)
(-0.00538679 0.0772625 0)
(-0.00415963 0.0585892 0)
(-0.00321048 0.0387787 0)
(-0.00256106 0.0205306 0)
(-0.00213568 0.0068653 0)
(-0.00190571 -0.000713201 0)
(-0.00190959 0.00157254 0)
(-0.00162988 0.00173483 0)
(-0.00114295 -0.00752344 0)
(6.34293e-05 -0.047239 0)
(-0.00276832 0.0067996 0)
(-0.00304445 0.0549507 0)
(-0.00599072 0.0613759 0)
(-0.00810685 0.0695718 0)
(-0.00984337 0.084004 0)
(-0.0109102 0.0956144 0)
(-0.0114719 0.106031 0)
(-0.011546 0.114265 0)
(-0.0111869 0.119923 0)
(-0.0104794 0.122789 0)
(-0.00948943 0.122688 0)
(-0.00829586 0.11941 0)
(-0.00698916 0.112636 0)
(-0.00566238 0.103 0)
(-0.00439088 0.0903616 0)
(-0.00324584 0.0747233 0)
(-0.00230999 0.0565899 0)
(-0.00166349 0.03744 0)
(-0.00133306 0.019793 0)
(-0.00123634 0.00650787 0)
(-0.00129299 -0.000549041 0)
(-0.00140641 0.00201174 0)
(-0.00121701 1.26742e-05 0)
(-0.00113193 -0.00838839 0)
(0.000231559 -0.0490783 0)
(-0.00224836 0.0118071 0)
(-0.00250223 0.0597466 0)
(-0.00490307 0.0660319 0)
(-0.00660139 0.0735574 0)
(-0.00794963 0.0866863 0)
(-0.00872384 0.0971872 0)
(-0.00907312 0.106586 0)
(-0.00900719 0.113894 0)
(-0.00857885 0.118769 0)
(-0.00786811 0.121017 0)
(-0.0069303 0.120434 0)
(-0.00583672 0.116845 0)
(-0.0046726 0.109973 0)
(-0.00352603 0.100413 0)
(-0.00246648 0.088011 0)
(-0.00156758 0.0727585 0)
(-0.000889011 0.0551828 0)
(-0.000500721 0.0367208 0)
(-0.000455159 0.0197286 0)
(-0.0006515 0.00693025 0)
(-0.000940788 -0.000100583 0)
(-0.0010663 0.00167021 0)
(-0.000874248 0.000845052 0)
(-0.00098685 -0.00877044 0)
(0.000285953 -0.0503518 0)
(-0.00180995 0.0158906 0)
(-0.0020397 0.0632862 0)
(-0.00396618 0.0697925 0)
(-0.00532993 0.0767058 0)
(-0.00636807 0.0886878 0)
(-0.00689826 0.0982758 0)
(-0.00705393 0.106821 0)
(-0.00687356 0.113313 0)
(-0.00640266 0.117542 0)
(-0.00569354 0.119283 0)
(-0.00480932 0.118331 0)
(-0.00381853 0.114532 0)
(-0.00278689 0.107655 0)
(-0.00180184 0.0982513 0)
(-0.000937429 0.0861494 0)
(-0.000228988 0.0713744 0)
(0.000254862 0.0543053 0)
(0.000425252 0.0365618 0)
(0.000232779 0.0202784 0)
(-0.000223369 0.00790432 0)
(-0.000664741 0.000534786 0)
(-0.00081492 0.00155268 0)
(-0.000663797 -0.00068893 0)
(-0.000909616 -0.00922746 0)
(0.000433046 -0.0512276 0)
(-0.00143186 0.0192269 0)
(-0.00164709 0.0664257 0)
(-0.00318195 0.0728615 0)
(-0.0042523 0.0792226 0)
(-0.00501437 0.0901895 0)
(-0.00534337 0.0987905 0)
(-0.00536005 0.106569 0)
(-0.00509382 0.112639 0)
(-0.00459048 0.116305 0)
(-0.00389569 0.117645 0)
(-0.00304817 0.116457 0)
(-0.00210707 0.112532 0)
(-0.0011783 0.105633 0)
(-0.000345474 0.0964522 0)
(0.000341524 0.0846683 0)
(0.000875097 0.0700623 0)
(0.00118748 0.0538243 0)
(0.0011814 0.0368257 0)
(0.000833351 0.0212905 0)
(0.000195367 0.00907923 0)
(-0.00032959 0.00136246 0)
(-0.000478087 0.00180688 0)
(-0.000393017 8.35305e-05 0)
(-0.000910193 -0.00964729 0)
(0.000586151 -0.0524118 0)
(-0.00109828 0.0218882 0)
(-0.00128084 0.0686501 0)
(-0.00243811 0.0752929 0)
(-0.00322913 0.0809591 0)
(-0.00372713 0.0910147 0)
(-0.00392384 0.0990216 0)
(-0.00393483 0.106269 0)
(-0.00364739 0.111594 0)
(-0.00308489 0.115008 0)
(-0.00240287 0.116014 0)
(-0.00158491 0.114364 0)
(-0.000709181 0.110351 0)
(0.000119843 0.10391 0)
(0.000856283 0.0950275 0)
(0.00145212 0.0836184 0)
(0.00181782 0.0694909 0)
(0.00190138 0.0537422 0)
(0.00176945 0.0373965 0)
(0.00130884 0.0225625 0)
(0.000577952 0.0105653 0)
(-3.87912e-05 0.00203607 0)
(-0.00022122 0.00166515 0)
(-0.000157848 -0.00018669 0)
(-0.000846335 -0.00922376 0)
(0.00069526 -0.0533717 0)
(-0.000805971 0.0238903 0)
(-0.000953146 0.0704381 0)
(-0.00178298 0.0769666 0)
(-0.00237343 0.0821647 0)
(-0.00275667 0.0915894 0)
(-0.00282435 0.0998539 0)
(-0.0026574 0.106603 0)
(-0.00227659 0.110699 0)
(-0.00171174 0.113756 0)
(-0.000956007 0.114481 0)
(-0.00017374 0.112673 0)
(0.000515915 0.108801 0)
(0.00116076 0.102116 0)
(0.0017952 0.0934489 0)
(0.00227323 0.0824796 0)
(0.00256289 0.0697705 0)
(0.00257154 0.0539704 0)
(0.00232963 0.0382491 0)
(0.00178143 0.0240148 0)
(0.00103256 0.0124432 0)
(0.00035749 0.00312314 0)
(7.56288e-05 0.0018593 0)
(7.17106e-05 0.000657043 0)
(-0.000759092 -0.00889487 0)
(0.000831003 -0.0540901 0)
(-0.000606365 0.0253301 0)
(-0.000753859 0.07147 0)
(-0.00139585 0.0782294 0)
(-0.00184468 0.0837685 0)
(-0.00203277 0.092534 0)
(-0.00193033 0.0990642 0)
(-0.00153967 0.10527 0)
(-0.00102606 0.110245 0)
(-0.000450492 0.112076 0)
(0.000289174 0.112577 0)
(0.00103111 0.111835 0)
(0.00174448 0.108124 0)
(0.00235811 0.101111 0)
(0.00278383 0.092667 0)
(0.00306465 0.0819448 0)
(0.00324342 0.068902 0)
(0.00325981 0.0542841 0)
(0.0028976 0.039291 0)
(0.00228226 0.0255212 0)
(0.00157535 0.0140436 0)
(0.000901415 0.00434699 0)
(0.000486182 0.00226389 0)
(0.000339712 0.000753283 0)
(-0.000649092 -0.00816426 0)
(0.000985779 -0.0548656 0)
(-0.000422635 0.0268594 0)
(-0.000554852 0.0727841 0)
(-0.000955705 0.0798698 0)
(-0.00117819 0.0838085 0)
(-0.0011021 0.0918573 0)
(-0.000861551 0.0982241 0)
(-0.000584651 0.104069 0)
(-0.000106799 0.10846 0)
(0.000542139 0.110759 0)
(0.00110682 0.111249 0)
(0.00178558 0.109609 0)
(0.00260812 0.105899 0)
(0.00327457 0.10065 0)
(0.00373022 0.0926045 0)
(0.00405214 0.0822032 0)
(0.00416375 0.0687626 0)
(0.00398202 0.0549086 0)
(0.00354865 0.0405478 0)
(0.00287213 0.0270885 0)
(0.00220412 0.0155263 0)
(0.00153701 0.00578027 0)
(0.00097742 0.00308578 0)
(0.000667758 0.00229549 0)
(-0.000467449 -0.00747811 0)
(0.00114168 -0.0552757 0)
(-0.000236199 0.0274132 0)
(-0.000332187 0.0731864 0)
(-0.000489802 0.0798368 0)
(-0.000506324 0.0836498 0)
(-0.000428784 0.0913309 0)
(-0.000181034 0.0986948 0)
(0.000216181 0.104284 0)
(0.000751768 0.107121 0)
(0.001362 0.110178 0)
(0.0020492 0.110579 0)
(0.00273194 0.107909 0)
(0.00331272 0.104253 0)
(0.00385439 0.0987165 0)
(0.00441042 0.0909113 0)
(0.00480501 0.0810373 0)
(0.0049448 0.0697525 0)
(0.00474053 0.055716 0)
(0.0042654 0.0419593 0)
(0.00354601 0.0287311 0)
(0.00287504 0.0169214 0)
(0.00217093 0.00746609 0)
(0.00148078 0.00406602 0)
(0.00104918 0.00308776 0)
(-0.000158067 -0.00606452 0)
(0.00127714 -0.0552493 0)
(-0.00016099 0.0278665 0)
(-0.000234747 0.0737224 0)
(-0.000268048 0.0798297 0)
(-0.000271039 0.0841906 0)
(-9.69459e-05 0.0917943 0)
(0.000282297 0.097034 0)
(0.000883707 0.10229 0)
(0.00150157 0.106745 0)
(0.00215406 0.108036 0)
(0.00298384 0.108286 0)
(0.00372327 0.107584 0)
(0.00430888 0.104212 0)
(0.00482019 0.0975767 0)
(0.00516827 0.0899978 0)
(0.00536464 0.0804439 0)
(0.00544303 0.0690694 0)
(0.00532642 0.0564169 0)
(0.00484773 0.0433548 0)
(0.00414285 0.0304008 0)
(0.00346182 0.0183747 0)
(0.00273142 0.00926398 0)
(0.00196117 0.00553504 0)
(0.00142204 0.00476371 0)
(0.000164533 -0.0047606 0)
(0.00139953 -0.0547172 0)
(-9.29918e-05 0.0286842 0)
(-8.96021e-05 0.0732587 0)
(0.000114688 0.0806904 0)
(0.0002389 0.0835622 0)
(0.000578731 0.090254 0)
(0.00106742 0.0958615 0)
(0.00151009 0.100896 0)
(0.00211135 0.104533 0)
(0.00281993 0.106241 0)
(0.00341744 0.106498 0)
(0.00410288 0.105226 0)
(0.00485941 0.102037 0)
(0.00544558 0.0976519 0)
(0.00582427 0.0904935 0)
(0.00606207 0.0812367 0)
(0.00608971 0.0692442 0)
(0.0058399 0.0572475 0)
(0.00538236 0.044716 0)
(0.00469508 0.0320676 0)
(0.00398955 0.0198796 0)
(0.00321498 0.0111379 0)
(0.00237326 0.0071019 0)
(0.00176097 0.00602063 0)
(0.000457836 -0.00300965 0)
(0.00153229 -0.053588 0)
(1.34117e-05 0.0285262 0)
(2.3832e-05 0.0725285 0)
(0.000410309 0.0794987 0)
(0.000694941 0.0833025 0)
(0.00106961 0.0892966 0)
(0.00153028 0.0958821 0)
(0.00208297 0.100797 0)
(0.00271264 0.103176 0)
(0.00335538 0.105983 0)
(0.00399393 0.106188 0)
(0.00460716 0.103753 0)
(0.00514789 0.100562 0)
(0.00566587 0.0956882 0)
(0.00617746 0.0887666 0)
(0.00652997 0.0800208 0)
(0.00661505 0.0703171 0)
(0.00636558 0.0581066 0)
(0.00591309 0.0460468 0)
(0.00524365 0.0337539 0)
(0.0044982 0.0215363 0)
(0.00365508 0.0131497 0)
(0.00272913 0.00891208 0)
(0.00201979 0.00801933 0)
(0.000657316 -0.00129324 0)
(0.00164048 -0.0520421 0)
(2.85871e-05 0.0286618 0)
(7.38031e-05 0.0724131 0)
(0.000494625 0.0788672 0)
(0.000748633 0.0821724 0)
(0.00118238 0.0891686 0)
(0.00172533 0.0938477 0)
(0.00244999 0.0985591 0)
(0.00312845 0.102616 0)
(0.00383551 0.103672 0)
(0.00464319 0.104266 0)
(0.0053328 0.103482 0)
(0.00588154 0.100603 0)
(0.00633228 0.094729 0)
(0.00663909 0.0880758 0)
(0.00681029 0.0796471 0)
(0.00686416 0.0697808 0)
(0.00669756 0.0588701 0)
(0.00626082 0.0472894 0)
(0.00565081 0.0353848 0)
(0.0048896 0.023344 0)
(0.00398237 0.0152811 0)
(0.00297265 0.010943 0)
(0.00219055 0.00956225 0)
(0.000777921 0.000721464 0)
(0.00171752 -0.0502257 0)
(6.46562e-05 0.0289616 0)
(0.000193411 0.0710833 0)
(0.000835436 0.079168 0)
(0.0011147 0.0813244 0)
(0.0015621 0.0873265 0)
(0.00219045 0.0923816 0)
(0.0027494 0.0969714 0)
(0.00342988 0.100315 0)
(0.00416047 0.101848 0)
(0.00482702 0.102297 0)
(0.00558388 0.101212 0)
(0.00628973 0.0985567 0)
(0.00678978 0.0948512 0)
(0.00707941 0.0882972 0)
(0.00724173 0.0801572 0)
(0.0072079 0.0700001 0)
(0.00695044 0.0596951 0)
(0.00654742 0.048448 0)
(0.00598506 0.03692 0)
(0.00520771 0.0252856 0)
(0.00422879 0.0175483 0)
(0.00314912 0.0131983 0)
(0.0023077 0.0117578 0)
(0.000842565 0.00270583 0)
(0.00177607 -0.0482566 0)
(7.59937e-05 0.0288167 0)
(0.000239703 0.0698596 0)
(0.00113054 0.0774177 0)
(0.00153572 0.0814248 0)
(0.00197666 0.0861037 0)
(0.00256495 0.092113 0)
(0.00322618 0.0966535 0)
(0.00392843 0.0988347 0)
(0.00459328 0.101523 0)
(0.00525389 0.100899 0)
(0.00590019 0.0996831 0)
(0.00638774 0.0971929 0)
(0.00687707 0.093416 0)
(0.00729685 0.0873086 0)
(0.00750026 0.0796512 0)
(0.00750783 0.0711491 0)
(0.00728521 0.06049 0)
(0.00690089 0.0495607 0)
(0.00634099 0.0384231 0)
(0.00551963 0.0273806 0)
(0.00445366 0.0199661 0)
(0.0033091 0.0155569 0)
(0.00243644 0.0135147 0)
(0.000904943 0.00489453 0)
(0.00183578 -0.0461853 0)
(5.66124e-05 0.0290274 0)
(0.000275762 0.0676382 0)
(0.00119196 0.0761463 0)
(0.00158168 0.0798261 0)
(0.00209011 0.0857388 0)
(0.00273963 0.0898352 0)
(0.00357037 0.0942275 0)
(0.00432362 0.0981518 0)
(0.00506405 0.0992614 0)
(0.00576546 0.0997888 0)
(0.00627787 0.0995569 0)
(0.00676528 0.097366 0)
(0.00722406 0.0922797 0)
(0.00763487 0.0871234 0)
(0.00782454 0.079823 0)
(0.00786656 0.0706515 0)
(0.00771693 0.0611743 0)
(0.00730091 0.0506891 0)
(0.00671289 0.0399911 0)
(0.00583426 0.0296611 0)
(0.004696 0.022562 0)
(0.00351488 0.0180215 0)
(0.00260156 0.0158576 0)
(0.000970029 0.00713245 0)
(0.00190292 -0.0440032 0)
(0.000109518 0.0288936 0)
(0.000320538 0.0655539 0)
(0.00132185 0.0758956 0)
(0.00172395 0.0787647 0)
(0.00227446 0.0837079 0)
(0.0029963 0.08814 0)
(0.00367913 0.0924233 0)
(0.00447213 0.0957587 0)
(0.00525684 0.0974841 0)
(0.00593666 0.0990928 0)
(0.00661172 0.0978487 0)
(0.00731159 0.0953467 0)
(0.00783617 0.091355 0)
(0.00817187 0.086034 0)
(0.00839661 0.0791453 0)
(0.00837214 0.0708266 0)
(0.00809215 0.0619168 0)
(0.00767431 0.0518886 0)
(0.00705708 0.04166 0)
(0.0061395 0.0320648 0)
(0.00497381 0.0252378 0)
(0.00378179 0.0205061 0)
(0.00284048 0.0179559 0)
(0.00110213 0.00960882 0)
(0.00199969 -0.0416909 0)
(0.000100254 0.0288735 0)
(0.000296394 0.0642143 0)
(0.0014431 0.0737706 0)
(0.00196296 0.0786407 0)
(0.00250303 0.0822657 0)
(0.00317777 0.0875652 0)
(0.00393635 0.0917436 0)
(0.00477688 0.0940489 0)
(0.00558482 0.0968495 0)
(0.00643001 0.0967178 0)
(0.00732247 0.09562 0)
(0.00800424 0.093932 0)
(0.00847441 0.0907039 0)
(0.008783 0.0854521 0)
(0.00892295 0.079006 0)
(0.00886173 0.0720909 0)
(0.00861293 0.0627872 0)
(0.0082147 0.0531181 0)
(0.00756289 0.0433999 0)
(0.00660364 0.0345024 0)
(0.00541825 0.0279056 0)
(0.00420863 0.0230301 0)
(0.00319863 0.0205573 0)
(0.00132899 0.0122389 0)
(0.00216238 -0.0390747 0)
(0.000138421 0.0292841 0)
(0.000384232 0.0613596 0)
(0.00137203 0.0721423 0)
(0.00183815 0.0767956 0)
(0.00241703 0.081667 0)
(0.00316418 0.0853972 0)
(0.00411911 0.0892961 0)
(0.0050757 0.0928295 0)
(0.0060445 0.0943839 0)
(0.0070236 0.0945734 0)
(0.00782043 0.0946271 0)
(0.00855255 0.093613 0)
(0.00918806 0.0904703 0)
(0.00963249 0.0857896 0)
(0.00986621 0.0797599 0)
(0.00988193 0.0719503 0)
(0.00974549 0.0634669 0)
(0.00927328 0.0543898 0)
(0.0085197 0.0452813 0)
(0.00743835 0.0370421 0)
(0.00614466 0.0306556 0)
(0.00481613 0.0256899 0)
(0.00369162 0.0231439 0)
(0.0016326 0.0151909 0)
(0.00240512 -0.0358833 0)
(0.000291295 0.0286491 0)
(0.000486063 0.0594692 0)
(0.00115621 0.0719699 0)
(0.0015649 0.075632 0)
(0.00213957 0.0795307 0)
(0.00291348 0.0832472 0)
(0.00387446 0.0868659 0)
(0.00498652 0.0901333 0)
(0.0061563 0.0919218 0)
(0.00722369 0.0936574 0)
(0.00820108 0.093367 0)
(0.00922604 0.0912792 0)
(0.0102338 0.0885704 0)
(0.01099 0.0843347 0)
(0.0114398 0.078789 0)
(0.0115935 0.0717834 0)
(0.0113655 0.0642658 0)
(0.0108221 0.0558768 0)
(0.00994348 0.0474954 0)
(0.0087054 0.0399396 0)
(0.00723476 0.0337898 0)
(0.00570428 0.0287394 0)
(0.00437961 0.0262815 0)
(0.00201314 0.0185512 0)
(0.00271493 -0.03217 0)
(0.000330189 0.0277922 0)
(0.000358252 0.059181 0)
(0.000744121 0.0700706 0)
(0.00120926 0.0751658 0)
(0.00177094 0.0782321 0)
(0.00257546 0.0814098 0)
(0.00358201 0.0845667 0)
(0.00480853 0.0871699 0)
(0.00614627 0.089165 0)
(0.00754644 0.0902002 0)
(0.00898407 0.0900099 0)
(0.0103513 0.0881395 0)
(0.0115633 0.0857597 0)
(0.0125326 0.0824144 0)
(0.0131789 0.0778506 0)
(0.0134057 0.0721227 0)
(0.0132704 0.0651909 0)
(0.0127683 0.0575803 0)
(0.0118793 0.0500461 0)
(0.0105675 0.043223 0)
(0.00893334 0.0374052 0)
(0.00713954 0.0322998 0)
(0.00549356 0.0298528 0)
(0.00275423 0.0225185 0)
(0.00307821 -0.0276601 0)
(-7.16848e-05 0.0274402 0)
(-0.000139023 0.0593362 0)
(-0.000350917 0.0695505 0)
(0.000198573 0.0740025 0)
(0.00100266 0.0771585 0)
(0.00199929 0.0798304 0)
(0.00328735 0.0825283 0)
(0.00480872 0.0850269 0)
(0.00649564 0.0865372 0)
(0.00828499 0.0870342 0)
(0.0100894 0.0868866 0)
(0.0117484 0.0860289 0)
(0.0132017 0.0840653 0)
(0.0144382 0.0812228 0)
(0.0153597 0.0773034 0)
(0.0159298 0.0721811 0)
(0.0160275 0.0660825 0)
(0.0157055 0.0593019 0)
(0.0148959 0.0526692 0)
(0.0134886 0.0468239 0)
(0.0115767 0.0416845 0)
(0.00936365 0.036911 0)
(0.00723966 0.034808 0)
(0.00406875 0.0277185 0)
(0.00351264 -0.0210603 0)
(-0.00179162 0.0294955 0)
(-0.00194597 0.0619841 0)
(-0.00244131 0.0706384 0)
(-0.00138686 0.0734123 0)
(-0.000192157 0.0757448 0)
(0.00125538 0.0781367 0)
(0.00296055 0.0801842 0)
(0.00495719 0.0818594 0)
(0.0071553 0.0834119 0)
(0.00940467 0.0842163 0)
(0.0115798 0.0842599 0)
(0.013637 0.0833981 0)
(0.015517 0.0818397 0)
(0.0171563 0.0795306 0)
(0.018478 0.0763033 0)
(0.0193835 0.0723646 0)
(0.0198085 0.0672811 0)
(0.0197507 0.0615145 0)
(0.0190498 0.0564132 0)
(0.0176091 0.0522112 0)
(0.0156195 0.0480661 0)
(0.0130464 0.0438376 0)
(0.0106394 0.0417004 0)
(0.00687969 0.0354245 0)
(0.00514939 -0.010409 0)
(-0.00511671 0.0300523 0)
(-0.00687215 0.0610296 0)
(-0.00560285 0.0641749 0)
(-0.0028404 0.0664469 0)
(-0.000716738 0.0688593 0)
(0.00130333 0.0702923 0)
(0.00356767 0.0716308 0)
(0.00604889 0.0728324 0)
(0.00866895 0.0738356 0)
(0.0113343 0.0746691 0)
(0.0139614 0.0749548 0)
(0.0164753 0.0745312 0)
(0.0188111 0.0735354 0)
(0.0208861 0.0719453 0)
(0.0225923 0.0696697 0)
(0.023832 0.0665758 0)
(0.0244766 0.0628306 0)
(0.0244019 0.0583725 0)
(0.0237377 0.055045 0)
(0.0227182 0.0519081 0)
(0.0212664 0.0490901 0)
(0.0192137 0.0461184 0)
(0.017451 0.0429231 0)
(0.0148115 0.0398533 0)
(0.00897435 -0.0021443 0)
(-0.00718702 0.057107 0)
(-0.012127 0.0631281 0)
(-0.00649396 0.060925 0)
(-0.00241572 0.0646899 0)
(0.000293277 0.0686572 0)
(0.00246272 0.0702181 0)
(0.00472327 0.0711261 0)
(0.00720043 0.0721201 0)
(0.00986704 0.0730663 0)
(0.0127142 0.0737656 0)
(0.0156869 0.0741121 0)
(0.0186423 0.0738869 0)
(0.0214584 0.073286 0)
(0.0240187 0.0723534 0)
(0.0261809 0.0710301 0)
(0.0277764 0.0692591 0)
(0.0286373 0.0671197 0)
(0.0284984 0.0645603 0)
(0.027503 0.0616735 0)
(0.0260285 0.0590676 0)
(0.0241525 0.0575251 0)
(0.0221234 0.0550048 0)
(0.0208552 0.051654 0)
(0.0215188 0.0537121 0)
(0.0108408 0.0457053 0)
(0.020119 0.0264313 0)
(0.000229008 0.01048 0)
(0.00236027 0.00875537 0)
(0.00313933 0.0159871 0)
(0.00345624 0.0213773 0)
(0.00407509 0.0229473 0)
(0.00536289 0.0232217 0)
(0.00736625 0.0234548 0)
(0.00996287 0.0237103 0)
(0.012983 0.0238859 0)
(0.0162432 0.0240557 0)
(0.0195574 0.0240352 0)
(0.0227572 0.0239514 0)
(0.0256917 0.0238345 0)
(0.0282038 0.0236795 0)
(0.0301058 0.0234922 0)
(0.0311823 0.023344 0)
(0.0311879 0.0232493 0)
(0.0298822 0.0226808 0)
(0.027107 0.0221092 0)
(0.0229618 0.0216325 0)
(0.0180325 0.0186525 0)
(0.0136496 0.0113613 0)
(0.0110586 0.0106485 0)
(-0.018131 0.0248016 0)
(0.0765228 0.0411936 0)
(0.00940838 0.0247196 0)
(0.0114151 0.0233921 0)
(0.00601835 0.0314664 0)
(0.00347917 0.0356147 0)
(0.00265293 0.035676 0)
(0.00343803 0.0345963 0)
(0.00559871 0.0337607 0)
(0.0087625 0.0333368 0)
(0.0125309 0.033122 0)
(0.0166024 0.0331058 0)
(0.0207313 0.0330632 0)
(0.0246866 0.0330547 0)
(0.0282732 0.0330908 0)
(0.0313248 0.0332154 0)
(0.0336864 0.0334912 0)
(0.0351534 0.0340376 0)
(0.0354181 0.0351572 0)
(0.0339747 0.0362989 0)
(0.0303003 0.0375748 0)
(0.0243522 0.0386443 0)
(0.0167724 0.0360594 0)
(0.00654144 0.02649 0)
(0.00549529 0.0294125 0)
(-0.076186 0.0617588 0)
(0.00403432 0.0426467 0)
(-0.0101598 0.150091 0)
(-0.0152911 0.152882 0)
(-0.0221243 0.142246 0)
(-0.0219285 0.139166 0)
(-0.0175196 0.131044 0)
(-0.00996599 0.122089 0)
(-4.02963e-05 0.115204 0)
(0.0113683 0.110729 0)
(0.023393 0.108126 0)
(0.035402 0.107041 0)
(0.0464913 0.107288 0)
(0.0553979 0.108953 0)
(0.0609437 0.111983 0)
(0.0628444 0.115939 0)
(0.0620139 0.12105 0)
(0.0598033 0.127933 0)
(0.0571939 0.137263 0)
(0.0543839 0.149457 0)
(0.0508947 0.16453 0)
(0.0459741 0.179717 0)
(0.0391012 0.187194 0)
(0.0252371 0.191469 0)
(0.0143957 0.201477 0)
(-0.0122702 0.0965233 0)
(-0.0265075 0.0348828 0)
(-0.0229514 0.0651451 0)
(-0.038447 0.0817064 0)
(-0.0494294 0.0749156 0)
(-0.0479847 0.0556475 0)
(-0.0337389 0.0283186 0)
(-0.011237 0.00373543 0)
(0.0148183 -0.0123693 0)
(0.0418149 -0.0207621 0)
(0.0683445 -0.0237458 0)
(0.0940814 -0.021661 0)
(0.118359 -0.0119424 0)
(0.136671 0.00578807 0)
(0.143534 0.0276833 0)
(0.13647 0.0469032 0)
(0.121762 0.0590391 0)
(0.105655 0.0647668 0)
(0.0912847 0.0684608 0)
(0.0791893 0.0748344 0)
(0.0686658 0.0873511 0)
(0.0583648 0.105466 0)
(0.0467009 0.12024 0)
(0.031008 0.120631 0)
(0.0178451 0.101329 0)
(0.016757 0.0600294 0)
(-0.0274195 0.101963 0)
(-0.0294398 0.115944 0)
(-0.0498034 0.114078 0)
(-0.0514599 0.0789965 0)
(-0.0287793 0.0273453 0)
(-0.000612814 -0.0157827 0)
(0.0230169 -0.0442276 0)
(0.0451336 -0.0566938 0)
(0.0674385 -0.0595651 0)
(0.089504 -0.0592591 0)
(0.110244 -0.0579652 0)
(0.132631 -0.0415493 0)
(0.150734 -0.000152196 0)
(0.151948 0.0507732 0)
(0.14494 0.0891435 0)
(0.133215 0.106659 0)
(0.116076 0.11035 0)
(0.0978486 0.1094 0)
(0.0816049 0.110553 0)
(0.0678028 0.116807 0)
(0.0571708 0.129612 0)
(0.0468378 0.142552 0)
(0.0336936 0.145849 0)
(0.0181823 0.134526 0)
(0.0195187 0.111699 0)
(-0.0365135 0.153794 0)
(-0.0375179 0.158373 0)
(-0.0531378 0.124102 0)
(-0.034216 0.0340088 0)
(-0.00223675 -0.0471605 0)
(0.0137003 -0.0698155 0)
(0.0253484 -0.0856858 0)
(0.0356188 -0.0965052 0)
(0.0448033 -0.103745 0)
(0.0543716 -0.107436 0)
(0.0644387 -0.102784 0)
(0.074324 -0.0825906 0)
(0.0889232 -0.0231035 0)
(0.0996526 0.050922 0)
(0.0994174 0.105753 0)
(0.0924182 0.14082 0)
(0.0822596 0.157849 0)
(0.0708991 0.161136 0)
(0.0583801 0.155429 0)
(0.0541085 0.154594 0)
(0.0524603 0.160082 0)
(0.0527155 0.175715 0)
(0.0446712 0.181476 0)
(0.0264971 0.16874 0)
(0.0257961 0.148675 0)
(-0.0259309 0.246368 0)
(-0.022936 0.203604 0)
(-0.0356877 0.098943 0)
(-0.00818626 -0.0353769 0)
(-0.00367592 -0.0701577 0)
(0.00154652 -0.0822398 0)
(0.00365203 -0.0945793 0)
(0.00584759 -0.103031 0)
(0.00791007 -0.109086 0)
(0.0101031 -0.113876 0)
(0.0122757 -0.111074 0)
(0.0140141 -0.088383 0)
(0.018665 -0.0326026 0)
(0.0241802 0.040344 0)
(0.0275687 0.100704 0)
(0.0298242 0.140198 0)
(0.0314633 0.157198 0)
(0.0325697 0.157357 0)
(0.0367236 0.146913 0)
(0.0408328 0.141348 0)
(0.043689 0.146728 0)
(0.0482452 0.169273 0)
(0.0460742 0.209025 0)
(0.0271264 0.231316 0)
(0.0241559 0.230592 0)
)
;

boundaryField
{
    inlet
    {
        type            calculated;
        value           uniform (0 0.05 0);
    }
    outlet
    {
        type            calculated;
        value           nonuniform List<vector> 
25
(
(-0.0259309 0.246368 0)
(-0.022936 0.203604 0)
(-0.0356877 0.098943 0)
(-0 -0.0360752 0)
(-0 -0.070332 0)
(0 -0.0823152 0)
(0 -0.0946231 0)
(0 -0.103181 0)
(0 -0.109447 0)
(0 -0.114526 0)
(0 -0.11211 0)
(0 -0.0899885 0)
(0 -0.0349178 0)
(0.0241802 0.040344 0)
(0.0275687 0.100704 0)
(0.0298242 0.140198 0)
(0.0314633 0.157198 0)
(0.0325697 0.157357 0)
(0.0367236 0.146913 0)
(0.0408328 0.141348 0)
(0.043689 0.146728 0)
(0.0482452 0.169273 0)
(0.0460742 0.209025 0)
(0.0271264 0.231316 0)
(0.0241559 0.230592 0)
)
;
    }
    walls
    {
        type            calculated;
        value           uniform (0 0 0);
    }
    defaultFaces
    {
        type            empty;
    }
}


// ************************************************************************* //
