/*--------------------------------*- C++ -*----------------------------------*\
| =========                 |                                                 |
| \\      /  F ield         | OpenFOAM: The Open Source CFD Toolbox           |
|  \\    /   O peration     | Version:  2.3.0                                 |
|   \\  /    A nd           | Web:      www.OpenFOAM.org                      |
|    \\/     M anipulation  |                                                 |
\*---------------------------------------------------------------------------*/
FoamFile
{
    version     2.0;
    format      ascii;
    class       volScalarField;
    location    "0.438";
    object      nut;
}
// * * * * * * * * * * * * * * * * * * * * * * * * * * * * * * * * * * * * * //

dimensions      [0 2 -1 0 0 0 0];

internalField   nonuniform List<scalar> 
545
(
5.13532
4.89018
4.49898
4.16151
3.93059
5.23476
4.90147
4.48701
4.14091
3.892
5.40573
4.91064
4.45829
4.09815
3.82297
5.66426
4.90319
4.4122
4.03696
3.71744
6.0475
4.86104
4.35916
3.97137
3.56875
3.81258
3.74815
3.72769
3.72127
3.71927
3.71866
3.71848
3.71842
3.71841
3.71842
3.71842
3.71843
3.71844
3.71844
3.71845
3.71846
3.71846
3.71847
3.71847
3.71848
3.71848
3.71849
3.71849
3.7185
3.7185
3.71851
3.71851
3.71851
3.71852
3.71852
3.71852
3.71853
3.71853
3.71853
3.71853
3.71854
3.71854
3.71854
3.71854
3.71854
3.71854
3.71854
3.71854
3.71854
3.71854
3.78305
3.73911
3.72483
3.72037
3.719
3.71857
3.71845
3.71842
3.71841
3.71842
3.71842
3.71843
3.71844
3.71844
3.71845
3.71846
3.71846
3.71847
3.71847
3.71848
3.71849
3.71849
3.7185
3.7185
3.7185
3.71851
3.71851
3.71852
3.71852
3.71852
3.71853
3.71853
3.71853
3.71853
3.71853
3.71854
3.71854
3.71854
3.71854
3.71854
3.71854
3.71854
3.71854
3.71855
3.71855
3.74007
3.72397
3.71998
3.71885
3.71852
3.71843
3.71841
3.7184
3.71841
3.71842
3.71842
3.71843
3.71844
3.71844
3.71845
3.71846
3.71846
3.71847
3.71848
3.71848
3.71849
3.71849
3.7185
3.7185
3.7185
3.71851
3.71851
3.71852
3.71852
3.71852
3.71853
3.71853
3.71853
3.71853
3.71854
3.71854
3.71854
3.71854
3.71854
3.71854
3.71854
3.71855
3.71855
3.71855
3.71855
3.68417
3.70629
3.71453
3.71717
3.718
3.71827
3.71836
3.71839
3.7184
3.71842
3.71842
3.71843
3.71844
3.71845
3.71845
3.71846
3.71846
3.71847
3.71848
3.71848
3.71849
3.71849
3.7185
3.7185
3.71851
3.71851
3.71851
3.71852
3.71852
3.71852
3.71853
3.71853
3.71853
3.71853
3.71854
3.71854
3.71854
3.71854
3.71854
3.71854
3.71854
3.71855
3.71855
3.71855
3.71855
3.61901
3.69134
3.71021
3.71585
3.7176
3.71814
3.71832
3.71838
3.7184
3.71841
3.71842
3.71843
3.71844
3.71845
3.71845
3.71846
3.71846
3.71847
3.71848
3.71848
3.71849
3.71849
3.7185
3.7185
3.71851
3.71851
3.71851
3.71852
3.71852
3.71852
3.71853
3.71853
3.71853
3.71853
3.71854
3.71854
3.71854
3.71854
3.71854
3.71854
3.71855
3.71855
3.71855
3.71855
3.71855
3.62626
3.6868
3.70846
3.71529
3.71742
3.71809
3.7183
3.71837
3.7184
3.71841
3.71842
3.71843
3.71844
3.71845
3.71845
3.71846
3.71846
3.71847
3.71848
3.71848
3.71849
3.71849
3.7185
3.7185
3.71851
3.71851
3.71851
3.71852
3.71852
3.71852
3.71853
3.71853
3.71853
3.71853
3.71854
3.71854
3.71854
3.71854
3.71854
3.71854
3.71855
3.71855
3.71855
3.71855
3.71855
6.0475
4.86104
4.35916
3.97137
3.56875
5.66426
4.90319
4.4122
4.03696
3.71744
5.40573
4.91064
4.45829
4.09815
3.82297
5.23476
4.90147
4.48701
4.14091
3.892
5.13532
4.89018
4.49898
4.16151
3.93059
3.61901
3.69134
3.71021
3.71585
3.7176
3.71814
3.71832
3.71838
3.7184
3.71841
3.71842
3.71843
3.71844
3.71845
3.71845
3.71846
3.71846
3.71847
3.71848
3.71848
3.71849
3.71849
3.7185
3.7185
3.71851
3.71851
3.71851
3.71852
3.71852
3.71852
3.71853
3.71853
3.71853
3.71853
3.71854
3.71854
3.71854
3.71854
3.71854
3.71854
3.71855
3.71855
3.71855
3.71855
3.71855
3.68417
3.7063
3.71453
3.71717
3.718
3.71827
3.71836
3.71839
3.7184
3.71842
3.71842
3.71843
3.71844
3.71845
3.71845
3.71846
3.71846
3.71847
3.71848
3.71848
3.71849
3.71849
3.7185
3.7185
3.71851
3.71851
3.71851
3.71852
3.71852
3.71852
3.71853
3.71853
3.71853
3.71853
3.71854
3.71854
3.71854
3.71854
3.71854
3.71854
3.71854
3.71855
3.71855
3.71855
3.71855
3.74007
3.72397
3.71998
3.71885
3.71852
3.71843
3.71841
3.7184
3.71841
3.71842
3.71842
3.71843
3.71844
3.71844
3.71845
3.71846
3.71846
3.71847
3.71848
3.71848
3.71849
3.71849
3.7185
3.7185
3.7185
3.71851
3.71851
3.71852
3.71852
3.71852
3.71853
3.71853
3.71853
3.71853
3.71854
3.71854
3.71854
3.71854
3.71854
3.71854
3.71854
3.71855
3.71855
3.71855
3.71855
3.78305
3.73911
3.72483
3.72037
3.719
3.71857
3.71845
3.71842
3.71841
3.71842
3.71842
3.71843
3.71844
3.71844
3.71845
3.71846
3.71846
3.71847
3.71847
3.71848
3.71849
3.71849
3.7185
3.7185
3.7185
3.71851
3.71851
3.71852
3.71852
3.71852
3.71853
3.71853
3.71853
3.71853
3.71853
3.71854
3.71854
3.71854
3.71854
3.71854
3.71854
3.71854
3.71854
3.71855
3.71855
3.81258
3.74815
3.72769
3.72127
3.71927
3.71866
3.71848
3.71842
3.71841
3.71842
3.71842
3.71843
3.71844
3.71844
3.71845
3.71846
3.71846
3.71847
3.71847
3.71848
3.71848
3.71849
3.71849
3.7185
3.7185
3.71851
3.71851
3.71851
3.71852
3.71852
3.71852
3.71853
3.71853
3.71853
3.71853
3.71854
3.71854
3.71854
3.71854
3.71854
3.71854
3.71854
3.71854
3.71854
3.71854
)
;

boundaryField
{
    AirInlet
    {
        type            fixedValue;
        value           uniform 0;
    }
    WaterInlet
    {
        type            fixedValue;
        value           uniform 0;
    }
    ChannelWall
    {
        type            fixedValue;
        value           uniform 0;
    }
    Outlet
    {
        type            calculated;
        value           nonuniform List<scalar> 
11
(
3.71854
3.71855
3.71855
3.71855
3.71855
3.71855
3.71855
3.71855
3.71855
3.71855
3.71854
)
;
    }
    FrontAndBack
    {
        type            empty;
    }
}


// ************************************************************************* //
