/*--------------------------------*- C++ -*----------------------------------*\
| =========                 |                                                 |
| \\      /  F ield         | OpenFOAM: The Open Source CFD Toolbox           |
|  \\    /   O peration     | Version:  2.3.0                                 |
|   \\  /    A nd           | Web:      www.OpenFOAM.org                      |
|    \\/     M anipulation  |                                                 |
\*---------------------------------------------------------------------------*/
FoamFile
{
    version     2.0;
    format      ascii;
    class       volVectorField;
    location    "59";
    object      Ur;
}
// * * * * * * * * * * * * * * * * * * * * * * * * * * * * * * * * * * * * * //

dimensions      [0 1 -1 0 0 0 0];

internalField   nonuniform List<vector> 
1875
(
(-0.0157391 0.220897 0)
(-0.0195272 0.221479 0)
(-0.00822797 0.22067 0)
(-0.000349475 0.219873 0)
(0.00537475 0.219798 0)
(0.00932562 0.220155 0)
(0.0111358 0.220403 0)
(0.0109969 0.220174 0)
(0.00917778 0.219247 0)
(0.00600881 0.217607 0)
(0.00164686 0.215144 0)
(-0.00331212 0.213223 0)
(-0.00827322 0.210746 0)
(-0.0138601 0.206472 0)
(-0.0203927 0.200911 0)
(-0.0274173 0.198001 0)
(-0.0334867 0.196086 0)
(-0.0370603 0.194903 0)
(-0.0375261 0.194395 0)
(-0.0347311 0.194734 0)
(-0.0287414 0.195766 0)
(-0.0203152 0.196037 0)
(-0.0117956 0.196122 0)
(-0.0160565 0.195253 0)
(-0.0130532 0.197528 0)
(-0.00635942 0.283533 0)
(-0.00701645 0.285076 0)
(0.00504652 0.287894 0)
(0.0108609 0.289241 0)
(0.0156114 0.288743 0)
(0.0194858 0.286795 0)
(0.0222581 0.284132 0)
(0.0238255 0.281262 0)
(0.0240898 0.278544 0)
(0.0231062 0.276226 0)
(0.0209208 0.274417 0)
(0.0165262 0.272296 0)
(0.011241 0.270828 0)
(0.00593766 0.270751 0)
(0.000144184 0.271534 0)
(-0.00594368 0.271025 0)
(-0.0108708 0.270721 0)
(-0.0143696 0.270533 0)
(-0.0162554 0.270435 0)
(-0.0164267 0.27023 0)
(-0.0157598 0.269836 0)
(-0.0149016 0.269892 0)
(-0.0129509 0.269831 0)
(-0.0124204 0.269445 0)
(-0.00669603 0.270784 0)
(-0.000648025 0.27419 0)
(0.00578015 0.276723 0)
(0.0169808 0.278051 0)
(0.022168 0.278258 0)
(0.0258073 0.278031 0)
(0.0285459 0.277465 0)
(0.0305535 0.276706 0)
(0.0317701 0.275754 0)
(0.0321213 0.274638 0)
(0.0313336 0.273268 0)
(0.0296924 0.271695 0)
(0.0277046 0.270026 0)
(0.0239943 0.268412 0)
(0.018441 0.26652 0)
(0.0130414 0.264739 0)
(0.00835471 0.262771 0)
(0.00349673 0.26104 0)
(-0.000786983 0.259353 0)
(-0.00380253 0.258758 0)
(-0.00578634 0.258906 0)
(-0.00673403 0.259707 0)
(-0.00676492 0.261198 0)
(-0.00622197 0.26283 0)
(-0.00608728 0.263256 0)
(-0.00281346 0.26377 0)
(0.0116033 0.279765 0)
(0.0236023 0.28222 0)
(0.0262005 0.281075 0)
(0.0283069 0.279276 0)
(0.0308893 0.277762 0)
(0.0327453 0.276498 0)
(0.0334235 0.275279 0)
(0.0328721 0.274059 0)
(0.0312927 0.272844 0)
(0.028995 0.271748 0)
(0.0259354 0.270757 0)
(0.0225887 0.26978 0)
(0.0189009 0.268306 0)
(0.0148987 0.266951 0)
(0.0109749 0.26546 0)
(0.00742851 0.263777 0)
(0.00366496 0.261708 0)
(0.000950168 0.260024 0)
(-0.000327265 0.259186 0)
(-0.00112504 0.259061 0)
(-0.00131963 0.259375 0)
(-0.00155637 0.260313 0)
(-0.00201309 0.261622 0)
(-0.0030083 0.262847 0)
(-0.000650709 0.264409 0)
(0.0166287 0.27636 0)
(0.0279488 0.277755 0)
(0.0227633 0.275755 0)
(0.0243732 0.273657 0)
(0.0286916 0.271973 0)
(0.0311208 0.270489 0)
(0.0315678 0.268956 0)
(0.030696 0.267573 0)
(0.0288177 0.266363 0)
(0.0261058 0.26529 0)
(0.0227943 0.264359 0)
(0.0188697 0.263416 0)
(0.0142591 0.262707 0)
(0.0091584 0.262081 0)
(0.00381244 0.261379 0)
(-0.000925417 0.260308 0)
(-0.00404251 0.259775 0)
(-0.00519331 0.260344 0)
(-0.00508268 0.259911 0)
(-0.00400978 0.259632 0)
(-0.00241236 0.260034 0)
(-0.00132294 0.260491 0)
(-0.000714522 0.260861 0)
(0.000929233 0.262635 0)
(0.00171903 0.264995 0)
(0.0196109 0.269261 0)
(0.0261543 0.270121 0)
(0.015052 0.267992 0)
(0.0199084 0.266556 0)
(0.0255463 0.265387 0)
(0.027478 0.263982 0)
(0.0275009 0.262728 0)
(0.0264683 0.261653 0)
(0.0244635 0.260784 0)
(0.0216429 0.260094 0)
(0.0178915 0.25953 0)
(0.0131142 0.259048 0)
(0.00744015 0.258649 0)
(0.00125206 0.258312 0)
(-0.00446343 0.258074 0)
(-0.00846044 0.258541 0)
(-0.00978954 0.259065 0)
(-0.00947101 0.259245 0)
(-0.00813644 0.260155 0)
(-0.0056461 0.26123 0)
(-0.00301171 0.26202 0)
(-0.00138428 0.262507 0)
(-0.000485537 0.262851 0)
(0.00337661 0.264159 0)
(0.00376748 0.264882 0)
(0.022568 0.260351 0)
(0.0245804 0.260529 0)
(0.0102335 0.259811 0)
(0.0167121 0.259401 0)
(0.0211882 0.258198 0)
(0.0219862 0.256828 0)
(0.0217853 0.255856 0)
(0.0204655 0.255183 0)
(0.0179593 0.254721 0)
(0.014237 0.254409 0)
(0.00931288 0.254373 0)
(0.0034555 0.254283 0)
(-0.00269288 0.254231 0)
(-0.00809724 0.254378 0)
(-0.0118885 0.255308 0)
(-0.0137185 0.256823 0)
(-0.0136648 0.25831 0)
(-0.0122239 0.259832 0)
(-0.00956398 0.261311 0)
(-0.00622089 0.262562 0)
(-0.00336723 0.263315 0)
(-0.0017041 0.263596 0)
(-0.000414552 0.26379 0)
(0.00454221 0.263079 0)
(0.00462438 0.262709 0)
(0.0249489 0.253685 0)
(0.0239041 0.254079 0)
(0.00622717 0.254346 0)
(0.0121876 0.253848 0)
(0.0141801 0.252567 0)
(0.0143651 0.251628 0)
(0.0138718 0.251126 0)
(0.0117258 0.250924 0)
(0.00815763 0.25105 0)
(0.00361984 0.251396 0)
(-0.0015054 0.2503 0)
(-0.00673786 0.250527 0)
(-0.0112018 0.251727 0)
(-0.0143995 0.254585 0)
(-0.0161452 0.256516 0)
(-0.0163421 0.258191 0)
(-0.0150957 0.260024 0)
(-0.0124807 0.261818 0)
(-0.0090743 0.263345 0)
(-0.00572008 0.264296 0)
(-0.00322952 0.264667 0)
(-0.00165821 0.264699 0)
(-5.13178e-06 0.264701 0)
(0.00485689 0.264445 0)
(0.00439826 0.263791 0)
(0.0238657 0.250404 0)
(0.0209364 0.250376 0)
(0.00219334 0.250961 0)
(0.00599653 0.250344 0)
(0.00629546 0.249477 0)
(0.00641989 0.249119 0)
(0.00550136 0.249042 0)
(0.00305087 0.249229 0)
(-0.000363266 0.249073 0)
(-0.00455247 0.24735 0)
(-0.00881985 0.250602 0)
(-0.0121004 0.253988 0)
(-0.0146315 0.255927 0)
(-0.0168681 0.257259 0)
(-0.0174019 0.25925 0)
(-0.016298 0.261075 0)
(-0.0138586 0.262923 0)
(-0.0106448 0.264419 0)
(-0.00734681 0.265398 0)
(-0.00458483 0.265784 0)
(-0.00263476 0.265766 0)
(-0.00124095 0.265576 0)
(0.000360565 0.265381 0)
(0.0043705 0.264935 0)
(0.00367767 0.263927 0)
(0.0221026 0.249549 0)
(0.0176662 0.24963 0)
(-0.00202552 0.250066 0)
(-7.03905e-05 0.24967 0)
(-0.00034463 0.249415 0)
(-3.83649e-05 0.249603 0)
(-0.000777209 0.250082 0)
(-0.00242621 0.250995 0)
(-0.00480161 0.253481 0)
(-0.00770557 0.259725 0)
(-0.0101053 0.260835 0)
(-0.0138199 0.259564 0)
(-0.0168139 0.261187 0)
(-0.0165899 0.261184 0)
(-0.0156796 0.262572 0)
(-0.0135013 0.264331 0)
(-0.0105844 0.26569 0)
(-0.00754993 0.266553 0)
(-0.00483797 0.266916 0)
(-0.00274158 0.266883 0)
(-0.00125883 0.266636 0)
(-0.000142987 0.266297 0)
(0.00100989 0.265859 0)
(0.00372067 0.265274 0)
(0.00265253 0.264373 0)
(0.0192729 0.251024 0)
(0.0141449 0.25096 0)
(-0.00500829 0.251407 0)
(-0.00399659 0.251436 0)
(-0.00424985 0.251841 0)
(-0.00358934 0.252513 0)
(-0.00377868 0.253558 0)
(-0.0048902 0.255178 0)
(-0.00782517 0.256607 0)
(-0.0105585 0.257009 0)
(-0.0133787 0.258634 0)
(-0.0144674 0.260588 0)
(-0.014122 0.261307 0)
(-0.0134781 0.263972 0)
(-0.0118126 0.265592 0)
(-0.00943655 0.26676 0)
(-0.00680973 0.267497 0)
(-0.00432498 0.267837 0)
(-0.00219176 0.267862 0)
(-0.000522715 0.267687 0)
(0.000705384 0.26741 0)
(0.0016187 0.267075 0)
(0.00243079 0.266672 0)
(0.0039266 0.266152 0)
(0.00232041 0.265415 0)
(0.0160302 0.253694 0)
(0.011224 0.2535 0)
(-0.00581908 0.254118 0)
(-0.00521679 0.254473 0)
(-0.00524437 0.255193 0)
(-0.00431222 0.256067 0)
(-0.00417064 0.257144 0)
(-0.00507388 0.258178 0)
(-0.00704102 0.259143 0)
(-0.00917539 0.259727 0)
(-0.0108154 0.260799 0)
(-0.0114885 0.262964 0)
(-0.0112548 0.26498 0)
(-0.0102084 0.266246 0)
(-0.00849139 0.267224 0)
(-0.00646691 0.267877 0)
(-0.00435288 0.268229 0)
(-0.0022968 0.268352 0)
(-0.000380885 0.268309 0)
(0.0013351 0.268159 0)
(0.00283513 0.267933 0)
(0.00418256 0.267649 0)
(0.00545166 0.267307 0)
(0.0071435 0.266849 0)
(0.00413701 0.267142 0)
(0.0132158 0.256472 0)
(0.00944348 0.256185 0)
(-0.00512627 0.256916 0)
(-0.00504704 0.257339 0)
(-0.00495641 0.258129 0)
(-0.00403241 0.258895 0)
(-0.00385228 0.259697 0)
(-0.00468729 0.260511 0)
(-0.00614376 0.261414 0)
(-0.00751905 0.262541 0)
(-0.00858363 0.263774 0)
(-0.00903909 0.265019 0)
(-0.00881084 0.266131 0)
(-0.00803572 0.266998 0)
(-0.00689428 0.267613 0)
(-0.00551293 0.268009 0)
(-0.00396182 0.268232 0)
(-0.00229011 0.268343 0)
(-0.000532357 0.268368 0)
(0.00123304 0.268211 0)
(0.00306499 0.268012 0)
(0.00493834 0.267709 0)
(0.00683331 0.267217 0)
(0.00914193 0.266574 0)
(0.00589837 0.265553 0)
(0.010328 0.258786 0)
(0.00776335 0.258026 0)
(-0.00400192 0.258657 0)
(-0.00435948 0.259217 0)
(-0.00432426 0.259781 0)
(-0.00360926 0.260468 0)
(-0.00348153 0.261333 0)
(-0.00409835 0.261978 0)
(-0.00490375 0.262837 0)
(-0.00564744 0.263786 0)
(-0.00641688 0.264711 0)
(-0.00698884 0.265561 0)
(-0.00728001 0.26627 0)
(-0.0072793 0.266803 0)
(-0.00697548 0.26718 0)
(-0.00636427 0.267437 0)
(-0.00546909 0.2676 0)
(-0.00434139 0.267596 0)
(-0.00303033 0.267501 0)
(-0.00151526 0.26776 0)
(0.000119538 0.267731 0)
(0.00176877 0.267432 0)
(0.00327577 0.266991 0)
(0.0078012 0.265919 0)
(0.00617257 0.266636 0)
(0.00655977 0.260594 0)
(0.00516275 0.259395 0)
(-0.00262352 0.259562 0)
(-0.00286575 0.260238 0)
(-0.00295564 0.261107 0)
(-0.00245497 0.261703 0)
(-0.00229683 0.262134 0)
(-0.0025463 0.262816 0)
(-0.00306408 0.263598 0)
(-0.00387386 0.264205 0)
(-0.00492466 0.264665 0)
(-0.00599357 0.265008 0)
(-0.00693649 0.265272 0)
(-0.007631 0.265501 0)
(-0.00798495 0.265729 0)
(-0.00796981 0.265962 0)
(-0.00762909 0.266189 0)
(-0.00697992 0.26647 0)
(-0.00624129 0.266694 0)
(-0.00567235 0.266506 0)
(-0.00512519 0.26636 0)
(-0.00474057 0.266403 0)
(-0.00420623 0.266148 0)
(0.00374592 0.265582 0)
(0.00469001 0.265186 0)
(0.00262455 0.260377 0)
(0.00230482 0.258628 0)
(-0.00101451 0.260701 0)
(-0.00114877 0.261063 0)
(-0.00114877 0.261543 0)
(-0.000632968 0.261916 0)
(-0.000328939 0.262046 0)
(-0.000374552 0.262428 0)
(-0.00105451 0.262845 0)
(-0.00233968 0.263048 0)
(-0.00392195 0.263204 0)
(-0.00554699 0.263352 0)
(-0.00699984 0.263525 0)
(-0.00810688 0.263738 0)
(-0.00879228 0.263992 0)
(-0.00911646 0.264266 0)
(-0.00920847 0.264554 0)
(-0.00938103 0.264896 0)
(-0.00968555 0.26517 0)
(-0.00978696 0.265051 0)
(-0.0103452 0.265154 0)
(-0.0114723 0.265299 0)
(-0.0126743 0.265749 0)
(-0.00606719 0.265698 0)
(-0.000858545 0.263775 0)
(-0.00144429 0.263024 0)
(-9.66622e-05 0.26098 0)
(0.000447053 0.261227 0)
(0.000308067 0.26153 0)
(0.000393102 0.261551 0)
(0.00111831 0.26169 0)
(0.00158039 0.261624 0)
(0.0016046 0.261624 0)
(0.000785014 0.261879 0)
(-0.000786225 0.261845 0)
(-0.00271959 0.261772 0)
(-0.00467211 0.26174 0)
(-0.00641921 0.261798 0)
(-0.00779636 0.261955 0)
(-0.00875768 0.262177 0)
(-0.00937732 0.262426 0)
(-0.00987967 0.262667 0)
(-0.0106146 0.262788 0)
(-0.011585 0.262855 0)
(-0.0125673 0.263419 0)
(-0.01319 0.263997 0)
(-0.0134564 0.264749 0)
(-0.0152918 0.266039 0)
(-0.0160163 0.268125 0)
(-0.00829603 0.266516 0)
(-0.00510883 0.265358 0)
(-0.00306465 0.263451 0)
(0.0024698 0.261564 0)
(0.00212176 0.261741 0)
(0.00216941 0.261876 0)
(0.0028677 0.261779 0)
(0.00350005 0.26238 0)
(0.00373661 0.261543 0)
(0.00295543 0.260449 0)
(0.00112949 0.260869 0)
(-0.00115238 0.26062 0)
(-0.00346121 0.260418 0)
(-0.00543928 0.260311 0)
(-0.00701269 0.26033 0)
(-0.00818375 0.260448 0)
(-0.00904853 0.260636 0)
(-0.00976616 0.260838 0)
(-0.0105032 0.261085 0)
(-0.0111616 0.261532 0)
(-0.0115979 0.262153 0)
(-0.0113888 0.262825 0)
(-0.00979416 0.26369 0)
(-0.00952709 0.265311 0)
(-0.0167874 0.268436 0)
(-0.0121326 0.268154 0)
(-0.00832095 0.263519 0)
(-0.00553515 0.26192 0)
(0.00422926 0.262083 0)
(0.00435644 0.262284 0)
(0.0041569 0.26236 0)
(0.0046209 0.262149 0)
(0.00509133 0.261306 0)
(0.00558027 0.262048 0)
(0.00522681 0.261084 0)
(0.00344073 0.259149 0)
(0.000920574 0.259684 0)
(-0.00175545 0.259403 0)
(-0.00410139 0.25919 0)
(-0.00589689 0.259081 0)
(-0.00721461 0.259093 0)
(-0.0081426 0.259208 0)
(-0.00877323 0.259459 0)
(-0.00904268 0.259834 0)
(-0.00897145 0.260457 0)
(-0.00877344 0.261139 0)
(-0.00827242 0.262005 0)
(-0.00616715 0.262797 0)
(-0.00237305 0.263182 0)
(-0.0107458 0.264415 0)
(-0.0110945 0.265678 0)
(-0.0100973 0.264035 0)
(-0.00798816 0.263607 0)
(0.00454508 0.262889 0)
(0.00640419 0.262733 0)
(0.00616053 0.262799 0)
(0.00617188 0.262597 0)
(0.00647998 0.262124 0)
(0.00664022 0.260776 0)
(0.0065757 0.26153 0)
(0.00574579 0.260593 0)
(0.00339404 0.258225 0)
(0.000563069 0.258813 0)
(-0.00217416 0.258529 0)
(-0.00437812 0.258316 0)
(-0.00591489 0.258228 0)
(-0.0068315 0.25828 0)
(-0.00721313 0.258478 0)
(-0.00706152 0.258866 0)
(-0.00658747 0.259313 0)
(-0.00596678 0.259819 0)
(-0.00526079 0.260421 0)
(-0.00389828 0.261003 0)
(-0.000890064 0.260897 0)
(-0.00707338 0.260177 0)
(-0.00844679 0.261737 0)
(-0.0109529 0.264976 0)
(-0.0102025 0.265568 0)
(0.0034654 0.26445 0)
(0.00775892 0.263509 0)
(0.00832535 0.263284 0)
(0.00801201 0.263109 0)
(0.00786308 0.262711 0)
(0.00768603 0.262075 0)
(0.00731078 0.260397 0)
(0.00677259 0.260913 0)
(0.00578123 0.25934 0)
(0.00324494 0.257589 0)
(0.00031523 0.258223 0)
(-0.00238343 0.258123 0)
(-0.00432598 0.25795 0)
(-0.00539089 0.257895 0)
(-0.00564286 0.257975 0)
(-0.0052941 0.258207 0)
(-0.00465941 0.258481 0)
(-0.00385257 0.258799 0)
(-0.00314651 0.259103 0)
(-0.00270787 0.259411 0)
(-0.00118188 0.259405 0)
(-0.00633315 0.258723 0)
(-0.00731432 0.259413 0)
(-0.0101377 0.265844 0)
(-0.0116051 0.267592 0)
(0.000681265 0.267092 0)
(0.00696101 0.265561 0)
(0.00949185 0.264479 0)
(0.00989238 0.263937 0)
(0.00960377 0.263483 0)
(0.00921242 0.262846 0)
(0.00858857 0.262124 0)
(0.00790727 0.260437 0)
(0.00728224 0.260294 0)
(0.00564263 0.259367 0)
(0.00275765 0.258173 0)
(-0.000302258 0.258174 0)
(-0.00270779 0.257938 0)
(-0.00412994 0.25786 0)
(-0.00448287 0.257879 0)
(-0.00403641 0.257963 0)
(-0.0032629 0.258138 0)
(-0.00237722 0.258322 0)
(-0.00164306 0.258494 0)
(-0.00152479 0.258678 0)
(-0.000912769 0.258837 0)
(-0.00565036 0.258598 0)
(-0.00620598 0.258363 0)
(-0.00826706 0.266484 0)
(-0.0108535 0.268077 0)
(-0.00204224 0.269414 0)
(0.00334319 0.268303 0)
(0.00781266 0.266631 0)
(0.0101227 0.26536 0)
(0.0106803 0.264515 0)
(0.010343 0.263747 0)
(0.00962871 0.262916 0)
(0.00824681 0.261621 0)
(0.00681844 0.263016 0)
(0.0061011 0.261627 0)
(0.00436562 0.258498 0)
(0.00222494 0.257254 0)
(-0.000199628 0.257779 0)
(-0.00228916 0.257875 0)
(-0.00325472 0.257977 0)
(-0.0030402 0.258067 0)
(-0.00224769 0.258196 0)
(-0.00130349 0.258325 0)
(-0.000489153 0.258443 0)
(-0.000374935 0.258539 0)
(-0.000138163 0.258695 0)
(-0.0052551 0.258631 0)
(-0.00591418 0.258273 0)
(-0.0069456 0.266767 0)
(-0.00955739 0.268222 0)
(-0.00333822 0.269136 0)
(-0.000584025 0.269668 0)
(0.00396026 0.268804 0)
(0.00801971 0.267339 0)
(0.0101898 0.266019 0)
(0.0107201 0.264968 0)
(0.0100071 0.263939 0)
(0.00905991 0.264238 0)
(0.00746099 0.262542 0)
(0.00593105 0.260399 0)
(0.00508568 0.260141 0)
(0.00419073 0.258521 0)
(0.0024265 0.257845 0)
(0.000327903 0.258084 0)
(-0.00135417 0.258296 0)
(-0.00183319 0.258477 0)
(-0.0013263 0.258591 0)
(-0.000479521 0.258757 0)
(0.000279961 0.258822 0)
(0.000426342 0.258877 0)
(0.000480446 0.258959 0)
(-0.00478916 0.258875 0)
(-0.00548859 0.258721 0)
(-0.00535311 0.265856 0)
(-0.00813653 0.268252 0)
(-0.00393052 0.268607 0)
(-0.00205446 0.269654 0)
(0.000662709 0.269878 0)
(0.00466528 0.268992 0)
(0.00808099 0.267628 0)
(0.00983787 0.266309 0)
(0.00989355 0.265201 0)
(0.00890654 0.263447 0)
(0.00733124 0.261754 0)
(0.00571608 0.261719 0)
(0.00460865 0.261582 0)
(0.00399506 0.261168 0)
(0.00337965 0.259444 0)
(0.00217323 0.258859 0)
(0.000578237 0.258894 0)
(-0.000487733 0.259112 0)
(-0.000480107 0.259279 0)
(0.000124808 0.259401 0)
(0.000755713 0.259507 0)
(0.00086668 0.259556 0)
(0.000799956 0.259589 0)
(-0.00393906 0.259563 0)
(-0.00455304 0.259696 0)
(-0.00301999 0.265958 0)
(-0.00582328 0.267969 0)
(-0.00374224 0.268051 0)
(-0.00173398 0.268588 0)
(-0.000472296 0.269259 0)
(0.00198906 0.269278 0)
(0.00522347 0.268428 0)
(0.00774929 0.267163 0)
(0.00874331 0.265905 0)
(0.00831549 0.264801 0)
(0.00655717 0.263818 0)
(0.00466708 0.262896 0)
(0.00349943 0.262148 0)
(0.00327958 0.261359 0)
(0.00307631 0.260484 0)
(0.00278913 0.259896 0)
(0.00186971 0.259771 0)
(0.000737003 0.259921 0)
(0.000272421 0.260111 0)
(0.000584598 0.260238 0)
(0.00105488 0.260359 0)
(0.00101723 0.26038 0)
(0.000922844 0.260373 0)
(-0.00267629 0.26036 0)
(-0.00317213 0.260823 0)
(-0.000568108 0.265303 0)
(-0.00280938 0.266251 0)
(-0.00271771 0.267202 0)
(-0.000573013 0.267519 0)
(0.000400844 0.267759 0)
(0.00130335 0.268163 0)
(0.00305478 0.268046 0)
(0.00524009 0.267291 0)
(0.00675364 0.266242 0)
(0.00697668 0.265201 0)
(0.00541702 0.264264 0)
(0.00354981 0.263595 0)
(0.00258869 0.262495 0)
(0.00211534 0.262256 0)
(0.00208062 0.262119 0)
(0.00237591 0.2612 0)
(0.00226972 0.260789 0)
(0.00146238 0.260799 0)
(0.000777231 0.260954 0)
(0.0008076 0.261104 0)
(0.00106218 0.261173 0)
(0.00088634 0.261196 0)
(0.000796707 0.261174 0)
(-0.00109943 0.261083 0)
(-0.00139513 0.261845 0)
(0.00288165 0.263868 0)
(0.00395575 0.264874 0)
(0.00186951 0.266241 0)
(0.000687511 0.26638 0)
(0.00166472 0.266109 0)
(0.00236 0.266375 0)
(0.00290085 0.2667 0)
(0.00385202 0.266669 0)
(0.00462903 0.266179 0)
(0.00448917 0.26529 0)
(0.00318968 0.264222 0)
(0.00182238 0.263628 0)
(0.00111234 0.263219 0)
(0.000740102 0.262831 0)
(0.000814205 0.262548 0)
(0.00132911 0.262177 0)
(0.00170831 0.261773 0)
(0.00155783 0.261559 0)
(0.00112784 0.261751 0)
(0.00089411 0.261929 0)
(0.000891404 0.262009 0)
(0.000543581 0.262022 0)
(0.000344579 0.261965 0)
(0.000509876 0.261878 0)
(0.00057882 0.262888 0)
(0.00768804 0.262913 0)
(0.0126302 0.264033 0)
(0.00654803 0.264488 0)
(0.00191184 0.264085 0)
(0.00249679 0.264271 0)
(0.00339764 0.264365 0)
(0.00347769 0.264485 0)
(0.00329491 0.264578 0)
(0.00274959 0.264431 0)
(0.00155803 0.264113 0)
(0.000443793 0.263523 0)
(-0.000111573 0.263243 0)
(-0.000474541 0.262876 0)
(-0.000610003 0.262666 0)
(-0.000398403 0.262734 0)
(0.000113471 0.262839 0)
(0.000656944 0.262721 0)
(0.0010705 0.262618 0)
(0.00115299 0.262568 0)
(0.000961199 0.262707 0)
(0.000679511 0.262816 0)
(3.96821e-05 0.262833 0)
(-0.000310327 0.262652 0)
(0.00214652 0.261579 0)
(0.00262824 0.26264 0)
(0.0119854 0.263803 0)
(0.0154374 0.264572 0)
(0.00706338 0.262455 0)
(0.00381844 0.262046 0)
(0.00406037 0.262602 0)
(0.00412811 0.262657 0)
(0.00375754 0.262741 0)
(0.00285924 0.262891 0)
(0.0013098 0.262951 0)
(-0.000693287 0.262838 0)
(-0.00160205 0.262778 0)
(-0.0015991 0.262771 0)
(-0.00177531 0.262917 0)
(-0.00173194 0.263082 0)
(-0.00145279 0.263178 0)
(-0.000908809 0.263278 0)
(-0.000266691 0.263303 0)
(0.000340104 0.263303 0)
(0.000759495 0.263299 0)
(0.000821867 0.263323 0)
(0.000395299 0.263354 0)
(-0.000530013 0.262849 0)
(-0.000808289 0.263349 0)
(0.00368638 0.26362 0)
(0.00440055 0.263836 0)
(0.0129376 0.265109 0)
(0.0132744 0.263291 0)
(0.00316623 0.261239 0)
(0.00493001 0.261631 0)
(0.00526554 0.261588 0)
(0.00475949 0.261554 0)
(0.00396794 0.261649 0)
(0.0021408 0.26176 0)
(-0.000515031 0.261744 0)
(-0.00276752 0.261722 0)
(-0.00324288 0.262025 0)
(-0.00289724 0.262434 0)
(-0.00278969 0.263206 0)
(-0.00265624 0.263471 0)
(-0.00224967 0.263317 0)
(-0.00171347 0.26353 0)
(-0.00100601 0.263666 0)
(-0.000248016 0.263759 0)
(0.000324487 0.263818 0)
(0.000469453 0.263817 0)
(0.000228352 0.263763 0)
(-0.00040676 0.264265 0)
(-0.00118233 0.264534 0)
(0.00367626 0.265306 0)
(0.00457882 0.264833 0)
(0.00990064 0.263029 0)
(0.00909066 0.2611 0)
(0.00179411 0.261172 0)
(0.00420071 0.261166 0)
(0.00507683 0.260847 0)
(0.00469352 0.260781 0)
(0.0032486 0.260764 0)
(0.000270253 0.260624 0)
(-0.00283119 0.260531 0)
(-0.00440204 0.260858 0)
(-0.00423854 0.261629 0)
(-0.0037507 0.262025 0)
(-0.00356851 0.262393 0)
(-0.00326325 0.262809 0)
(-0.00284307 0.263426 0)
(-0.00225008 0.263715 0)
(-0.00145187 0.263948 0)
(-0.000556032 0.264119 0)
(0.000113618 0.264208 0)
(0.00035596 0.264205 0)
(0.000710261 0.264201 0)
(0.00123651 0.265087 0)
(-0.0013049 0.26565 0)
(0.00126533 0.264331 0)
(0.0034443 0.263463 0)
(0.00788019 0.260312 0)
(0.00671453 0.26018 0)
(0.00158309 0.260245 0)
(0.00440231 0.260424 0)
(0.00483802 0.260211 0)
(0.00388235 0.260118 0)
(0.00111781 0.259816 0)
(-0.00245335 0.259516 0)
(-0.00478173 0.259748 0)
(-0.00517346 0.260613 0)
(-0.00459418 0.260153 0)
(-0.00406635 0.262901 0)
(-0.00377691 0.263112 0)
(-0.00351855 0.26301 0)
(-0.00309485 0.263468 0)
(-0.00240662 0.263814 0)
(-0.00147807 0.264094 0)
(-0.000452467 0.264274 0)
(0.000337964 0.264318 0)
(0.000855753 0.26426 0)
(0.0017419 0.264201 0)
(0.00370077 0.263519 0)
(-0.000641664 0.264207 0)
(-0.00187117 0.26419 0)
(0.00128913 0.262847 0)
(0.00793134 0.259385 0)
(0.00682873 0.259733 0)
(0.00195935 0.260078 0)
(0.00474886 0.259828 0)
(0.00424667 0.259794 0)
(0.00172608 0.259406 0)
(-0.00189945 0.258883 0)
(-0.00458599 0.258889 0)
(-0.00540572 0.259571 0)
(-0.00496663 0.259513 0)
(-0.00461328 0.260609 0)
(-0.0042332 0.261041 0)
(-0.004 0.26219 0)
(-0.00363553 0.263033 0)
(-0.0030892 0.263465 0)
(-0.00231133 0.263821 0)
(-0.00130635 0.264087 0)
(-0.000276474 0.264208 0)
(0.000507595 0.264162 0)
(0.0011109 0.264007 0)
(0.00181458 0.26378 0)
(0.00333197 0.263158 0)
(0.000861889 0.26177 0)
(-0.00190512 0.26408 0)
(-0.00065601 0.263056 0)
(0.00816776 0.259093 0)
(0.00763691 0.259452 0)
(0.00224911 0.259971 0)
(0.00415689 0.259548 0)
(0.00234077 0.259264 0)
(-0.00149895 0.258567 0)
(-0.00438505 0.258343 0)
(-0.00540269 0.258859 0)
(-0.0051072 0.25971 0)
(-0.00459492 0.261257 0)
(-0.00416929 0.264478 0)
(-0.00391912 0.262782 0)
(-0.00380611 0.262337 0)
(-0.00344872 0.262976 0)
(-0.00282235 0.263409 0)
(-0.00200673 0.263754 0)
(-0.00102302 0.263986 0)
(-0.00010498 0.264054 0)
(0.000578663 0.263972 0)
(0.0011123 0.263804 0)
(0.00151307 0.263574 0)
(0.00219308 0.263226 0)
(0.00362795 0.261522 0)
(9.44807e-05 0.264287 0)
(-0.00251727 0.262178 0)
(0.00834145 0.258899 0)
(0.00829911 0.259268 0)
(0.00225319 0.259495 0)
(0.00243186 0.259247 0)
(-0.000790641 0.258596 0)
(-0.0043605 0.258153 0)
(-0.00558863 0.258518 0)
(-0.00545707 0.259296 0)
(-0.00490169 0.260172 0)
(-0.00422165 0.261992 0)
(-0.00427023 0.261847 0)
(-0.00335382 0.261449 0)
(-0.00334373 0.262465 0)
(-0.00290245 0.262925 0)
(-0.00226918 0.263307 0)
(-0.00146102 0.263594 0)
(-0.000547831 0.263752 0)
(0.000277014 0.263751 0)
(0.000970823 0.263627 0)
(0.00165383 0.263437 0)
(0.00228879 0.263216 0)
(0.00311486 0.263007 0)
(0.00595849 0.263292 0)
(0.000861719 0.261704 0)
(-0.00390235 0.262859 0)
(0.00843284 0.25884 0)
(0.00844992 0.259172 0)
(0.00159961 0.25925 0)
(-1.6444e-05 0.258904 0)
(-0.00361713 0.258237 0)
(-0.00561715 0.258406 0)
(-0.00551535 0.259071 0)
(-0.00492628 0.259802 0)
(-0.00433686 0.260403 0)
(-0.00399059 0.260341 0)
(-0.00319089 0.260314 0)
(-0.0031311 0.262499 0)
(-0.00285399 0.262436 0)
(-0.00236339 0.262837 0)
(-0.00175352 0.263136 0)
(-0.00102661 0.263333 0)
(-0.000268965 0.263393 0)
(0.000405208 0.263312 0)
(0.00103781 0.263133 0)
(0.00173558 0.262883 0)
(0.00247101 0.262555 0)
(0.00265857 0.262257 0)
(0.00468649 0.262427 0)
(0.000776028 0.25911 0)
(-0.00274927 0.26131 0)
(0.00829159 0.258877 0)
(0.00806999 0.259079 0)
(0.000317215 0.25903 0)
(-0.00245477 0.258649 0)
(-0.00524806 0.258412 0)
(-0.00562785 0.258951 0)
(-0.00494161 0.259597 0)
(-0.00422518 0.260187 0)
(-0.00362052 0.260647 0)
(-0.0031563 0.26108 0)
(-0.00285045 0.261527 0)
(-0.00270604 0.26167 0)
(-0.00233347 0.262365 0)
(-0.00183207 0.262672 0)
(-0.00130601 0.262897 0)
(-0.000732004 0.263021 0)
(-0.000176788 0.263022 0)
(0.000334279 0.262921 0)
(0.000862748 0.262763 0)
(0.00142899 0.262562 0)
(0.00200353 0.262289 0)
(0.0014798 0.262102 0)
(0.00118035 0.260859 0)
(0.00068935 0.261799 0)
(-0.000148948 0.260539 0)
(0.00782753 0.258973 0)
(0.00708959 0.259051 0)
(-0.00116552 0.258862 0)
(-0.00398626 0.258637 0)
(-0.00564463 0.258887 0)
(-0.00509315 0.259474 0)
(-0.00429982 0.260011 0)
(-0.0036348 0.260429 0)
(-0.00307975 0.260904 0)
(-0.00261817 0.26166 0)
(-0.00232104 0.261919 0)
(-0.00211424 0.261872 0)
(-0.00176123 0.262212 0)
(-0.00132281 0.262447 0)
(-0.000918155 0.262601 0)
(-0.000500783 0.262665 0)
(-8.85102e-05 0.262643 0)
(0.000373767 0.262564 0)
(0.000945995 0.262462 0)
(0.00142485 0.262384 0)
(0.00201151 0.262183 0)
(0.00093705 0.262138 0)
(-7.23576e-05 0.261525 0)
(0.000558689 0.262006 0)
(0.00035932 0.263078 0)
(0.00714719 0.259271 0)
(0.00573092 0.259373 0)
(-0.00246499 0.259026 0)
(-0.00449298 0.258972 0)
(-0.005224 0.259432 0)
(-0.00440752 0.259946 0)
(-0.00370003 0.260349 0)
(-0.00310844 0.260755 0)
(-0.00256764 0.261189 0)
(-0.00214215 0.261092 0)
(-0.00184681 0.261225 0)
(-0.00159135 0.261817 0)
(-0.00123688 0.262036 0)
(-0.000906237 0.262189 0)
(-0.000628924 0.262276 0)
(-0.000325232 0.2623 0)
(4.08814e-05 0.262281 0)
(0.000545376 0.262247 0)
(0.00120949 0.26222 0)
(0.00174429 0.262064 0)
(0.00217255 0.262076 0)
(0.00042918 0.261808 0)
(-0.000670906 0.261879 0)
(0.00042967 0.261059 0)
(0.000354426 0.261908 0)
(0.00679799 0.259578 0)
(0.00423128 0.259911 0)
(-0.00406003 0.259434 0)
(-0.00472548 0.259478 0)
(-0.00472083 0.259907 0)
(-0.00386639 0.260288 0)
(-0.00323944 0.260598 0)
(-0.00266159 0.26087 0)
(-0.00210842 0.261133 0)
(-0.00169722 0.261322 0)
(-0.00144077 0.261516 0)
(-0.00117387 0.261712 0)
(-0.000833614 0.26186 0)
(-0.000593194 0.261954 0)
(-0.00040443 0.262001 0)
(-0.000140308 0.26201 0)
(0.000271023 0.261997 0)
(0.00082722 0.261984 0)
(0.00135886 0.261433 0)
(0.001942 0.26159 0)
(0.00190289 0.261546 0)
(-8.83571e-05 0.261047 0)
(-0.000782204 0.261103 0)
(0.000215914 0.261197 0)
(0.000181406 0.26035 0)
(0.00581867 0.259476 0)
(0.00317813 0.258758 0)
(-0.00452345 0.259593 0)
(-0.0049309 0.259706 0)
(-0.00440812 0.260128 0)
(-0.00352756 0.260448 0)
(-0.0028903 0.260721 0)
(-0.0022959 0.260975 0)
(-0.00175261 0.261178 0)
(-0.00133307 0.261311 0)
(-0.0010311 0.261456 0)
(-0.000730572 0.26159 0)
(-0.000439464 0.261697 0)
(-0.000278948 0.261741 0)
(-0.000152813 0.261773 0)
(5.03292e-05 0.261778 0)
(0.000425656 0.261749 0)
(0.000871915 0.261681 0)
(0.00107508 0.261589 0)
(0.00113551 0.261202 0)
(0.000698189 0.260861 0)
(-0.000407973 0.260497 0)
(-0.000481779 0.261174 0)
(-0.000196304 0.260855 0)
(-0.000226233 0.260652 0)
(0.00372054 0.259367 0)
(0.00224782 0.258427 0)
(-0.00312072 0.258973 0)
(-0.00409286 0.259705 0)
(-0.00372953 0.260179 0)
(-0.00304168 0.2605 0)
(-0.00245842 0.26076 0)
(-0.00188699 0.260983 0)
(-0.00136805 0.261146 0)
(-0.000947605 0.261254 0)
(-0.000612577 0.261357 0)
(-0.000312553 0.261446 0)
(-8.09889e-05 0.261464 0)
(3.21047e-05 0.261469 0)
(0.000108397 0.261458 0)
(0.000202283 0.261438 0)
(0.000388565 0.261386 0)
(0.000597697 0.261242 0)
(0.000500462 0.261905 0)
(-0.000121579 0.261204 0)
(-0.000679178 0.26021 0)
(-0.000560646 0.260248 0)
(-0.000281569 0.260584 0)
(-0.000980571 0.260962 0)
(-0.000994149 0.260431 0)
(0.00188766 0.259704 0)
(0.00105212 0.25925 0)
(-0.0017703 0.259535 0)
(-0.00250378 0.259899 0)
(-0.00268762 0.260277 0)
(-0.00234797 0.260578 0)
(-0.00191419 0.260807 0)
(-0.00143237 0.260987 0)
(-0.000970437 0.261112 0)
(-0.000569492 0.261197 0)
(-0.00022466 0.261253 0)
(4.18848e-05 0.261279 0)
(0.000218625 0.26127 0)
(0.000305684 0.26124 0)
(0.000322805 0.261201 0)
(0.000292181 0.26115 0)
(0.000248142 0.261073 0)
(0.000202799 0.260964 0)
(-0.000154777 0.260668 0)
(-0.00118401 0.260637 0)
(-0.00169337 0.26069 0)
(-0.000674558 0.260668 0)
(-0.000177311 0.26082 0)
(-0.00199443 0.260006 0)
(-0.00200407 0.259562 0)
(0.000934107 0.25999 0)
(0.000363029 0.259812 0)
(-0.0011873 0.258659 0)
(-0.00161624 0.260224 0)
(-0.00187373 0.260576 0)
(-0.001653 0.26071 0)
(-0.00138062 0.260881 0)
(-0.000994072 0.261007 0)
(-0.000590613 0.26106 0)
(-0.000213415 0.261071 0)
(0.00013254 0.261116 0)
(0.000390188 0.261155 0)
(0.000535274 0.261126 0)
(0.000596125 0.261071 0)
(0.000561488 0.261017 0)
(0.000400539 0.260959 0)
(0.000122176 0.260891 0)
(-0.00024837 0.260812 0)
(-0.000836576 0.260658 0)
(-0.00196938 0.260768 0)
(-0.00249504 0.261105 0)
(-0.000809165 0.260815 0)
(0.000117292 0.260678 0)
(-0.00287848 0.260784 0)
(-0.00303628 0.260356 0)
(0.000422589 0.259314 0)
(-2.0254e-05 0.259228 0)
(-0.000866183 0.261518 0)
(-0.00116312 0.260496 0)
(-0.00124252 0.2592 0)
(-0.00118471 0.260761 0)
(-0.000972281 0.260897 0)
(-0.00064116 0.260987 0)
(-0.000277168 0.26103 0)
(9.31372e-05 0.26108 0)
(0.000456436 0.261091 0)
(0.000734677 0.26105 0)
(0.000871878 0.260996 0)
(0.00093823 0.260916 0)
(0.000890134 0.260842 0)
(0.000642796 0.260794 0)
(0.000171111 0.260746 0)
(-0.000505241 0.260683 0)
(-0.00132054 0.260638 0)
(-0.00223332 0.26073 0)
(-0.0027624 0.260763 0)
(-0.00119849 0.260974 0)
(-5.29791e-05 0.261183 0)
(-0.00360768 0.262007 0)
(-0.00385343 0.261958 0)
(-3.16266e-05 0.261717 0)
(-0.000341547 0.261723 0)
(-0.000808916 0.26064 0)
(-0.000585632 0.25946 0)
(-0.000619105 0.261817 0)
(-0.000759927 0.260735 0)
(-0.000545206 0.260857 0)
(-0.000297869 0.260943 0)
(1.66945e-05 0.26099 0)
(0.00037365 0.261018 0)
(0.00075946 0.260998 0)
(0.00107312 0.26093 0)
(0.00121873 0.260864 0)
(0.00129745 0.260836 0)
(0.00131141 0.26075 0)
(0.00107555 0.260602 0)
(0.000510182 0.260566 0)
(-0.000345036 0.260564 0)
(-0.00124612 0.260378 0)
(-0.00182603 0.260397 0)
(-0.00213725 0.260795 0)
(-0.00147681 0.261433 0)
(-0.000594419 0.260841 0)
(-0.0038082 0.261334 0)
(-0.00396186 0.261564 0)
(-0.000305999 0.26066 0)
(-0.000357912 0.260475 0)
(-0.000253824 0.259399 0)
(-0.000493274 0.260392 0)
(-0.000672241 0.261052 0)
(-0.000339153 0.260795 0)
(-0.000221116 0.260854 0)
(-1.31954e-06 0.260908 0)
(0.000271692 0.260937 0)
(0.000609413 0.26095 0)
(0.00100369 0.260919 0)
(0.00135967 0.26084 0)
(0.00154254 0.260793 0)
(0.00162288 0.259784 0)
(0.00170222 0.259747 0)
(0.00158698 0.260498 0)
(0.00108679 0.260382 0)
(0.000213143 0.260398 0)
(-0.000740135 0.260471 0)
(-0.00120041 0.2606 0)
(-0.00130496 0.260839 0)
(-0.00131867 0.260988 0)
(-0.000906813 0.261216 0)
(-0.00328734 0.260542 0)
(-0.00338697 0.260844 0)
(-0.0004069 0.259373 0)
(-0.000513176 0.25934 0)
(-0.000309749 0.262544 0)
(-0.000396097 0.262647 0)
(-0.000439369 0.259287 0)
(-0.000325342 0.260716 0)
(-0.000108472 0.260774 0)
(0.000138974 0.26082 0)
(0.000422911 0.260843 0)
(0.00077576 0.260838 0)
(0.0011991 0.260799 0)
(0.00162467 0.260726 0)
(0.00192661 0.260616 0)
(0.00206065 0.260225 0)
(0.00200666 0.260004 0)
(0.00187658 0.259736 0)
(0.001677 0.26022 0)
(0.00094961 0.26021 0)
(5.20276e-05 0.2603 0)
(-0.0003071 0.260458 0)
(-0.00053574 0.260748 0)
(-0.00130425 0.260909 0)
(-0.00112953 0.260494 0)
(-0.00304059 0.260812 0)
(-0.00312281 0.260562 0)
(-0.000470021 0.262338 0)
(-0.000637509 0.262359 0)
(-0.000304846 0.259807 0)
(-9.27793e-05 0.260039 0)
(-0.000234591 0.26275 0)
(-0.000130725 0.260623 0)
(7.63949e-05 0.260666 0)
(0.000303709 0.2607 0)
(0.000560385 0.260715 0)
(0.000887443 0.260701 0)
(0.00128927 0.260647 0)
(0.00169749 0.260547 0)
(0.00202557 0.260377 0)
(0.00222283 0.262128 0)
(0.00233111 0.262008 0)
(0.0023376 0.259449 0)
(0.00218967 0.25988 0)
(0.00170025 0.259964 0)
(0.00099705 0.260019 0)
(0.000854566 0.260182 0)
(0.000394148 0.26045 0)
(-0.00145042 0.260606 0)
(-0.00159624 0.260604 0)
(-0.00317423 0.260101 0)
(-0.0032383 0.260192 0)
(-0.000440706 0.25986 0)
(-0.00034064 0.25993 0)
(7.23764e-05 0.259336 0)
(-0.000276685 0.259356 0)
(-0.000312844 0.260021 0)
(-8.79311e-05 0.260672 0)
(9.84063e-05 0.260661 0)
(0.00032206 0.260658 0)
(0.000558325 0.260649 0)
(0.000844859 0.260629 0)
(0.00119479 0.260568 0)
(0.00155832 0.260494 0)
(0.00181356 0.260381 0)
(0.00225991 0.259705 0)
(0.00278643 0.259625 0)
(0.00283215 0.261424 0)
(0.00269175 0.259951 0)
(0.00231829 0.259723 0)
(0.00191693 0.259692 0)
(0.00193537 0.259828 0)
(0.00116559 0.25989 0)
(-0.00147422 0.259938 0)
(-0.00187525 0.259774 0)
(-0.0033666 0.260089 0)
(-0.00343851 0.25986 0)
(-0.000292318 0.2592 0)
(-0.000369238 0.259158 0)
(-2.24428e-05 0.262453 0)
(-0.000167805 0.262549 0)
(-0.000555008 0.259143 0)
(-0.000434615 0.260526 0)
(-0.000145259 0.260552 0)
(0.000143337 0.260562 0)
(0.000418245 0.260557 0)
(0.000727888 0.260536 0)
(0.0010507 0.260486 0)
(0.00148004 0.260211 0)
(0.00189181 0.260312 0)
(0.00204369 0.258922 0)
(0.00229365 0.258791 0)
(0.00290048 0.260842 0)
(0.00274556 0.259821 0)
(0.00251781 0.259505 0)
(0.0024838 0.259406 0)
(0.00246163 0.259454 0)
(0.00125622 0.259297 0)
(-0.00127528 0.259132 0)
(-0.00159503 0.259705 0)
(-0.00347346 0.259491 0)
(-0.00364425 0.259431 0)
(-0.000229452 0.26174 0)
(-0.000408327 0.262294 0)
(-7.02702e-05 0.259569 0)
(8.03644e-05 0.259676 0)
(-0.000435002 0.262544 0)
(-0.000394403 0.260383 0)
(-0.000146068 0.260425 0)
(7.65674e-05 0.26044 0)
(0.000314602 0.260433 0)
(0.000600018 0.260409 0)
(0.000920479 0.260386 0)
(0.00116593 0.259127 0)
(0.00157645 0.260253 0)
(0.00196454 0.262147 0)
(0.00222134 0.261986 0)
(0.00250621 0.258531 0)
(0.00252862 0.25945 0)
(0.00238776 0.259372 0)
(0.00262125 0.259257 0)
(0.00234277 0.259178 0)
(0.000775448 0.258893 0)
(-0.000860882 0.258757 0)
(-0.000831098 0.259068 0)
(-0.00351587 0.25937 0)
(-0.00384413 0.259105 0)
(-0.000174272 0.260149 0)
(-0.000101897 0.259583 0)
(0.000312617 0.259209 0)
(-0.000203173 0.259253 0)
(-0.000720092 0.259769 0)
(-0.000559069 0.260443 0)
(-0.000313481 0.260425 0)
(-0.000126953 0.260409 0)
(8.22288e-05 0.260385 0)
(0.000331366 0.260356 0)
(0.000661583 0.260286 0)
(0.000842645 0.261674 0)
(0.00111259 0.259157 0)
(0.00179952 0.259498 0)
(0.00231575 0.259402 0)
(0.0022355 0.258678 0)
(0.00212765 0.259588 0)
(0.00211313 0.259459 0)
(0.00236385 0.259319 0)
(0.00176358 0.25913 0)
(0.000344563 0.258842 0)
(-0.000375408 0.258983 0)
(-0.000202376 0.259363 0)
(-0.00358096 0.259131 0)
(-0.00408666 0.258998 0)
(-3.41904e-05 0.259505 0)
(-0.000144994 0.259049 0)
(0.000242327 0.262143 0)
(-9.21874e-05 0.262239 0)
(-0.0010525 0.258909 0)
(-0.00106296 0.260288 0)
(-0.00070205 0.260314 0)
(-0.000463204 0.260321 0)
(-0.000208274 0.260322 0)
(9.37267e-05 0.260308 0)
(0.000376944 0.260275 0)
(0.00099092 0.260385 0)
(0.00116933 0.259876 0)
(0.00129362 0.258782 0)
(0.00142066 0.258666 0)
(0.00147315 0.261162 0)
(0.00150844 0.259666 0)
(0.00164662 0.259563 0)
(0.00178906 0.259432 0)
(0.00105317 0.259211 0)
(0.00015382 0.259073 0)
(-4.14823e-06 0.259203 0)
(8.82017e-06 0.259138 0)
(-0.00377306 0.259321 0)
(-0.00433262 0.259074 0)
(-6.7018e-05 0.260197 0)
(-0.000328247 0.261934 0)
(-7.96679e-05 0.259271 0)
(-1.04159e-05 0.259039 0)
(-0.000677893 0.262061 0)
(-0.000830592 0.260113 0)
(-0.000691732 0.260183 0)
(-0.000541275 0.260212 0)
(-0.000313009 0.260234 0)
(-4.31765e-05 0.260231 0)
(0.000278464 0.260219 0)
(0.000557931 0.258766 0)
(0.000898928 0.262186 0)
(0.00107994 0.262106 0)
(0.00111651 0.260775 0)
(0.00126443 0.259775 0)
(0.0013424 0.259742 0)
(0.00137649 0.259652 0)
(0.00126045 0.259543 0)
(0.000547238 0.259313 0)
(5.11574e-05 0.259312 0)
(0.000140212 0.259313 0)
(0.000164949 0.259529 0)
(-0.00383235 0.259302 0)
(-0.00448736 0.259264 0)
(-0.000147574 0.260808 0)
(-0.000232801 0.259362 0)
(-0.000248258 0.258894 0)
(-0.000507073 0.258793 0)
(-0.000584933 0.259301 0)
(-0.000518301 0.260186 0)
(-0.000691581 0.260218 0)
(-0.000616349 0.260234 0)
(-0.000433635 0.260254 0)
(-0.00023723 0.260262 0)
(2.11615e-05 0.260224 0)
(0.000286714 0.262428 0)
(0.000518475 0.259699 0)
(0.00099388 0.259409 0)
(0.0011554 0.260196 0)
(0.00107964 0.258817 0)
(0.00106661 0.259781 0)
(0.00103185 0.259778 0)
(0.000676573 0.259678 0)
(9.87508e-05 0.259478 0)
(-6.73587e-05 0.259484 0)
(0.000264933 0.259459 0)
(0.000347482 0.259433 0)
(-0.00375691 0.259549 0)
(-0.00442247 0.259503 0)
(-5.51006e-05 0.259513 0)
(-0.000311529 0.258769 0)
(-0.000478531 0.262013 0)
(-0.000482773 0.262044 0)
(-0.000435471 0.258756 0)
(-0.000606363 0.260135 0)
(-0.000788981 0.260195 0)
(-0.000716957 0.26024 0)
(-0.000516669 0.260278 0)
(-0.000318567 0.260307 0)
(-0.000110183 0.260334 0)
(0.000275593 0.259631 0)
(0.000660939 0.258902 0)
(0.000624828 0.258858 0)
(0.000707882 0.261157 0)
(0.000801272 0.261966 0)
(0.000775989 0.259957 0)
(0.000730475 0.259831 0)
(0.000234036 0.259765 0)
(-0.000244009 0.259699 0)
(-0.000182371 0.259707 0)
(0.000329201 0.259715 0)
(0.000529307 0.259805 0)
(-0.00345278 0.259615 0)
(-0.00419191 0.259711 0)
(-5.23101e-05 0.25965 0)
(-0.000398049 0.262003 0)
(-0.000582824 0.259258 0)
(-0.000304062 0.259331 0)
(-0.000214232 0.262173 0)
(-0.000358024 0.26011 0)
(-0.000617854 0.260161 0)
(-0.000599948 0.260218 0)
(-0.000428771 0.260248 0)
(-0.000214156 0.260258 0)
(3.96366e-06 0.260273 0)
(0.000253846 0.258791 0)
(0.000282948 0.262204 0)
(0.000268234 0.262261 0)
(0.000244538 0.259264 0)
(0.000585446 0.259316 0)
(0.000781015 0.260068 0)
(0.000661696 0.259914 0)
(0.000173936 0.259859 0)
(-0.000183963 0.259861 0)
(-4.37957e-05 0.259949 0)
(0.00035793 0.259984 0)
(0.000501582 0.259754 0)
(-0.00322763 0.259789 0)
(-0.00396571 0.259727 0)
(-3.17492e-06 0.260482 0)
(-0.000126204 0.259379 0)
(-0.000366709 0.259035 0)
(-0.000644758 0.258981 0)
(-0.000437295 0.259536 0)
(-0.000361245 0.260204 0)
(-0.000618077 0.260198 0)
(-0.00060083 0.260238 0)
(-0.000500673 0.260248 0)
(-0.000337796 0.260239 0)
(-0.000170514 0.260194 0)
(4.7003e-07 0.262351 0)
(5.17097e-05 0.260801 0)
(0.000440553 0.259501 0)
(0.00078208 0.258952 0)
(0.000611776 0.258923 0)
(0.000509664 0.259963 0)
(0.000504897 0.259955 0)
(0.000166671 0.259899 0)
(2.63365e-05 0.259926 0)
(0.000183919 0.259994 0)
(0.000180197 0.260012 0)
(0.000264716 0.259879 0)
(-0.00332641 0.25969 0)
(-0.00411101 0.259459 0)
(0.000172514 0.259891 0)
(-0.000239434 0.259042 0)
(-0.000619551 0.262137 0)
(-0.000686143 0.262174 0)
(-0.000703136 0.258832 0)
(-0.000749191 0.260172 0)
(-0.0007635 0.260202 0)
(-0.000671428 0.260252 0)
(-0.000586151 0.26029 0)
(-0.000449437 0.260304 0)
(-0.000279527 0.260301 0)
(-7.68616e-05 0.259651 0)
(0.000498039 0.259061 0)
(0.000750967 0.258821 0)
(0.000538408 0.262029 0)
(0.000423965 0.262005 0)
(0.000344907 0.259983 0)
(0.000416341 0.259923 0)
(0.000223729 0.25988 0)
(0.000199747 0.259897 0)
(0.000303442 0.259883 0)
(1.94492e-06 0.259851 0)
(-1.73482e-05 0.259646 0)
(-0.00381926 0.259607 0)
(-0.00460129 0.259204 0)
(9.65792e-05 0.260478 0)
(-0.000604619 0.26216 0)
(-0.000923498 0.259463 0)
(-0.00065791 0.259503 0)
(-0.000731529 0.262212 0)
(-0.000743338 0.259956 0)
(-0.000673831 0.260166 0)
(-0.000562734 0.260191 0)
(-0.000470318 0.260216 0)
(-0.000297475 0.260221 0)
(-0.000106938 0.260259 0)
(0.000234188 0.258751 0)
(0.000142036 0.259447 0)
(0.000285581 0.26213 0)
(5.46984e-05 0.260596 0)
(0.000307113 0.260456 0)
(0.000513141 0.260014 0)
(0.000453008 0.259955 0)
(0.000304772 0.259906 0)
(0.000266903 0.259877 0)
(0.000265924 0.259833 0)
(-0.000296611 0.259756 0)
(-0.000294533 0.259608 0)
(-0.00438112 0.259438 0)
(-0.00522123 0.259015 0)
(-0.000467971 0.259663 0)
(-0.00103631 0.259499 0)
(-0.00136835 0.259107 0)
(-0.00149403 0.259027 0)
(-0.00124725 0.260473 0)
(-0.000975799 0.260512 0)
(-0.000831666 0.2604 0)
(-0.000660367 0.260383 0)
(-0.000522556 0.260361 0)
(-0.000329774 0.260341 0)
(-8.73146e-05 0.260248 0)
(7.31082e-05 0.262236 0)
(0.000147226 0.260676 0)
(0.000182282 0.260623 0)
(0.000633544 0.258892 0)
(0.000654544 0.258873 0)
(0.000600606 0.25998 0)
(0.000476487 0.259884 0)
(0.000297857 0.259785 0)
(0.000207401 0.2597 0)
(7.79034e-05 0.259603 0)
(-0.000714916 0.259486 0)
(-0.000671016 0.259341 0)
(-0.00503874 0.259248 0)
(-0.00585964 0.258884 0)
(-0.000580332 0.259626 0)
(-0.00135602 0.259327 0)
(-0.00180079 0.260907 0)
(-0.00189182 0.260861 0)
(-0.00167792 0.257885 0)
(-0.00135846 0.258967 0)
(-0.00112836 0.258768 0)
(-0.000929168 0.258754 0)
(-0.000761247 0.258726 0)
(-0.00059738 0.258687 0)
(-0.000406464 0.258783 0)
(-0.00025732 0.2592 0)
(0.000142538 0.259127 0)
(0.000467997 0.25789 0)
(0.000638069 0.258798 0)
(0.000516671 0.258796 0)
(0.000373698 0.258805 0)
(0.000249668 0.258767 0)
(5.72755e-05 0.25871 0)
(-8.14119e-05 0.258638 0)
(-0.00026133 0.25855 0)
(-0.000925347 0.258428 0)
(-0.000758085 0.258477 0)
(-0.00520065 0.258299 0)
(-0.00595274 0.258244 0)
(0.000198489 0.259764 0)
(-0.000867569 0.26041 0)
(-0.00226815 0.260335 0)
(-0.00209143 0.260248 0)
(-0.00168392 0.259966 0)
(-0.00139765 0.259673 0)
(-0.00114246 0.259735 0)
(-0.00090371 0.25974 0)
(-0.000672673 0.259775 0)
(-0.000441458 0.25983 0)
(-0.000244804 0.259745 0)
(4.51757e-05 0.258793 0)
(0.000336829 0.259486 0)
(0.000355649 0.259163 0)
(0.000516461 0.259263 0)
(0.000489045 0.259056 0)
(0.000377348 0.258882 0)
(0.000213916 0.258761 0)
(-9.59995e-06 0.258681 0)
(-0.000188908 0.258683 0)
(-0.000505417 0.25865 0)
(-0.00115588 0.258553 0)
(-0.000941389 0.258402 0)
(-0.00474382 0.258445 0)
(-0.00527529 0.25874 0)
(0.00218938 0.265217 0)
(-0.000269697 0.263262 0)
(-0.0033424 0.262878 0)
(-0.00294425 0.262859 0)
(-0.00238836 0.26409 0)
(-0.00209325 0.264168 0)
(-0.00179315 0.264305 0)
(-0.0014951 0.264358 0)
(-0.00122755 0.264404 0)
(-0.000997346 0.264454 0)
(-0.000748549 0.264348 0)
(-0.000603137 0.264345 0)
(-0.000391664 0.264445 0)
(-0.000141545 0.263975 0)
(-5.52081e-05 0.264157 0)
(6.21952e-05 0.264164 0)
(0.000247591 0.264265 0)
(0.000482565 0.264377 0)
(0.000723436 0.264567 0)
(0.000562993 0.265053 0)
(-0.000268382 0.265241 0)
(-0.00173124 0.265586 0)
(-0.00130768 0.265776 0)
(-0.00447575 0.26647 0)
(-0.00524341 0.270116 0)
(-0.0017367 0.276211 0)
(-0.00713154 0.279693 0)
(-0.00679183 0.275464 0)
(-0.00348907 0.275773 0)
(-0.00203018 0.277872 0)
(-0.00145843 0.278485 0)
(-0.00102997 0.279051 0)
(-0.00050899 0.279381 0)
(5.9045e-06 0.279707 0)
(0.00047353 0.279987 0)
(0.00091392 0.280401 0)
(0.00138018 0.280518 0)
(0.00182592 0.281035 0)
(0.00222895 0.282209 0)
(0.00261632 0.282781 0)
(0.00307176 0.28371 0)
(0.00331799 0.284759 0)
(0.00350428 0.285827 0)
(0.00389489 0.286967 0)
(0.00379417 0.28788 0)
(0.00310917 0.289182 0)
(0.00236541 0.289384 0)
(0.00479802 0.289018 0)
(0.00760192 0.291266 0)
(0.00297541 0.285783 0)
(-0.0155801 0.307245 0)
(-0.0204323 0.299712 0)
(-0.00921541 0.298124 0)
(-0.00323298 0.301135 0)
(-0.00091478 0.303025 0)
(-0.000410916 0.303673 0)
(-0.000218361 0.303253 0)
(3.76648e-05 0.302755 0)
(0.000435629 0.302405 0)
(0.000890623 0.302175 0)
(0.00135537 0.302011 0)
(0.00184309 0.302009 0)
(0.00231928 0.302137 0)
(0.00278483 0.302488 0)
(0.00320783 0.30296 0)
(0.00357128 0.303647 0)
(0.00382268 0.304534 0)
(0.00384326 0.30566 0)
(0.00356716 0.307089 0)
(0.00321495 0.308664 0)
(0.00326379 0.310369 0)
(0.00452334 0.310532 0)
(0.0095073 0.30857 0)
(0.0215413 0.308247 0)
(0.0181172 0.310723 0)
(-0.0140651 0.122561 0)
(-0.0202188 0.129863 0)
(-0.00783486 0.133793 0)
(-0.00129129 0.138702 0)
(0.000907385 0.139965 0)
(0.00113727 0.138219 0)
(0.000837372 0.135925 0)
(0.000557404 0.13402 0)
(0.000446119 0.132674 0)
(0.000480292 0.131827 0)
(0.000596012 0.131294 0)
(0.000755122 0.131133 0)
(0.000927158 0.131349 0)
(0.00109507 0.131924 0)
(0.00123166 0.132873 0)
(0.00130207 0.134254 0)
(0.00126124 0.136185 0)
(0.00102275 0.138726 0)
(0.000526206 0.142086 0)
(-0.000115369 0.146312 0)
(-0.000283908 0.151107 0)
(0.00168793 0.153906 0)
(0.00904913 0.150495 0)
(0.0240216 0.144857 0)
(0.0169204 0.131978 0)
(-0.049066 0.0882735 0)
(-0.0497203 0.124545 0)
(-0.0135735 0.134919 0)
(-0.000918822 0.139609 0)
(0.00393726 0.13706 0)
(0.00411518 0.131598 0)
(0.00277063 0.126362 0)
(0.00144512 0.122437 0)
(0.000538051 0.119902 0)
(1.12832e-05 0.118483 0)
(-0.000256759 0.117786 0)
(-0.000373858 0.11775 0)
(-0.000409441 0.118316 0)
(-0.000414514 0.119477 0)
(-0.000442543 0.121272 0)
(-0.000572333 0.123807 0)
(-0.0009241 0.127269 0)
(-0.00169718 0.132049 0)
(-0.00310243 0.138455 0)
(-0.00494782 0.146759 0)
(-0.00565917 0.156764 0)
(-0.000693528 0.165029 0)
(0.015439 0.164087 0)
(0.0648145 0.162634 0)
(0.078169 0.140821 0)
(-0.273902 -0.0459929 0)
(-0.138524 0.272831 0)
(-0.0608027 0.297618 0)
(-0.0335162 0.271127 0)
(-0.0238384 0.254337 0)
(-0.023309 0.236724 0)
(-0.0259886 0.222331 0)
(-0.0289748 0.212256 0)
(-0.031003 0.205761 0)
(-0.0315658 0.201989 0)
(-0.0305567 0.200284 0)
(-0.0279758 0.200502 0)
(-0.0238803 0.2025 0)
(-0.0185774 0.206162 0)
(-0.0124756 0.211613 0)
(-0.0057862 0.219051 0)
(0.00111444 0.228905 0)
(0.00729396 0.242222 0)
(0.0114689 0.260711 0)
(0.0132674 0.285105 0)
(0.0143276 0.316166 0)
(0.0227159 0.34885 0)
(0.0517136 0.384594 0)
(0.147252 0.413444 0)
(0.34243 0.0545405 0)
(-0.40167 -0.272258 0)
(-0.373004 0.338049 0)
(-0.0915163 0.308844 0)
(-0.0642036 0.249601 0)
(-0.0712553 0.192824 0)
(-0.0877883 0.148442 0)
(-0.101748 0.121552 0)
(-0.110798 0.105883 0)
(-0.114841 0.092904 0)
(-0.113216 0.0817508 0)
(-0.106076 0.0721346 0)
(-0.0943956 0.0639835 0)
(-0.0794093 0.0588473 0)
(-0.0613918 0.0570423 0)
(-0.0411396 0.0584923 0)
(-0.0199492 0.0622431 0)
(0.0014579 0.0708105 0)
(0.0213753 0.0884231 0)
(0.0349392 0.115932 0)
(0.0344596 0.15645 0)
(0.0183097 0.221444 0)
(0.00433109 0.310775 0)
(0.0324604 0.424241 0)
(0.375232 0.532438 0)
(0.538901 -0.214807 0)
(-0.00914627 -0.00748777 0)
(-0.0973035 0.0778032 0)
(0.0114448 0.304208 0)
(0.0138171 0.21146 0)
(-0.00675194 0.139631 0)
(-0.0269857 0.0911546 0)
(-0.0353135 0.0662385 0)
(-0.0371108 0.0548528 0)
(-0.0350767 0.043733 0)
(-0.0306349 0.0326465 0)
(-0.0261442 0.0230619 0)
(-0.0212611 0.0152389 0)
(-0.0169603 0.0100321 0)
(-0.0132265 0.00720918 0)
(-0.00972235 0.00708335 0)
(-0.00605752 0.00890522 0)
(-0.00254024 0.0112887 0)
(0.00172637 0.0199401 0)
(0.00575058 0.0392995 0)
(0.0016718 0.0714566 0)
(-0.0224748 0.131166 0)
(-0.0703406 0.212519 0)
(-0.0893163 0.375718 0)
(0.145538 0.16013 0)
(0.0209902 -0.0203917 0)
(0.00067126 0.00018166 0)
(-0.000940365 0.000656938 0)
(-0.000392525 0.0016601 0)
(0.000421075 0.00100223 0)
(8.87932e-05 0.000376885 0)
(-4.45457e-06 0.00018855 0)
(-1.05254e-05 0.000121742 0)
(-8.15091e-06 6.91333e-05 0)
(-7.30909e-06 3.26618e-05 0)
(-6.39033e-06 1.61685e-05 0)
(-7.19577e-06 1.24463e-05 0)
(-7.76484e-06 1.74639e-05 0)
(-7.19322e-06 2.34936e-05 0)
(-4.29127e-06 3.22529e-05 0)
(-5.61249e-06 8.35553e-05 0)
(2.0975e-07 6.21323e-05 0)
(-5.0545e-06 5.08027e-05 0)
(5.81735e-06 0.000109533 0)
(-2.25139e-06 0.000136112 0)
(-0.000103637 0.00011497 0)
(-0.000152257 6.2307e-05 0)
(-0.000553285 0.000635311 0)
(0.000132168 0.00281532 0)
(0.00084932 0.000737135 0)
(-0.000153542 3.73815e-06 0)
(0.000369176 0.000615417 0)
(-6.90808e-05 1.17946e-05 0)
(-1.63698e-05 5.70737e-06 0)
(-2.82247e-05 -1.0072e-05 0)
(-1.84874e-05 -1.03899e-05 0)
(-1.22217e-05 1.23681e-06 0)
(-6.21154e-06 3.26737e-06 0)
(-2.93313e-06 2.93565e-06 0)
(-3.14719e-06 3.68105e-06 0)
(-3.24816e-06 6.3007e-06 0)
(-2.6528e-06 7.14462e-06 0)
(-1.45243e-06 4.60803e-06 0)
(8.93877e-07 -1.70291e-06 0)
(7.37983e-06 -7.8268e-06 0)
(-5.20138e-09 1.71612e-05 0)
(1.75211e-05 -1.68818e-06 0)
(2.79009e-05 6.07313e-06 0)
(1.85397e-05 6.11853e-05 0)
(2.84417e-05 0.000158879 0)
(-1.27856e-05 0.000169392 0)
(-8.28284e-05 -0.000121754 0)
(-9.87059e-05 -0.000273392 0)
(-4.33993e-05 -0.000187775 0)
(6.66706e-06 -0.000114479 0)
(-8.13328e-05 9.52392e-05 0)
)
;

boundaryField
{
    inlet
    {
        type            calculated;
        value           uniform (0 0.1 0);
    }
    outlet
    {
        type            calculated;
        value           nonuniform List<vector> 
25
(
(0.000369176 0.000615417 0)
(-6.90808e-05 1.17946e-05 0)
(-1.63698e-05 5.70737e-06 0)
(-2.82247e-05 -1.0072e-05 0)
(-1.84874e-05 -1.03899e-05 0)
(-1.22217e-05 1.23681e-06 0)
(-6.21154e-06 3.26737e-06 0)
(-2.93313e-06 2.93565e-06 0)
(0 1.83692e-07 0)
(0 2.86107e-06 0)
(0 4.50863e-06 0)
(0 1.02534e-05 0)
(0 1.00958e-05 0)
(0 5.27936e-05 0)
(0 0.000137652 0)
(0 1.01207e-05 0)
(0 0.000164105 0)
(0 0.000178272 0)
(0 0.00019968 0)
(0 0.000207352 0)
(-8.28284e-05 -0.000121754 0)
(-9.87059e-05 -0.000273392 0)
(-4.33993e-05 -0.000187775 0)
(6.66706e-06 -0.000114479 0)
(-8.13328e-05 9.52392e-05 0)
)
;
    }
    walls
    {
        type            calculated;
        value           uniform (0 0 0);
    }
    defaultFaces
    {
        type            empty;
    }
}


// ************************************************************************* //
