/*--------------------------------*- C++ -*----------------------------------*\
| =========                 |                                                 |
| \\      /  F ield         | OpenFOAM: The Open Source CFD Toolbox           |
|  \\    /   O peration     | Version:  2.3.0                                 |
|   \\  /    A nd           | Web:      www.OpenFOAM.org                      |
|    \\/     M anipulation  |                                                 |
\*---------------------------------------------------------------------------*/
FoamFile
{
    version     2.0;
    format      ascii;
    class       volScalarField;
    location    "0.456";
    object      nut;
}
// * * * * * * * * * * * * * * * * * * * * * * * * * * * * * * * * * * * * * //

dimensions      [0 2 -1 0 0 0 0];

internalField   nonuniform List<scalar> 
545
(
4.99176
4.75347
4.37321
4.04518
3.82071
5.08842
4.76445
4.36157
4.02515
3.7832
5.25461
4.77336
4.33366
3.98359
3.7161
5.50591
4.76611
4.28886
3.92411
3.61352
5.87843
4.72515
4.2373
3.86035
3.46899
3.706
3.64338
3.62349
3.61725
3.61531
3.61472
3.61454
3.61449
3.61448
3.61448
3.61449
3.6145
3.6145
3.61451
3.61452
3.61453
3.61453
3.61454
3.61455
3.61455
3.61456
3.61456
3.61457
3.61458
3.61458
3.61459
3.61459
3.61459
3.6146
3.6146
3.6146
3.61461
3.61461
3.61461
3.61462
3.61462
3.61462
3.61462
3.61462
3.61463
3.61463
3.61463
3.61463
3.61463
3.61463
3.6773
3.63459
3.62071
3.61638
3.61504
3.61463
3.61451
3.61448
3.61448
3.61448
3.61449
3.6145
3.61451
3.61451
3.61452
3.61453
3.61454
3.61454
3.61455
3.61455
3.61456
3.61457
3.61457
3.61458
3.61458
3.61459
3.61459
3.61459
3.6146
3.6146
3.61461
3.61461
3.61461
3.61461
3.61462
3.61462
3.61462
3.61462
3.61463
3.61463
3.61463
3.61463
3.61463
3.61463
3.61463
3.63553
3.61987
3.61599
3.6149
3.61458
3.61449
3.61447
3.61447
3.61447
3.61448
3.61449
3.6145
3.61451
3.61451
3.61452
3.61453
3.61454
3.61454
3.61455
3.61456
3.61456
3.61457
3.61457
3.61458
3.61458
3.61459
3.61459
3.6146
3.6146
3.6146
3.61461
3.61461
3.61461
3.61462
3.61462
3.61462
3.61462
3.61462
3.61463
3.61463
3.61463
3.61463
3.61463
3.61463
3.61463
3.58119
3.60269
3.6107
3.61327
3.61408
3.61433
3.61442
3.61445
3.61447
3.61448
3.61449
3.6145
3.61451
3.61451
3.61452
3.61453
3.61454
3.61454
3.61455
3.61456
3.61456
3.61457
3.61457
3.61458
3.61458
3.61459
3.61459
3.6146
3.6146
3.6146
3.61461
3.61461
3.61461
3.61462
3.61462
3.61462
3.61462
3.61462
3.61463
3.61463
3.61463
3.61463
3.61463
3.61463
3.61463
3.51784
3.58816
3.6065
3.61198
3.61368
3.61421
3.61438
3.61444
3.61447
3.61448
3.61449
3.6145
3.61451
3.61452
3.61452
3.61453
3.61454
3.61454
3.61455
3.61456
3.61456
3.61457
3.61457
3.61458
3.61458
3.61459
3.61459
3.6146
3.6146
3.6146
3.61461
3.61461
3.61461
3.61462
3.61462
3.61462
3.61462
3.61463
3.61463
3.61463
3.61463
3.61463
3.61463
3.61463
3.61463
3.5249
3.58374
3.60479
3.61144
3.61351
3.61416
3.61437
3.61444
3.61447
3.61448
3.61449
3.6145
3.61451
3.61452
3.61452
3.61453
3.61454
3.61454
3.61455
3.61456
3.61456
3.61457
3.61457
3.61458
3.61458
3.61459
3.61459
3.6146
3.6146
3.6146
3.61461
3.61461
3.61461
3.61462
3.61462
3.61462
3.61462
3.61463
3.61463
3.61463
3.61463
3.61463
3.61463
3.61463
3.61463
5.87843
4.72515
4.2373
3.86035
3.46899
5.50591
4.76611
4.28886
3.92411
3.61352
5.25461
4.77336
4.33366
3.98359
3.71611
5.08842
4.76445
4.36157
4.02515
3.7832
4.99176
4.75347
4.37321
4.04518
3.82071
3.51784
3.58816
3.6065
3.61198
3.61368
3.61421
3.61438
3.61444
3.61447
3.61448
3.61449
3.6145
3.61451
3.61452
3.61452
3.61453
3.61454
3.61454
3.61455
3.61456
3.61456
3.61457
3.61457
3.61458
3.61458
3.61459
3.61459
3.6146
3.6146
3.6146
3.61461
3.61461
3.61461
3.61462
3.61462
3.61462
3.61462
3.61463
3.61463
3.61463
3.61463
3.61463
3.61463
3.61463
3.61463
3.58119
3.60269
3.6107
3.61327
3.61408
3.61433
3.61442
3.61445
3.61447
3.61448
3.61449
3.6145
3.61451
3.61451
3.61452
3.61453
3.61454
3.61454
3.61455
3.61456
3.61456
3.61457
3.61457
3.61458
3.61458
3.61459
3.61459
3.6146
3.6146
3.6146
3.61461
3.61461
3.61461
3.61462
3.61462
3.61462
3.61462
3.61462
3.61463
3.61463
3.61463
3.61463
3.61463
3.61463
3.61463
3.63553
3.61987
3.61599
3.6149
3.61458
3.61449
3.61447
3.61447
3.61447
3.61448
3.61449
3.6145
3.61451
3.61451
3.61452
3.61453
3.61454
3.61454
3.61455
3.61456
3.61456
3.61457
3.61457
3.61458
3.61458
3.61459
3.61459
3.6146
3.6146
3.6146
3.61461
3.61461
3.61461
3.61462
3.61462
3.61462
3.61462
3.61462
3.61463
3.61463
3.61463
3.61463
3.61463
3.61463
3.61463
3.6773
3.63459
3.62071
3.61638
3.61504
3.61463
3.61451
3.61448
3.61448
3.61448
3.61449
3.6145
3.61451
3.61451
3.61452
3.61453
3.61454
3.61454
3.61455
3.61455
3.61456
3.61457
3.61457
3.61458
3.61458
3.61459
3.61459
3.61459
3.6146
3.6146
3.61461
3.61461
3.61461
3.61461
3.61462
3.61462
3.61462
3.61462
3.61463
3.61463
3.61463
3.61463
3.61463
3.61463
3.61463
3.706
3.64338
3.62349
3.61725
3.61531
3.61472
3.61454
3.61449
3.61448
3.61448
3.61449
3.6145
3.6145
3.61451
3.61452
3.61453
3.61453
3.61454
3.61455
3.61455
3.61456
3.61457
3.61457
3.61458
3.61458
3.61459
3.61459
3.61459
3.6146
3.6146
3.61461
3.61461
3.61461
3.61461
3.61462
3.61462
3.61462
3.61462
3.61462
3.61463
3.61463
3.61463
3.61463
3.61463
3.61463
)
;

boundaryField
{
    AirInlet
    {
        type            fixedValue;
        value           uniform 0;
    }
    WaterInlet
    {
        type            fixedValue;
        value           uniform 0;
    }
    ChannelWall
    {
        type            fixedValue;
        value           uniform 0;
    }
    Outlet
    {
        type            calculated;
        value           nonuniform List<scalar> 
11
(
3.61463
3.61463
3.61463
3.61463
3.61463
3.61463
3.61463
3.61463
3.61463
3.61463
3.61463
)
;
    }
    FrontAndBack
    {
        type            empty;
    }
}


// ************************************************************************* //
