/*--------------------------------*- C++ -*----------------------------------*\
| =========                 |                                                 |
| \\      /  F ield         | OpenFOAM: The Open Source CFD Toolbox           |
|  \\    /   O peration     | Version:  2.3.0                                 |
|   \\  /    A nd           | Web:      www.OpenFOAM.org                      |
|    \\/     M anipulation  |                                                 |
\*---------------------------------------------------------------------------*/
FoamFile
{
    version     2.0;
    format      ascii;
    class       volVectorField;
    location    "0.2";
    object      U;
}
// * * * * * * * * * * * * * * * * * * * * * * * * * * * * * * * * * * * * * //

dimensions      [0 1 -1 0 0 0 0];

internalField   nonuniform List<vector> 
2268
(
(-0.0257688 0.00701206 0)
(-0.0114561 -0.0120583 0)
(0.0466878 -0.0208894 0)
(0.113321 -0.0231202 0)
(0.183666 -0.0233647 0)
(0.255652 -0.0233292 0)
(0.32886 -0.0234491 0)
(0.403682 -0.0237426 0)
(0.480528 -0.0241344 0)
(0.559463 -0.0245209 0)
(0.640079 -0.0247606 0)
(0.72137 -0.0246591 0)
(0.801537 -0.0239553 0)
(0.877715 -0.0222981 0)
(0.945606 -0.0191879 0)
(0.998523 -0.013807 0)
(1.02839 -0.0034077 0)
(1.01277 0.0144762 0)
(0.924949 0.0424619 0)
(0.734665 0.0781627 0)
(0.443712 0.105679 0)
(0.0249092 0.0881458 0)
(-0.195128 -0.0887672 0)
(-0.00369879 0.0110252 0)
(0.0279628 -0.0273574 0)
(0.0876415 -0.0449849 0)
(0.153998 -0.0504906 0)
(0.223399 -0.0521604 0)
(0.294624 -0.0531528 0)
(0.367509 -0.0543523 0)
(0.442395 -0.055842 0)
(0.51955 -0.0574538 0)
(0.598903 -0.0589087 0)
(0.67992 -0.0598227 0)
(0.761482 -0.0596862 0)
(0.841715 -0.0578304 0)
(0.917771 -0.0533702 0)
(0.985538 -0.0450733 0)
(1.0394 -0.0310785 0)
(1.07107 -0.00763149 0)
(1.0773 0.0297434 0)
(1.04937 0.0862856 0)
(0.959646 0.161915 0)
(0.775909 0.237355 0)
(0.385388 0.245064 0)
(0.109703 0.00320872 0)
(0.0126144 -0.000627688 0)
(0.0537533 -0.0511362 0)
(0.11584 -0.073651 0)
(0.181974 -0.0810152 0)
(0.250168 -0.0835928 0)
(0.320128 -0.0853822 0)
(0.391968 -0.0875135 0)
(0.466023 -0.0900651 0)
(0.542478 -0.0927525 0)
(0.621167 -0.0951203 0)
(0.701481 -0.096556 0)
(0.782249 -0.0962584 0)
(0.861595 -0.0931858 0)
(0.936749 -0.0859729 0)
(1.00382 -0.0727839 0)
(1.05759 -0.0510315 0)
(1.09089 -0.0171272 0)
(1.09614 0.0345618 0)
(1.06662 0.111344 0)
(0.991135 0.217784 0)
(0.861267 0.342287 0)
(0.578353 0.395612 0)
(0.268539 0.15918 0)
(0.0209409 -0.0183884 0)
(0.0708989 -0.0789271 0)
(0.136735 -0.104263 0)
(0.203563 -0.112551 0)
(0.271102 -0.115705 0)
(0.340071 -0.118209 0)
(0.410951 -0.12127 0)
(0.484153 -0.124891 0)
(0.559839 -0.128648 0)
(0.637806 -0.1319 0)
(0.717412 -0.133805 0)
(0.797481 -0.133276 0)
(0.87617 -0.128912 0)
(0.950809 -0.118901 0)
(1.01772 -0.100849 0)
(1.072 -0.0715126 0)
(1.10721 -0.0265408 0)
(1.11563 0.0400772 0)
(1.08961 0.135757 0)
(1.01935 0.266293 0)
(0.898592 0.428983 0)
(0.669291 0.539448 0)
(0.353497 0.368357 0)
(0.0247185 -0.0406075 0)
(0.081781 -0.109865 0)
(0.151652 -0.136271 0)
(0.219806 -0.144576 0)
(0.287249 -0.147983 0)
(0.355608 -0.151146 0)
(0.425752 -0.155174 0)
(0.498222 -0.159924 0)
(0.573214 -0.164804 0)
(0.650535 -0.168982 0)
(0.729556 -0.171388 0)
(0.80913 -0.170657 0)
(0.88748 -0.165047 0)
(0.962056 -0.152327 0)
(1.02938 -0.129596 0)
(1.08488 -0.0930101 0)
(1.12269 -0.0375363 0)
(1.1356 0.0433002 0)
(1.11589 0.157272 0)
(1.05374 0.311065 0)
(0.936958 0.507569 0)
(0.729801 0.677519 0)
(0.40659 0.610048 0)
(0.0266824 -0.065247 0)
(0.0885857 -0.143075 0)
(0.161755 -0.169384 0)
(0.231267 -0.176874 0)
(0.298891 -0.180145 0)
(0.366911 -0.183835 0)
(0.436514 -0.188805 0)
(0.50838 -0.194697 0)
(0.582768 -0.200731 0)
(0.659528 -0.205877 0)
(0.738081 -0.208843 0)
(0.817345 -0.207996 0)
(0.895634 -0.20127 0)
(0.970536 -0.186045 0)
(1.03879 -0.158961 0)
(1.09615 -0.115643 0)
(1.13727 -0.050458 0)
(1.15569 0.0435715 0)
(1.14404 0.174802 0)
(1.0929 0.351591 0)
(0.984344 0.581884 0)
(0.795422 0.813591 0)
(0.455245 0.882458 0)
(0.0281174 -0.0914605 0)
(0.0928189 -0.177797 0)
(0.168079 -0.203337 0)
(0.238535 -0.20943 0)
(0.306315 -0.212241 0)
(0.37409 -0.216308 0)
(0.443256 -0.22216 0)
(0.514589 -0.229179 0)
(0.58842 -0.236379 0)
(0.664664 -0.242535 0)
(0.742819 -0.246134 0)
(0.821896 -0.245288 0)
(0.900326 -0.237623 0)
(0.975851 -0.220157 0)
(1.04542 -0.189115 0)
(1.10515 -0.139663 0)
(1.15025 -0.0656851 0)
(1.17509 0.0402749 0)
(1.17315 0.187306 0)
(1.13622 0.386062 0)
(1.04279 0.649677 0)
(0.884908 0.946931 0)
(0.520226 1.1791 0)
(0.0294478 -0.118676 0)
(0.0953322 -0.213485 0)
(0.171391 -0.237768 0)
(0.242184 -0.242094 0)
(0.309891 -0.244225 0)
(0.377367 -0.248541 0)
(0.446095 -0.2552 0)
(0.516898 -0.263308 0)
(0.590164 -0.27167 0)
(0.665886 -0.278868 0)
(0.743659 -0.283179 0)
(0.822615 -0.282468 0)
(0.901322 -0.274064 0)
(0.977682 -0.254647 0)
(1.04887 -0.220077 0)
(1.11133 -0.165156 0)
(1.16089 -0.083433 0)
(1.19284 0.0328756 0)
(1.20198 0.193561 0)
(1.18231 0.411618 0)
(1.11295 0.704777 0)
(1.00414 1.06818 0)
(0.597052 1.54153 0)
(-0.0453915 0.0192558 0)
(-0.145057 0.0292633 0)
(-0.247815 0.0217073 0)
(-0.302106 0.00808648 0)
(-0.314095 3.80994e-05 0)
(-0.304487 -0.00528827 0)
(-0.282804 -0.0074555 0)
(-0.255278 -0.00824307 0)
(-0.225446 -0.00828293 0)
(-0.195854 -0.0078766 0)
(-0.167789 -0.00721751 0)
(-0.141982 -0.00643139 0)
(-0.118825 -0.00558768 0)
(-0.0984216 -0.00481032 0)
(-0.0805791 -0.00406093 0)
(-0.0647076 -0.00353368 0)
(-0.0497096 -0.0035272 0)
(-0.03439 -0.00456487 0)
(-0.0135438 -0.00615328 0)
(-0.0982113 0.0622316 0)
(-0.209176 0.0727841 0)
(-0.290534 0.0512645 0)
(-0.323932 0.0199878 0)
(-0.32686 0.00095644 0)
(-0.315439 -0.01084 0)
(-0.291807 -0.0168559 0)
(-0.262502 -0.019561 0)
(-0.230962 -0.0201627 0)
(-0.199812 -0.0195065 0)
(-0.170492 -0.0181369 0)
(-0.143725 -0.0164132 0)
(-0.119794 -0.0145694 0)
(-0.0986459 -0.0128242 0)
(-0.0799238 -0.0113015 0)
(-0.0629855 -0.0103031 0)
(-0.0468574 -0.0103184 0)
(-0.0311401 -0.0120389 0)
(-0.0119876 -0.0148421 0)
(-0.115925 0.125005 0)
(-0.226483 0.115104 0)
(-0.297334 0.0747628 0)
(-0.330964 0.027397 0)
(-0.332982 -0.00119111 0)
(-0.319752 -0.0184146 0)
(-0.29504 -0.027846 0)
(-0.264779 -0.0322009 0)
(-0.232348 -0.033154 0)
(-0.200391 -0.0320057 0)
(-0.170453 -0.0296774 0)
(-0.143271 -0.0268058 0)
(-0.119043 -0.0238165 0)
(-0.097612 -0.021021 0)
(-0.0785323 -0.0186631 0)
(-0.0611475 -0.0171203 0)
(-0.0445892 -0.016954 0)
(-0.0288065 -0.0190301 0)
(-0.0103572 -0.0231577 0)
(-0.128599 0.197321 0)
(-0.248251 0.156987 0)
(-0.310812 0.097294 0)
(-0.342071 0.0344939 0)
(-0.340182 -0.00363862 0)
(-0.324263 -0.0267065 0)
(-0.29791 -0.0395469 0)
(-0.266473 -0.045568 0)
(-0.233071 -0.0468784 0)
(-0.200292 -0.0451923 0)
(-0.169726 -0.0418299 0)
(-0.142131 -0.0377249 0)
(-0.117648 -0.0335135 0)
(-0.0960318 -0.0296362 0)
(-0.0767654 -0.0264373 0)
(-0.0591868 -0.0243453 0)
(-0.0424946 -0.0239501 0)
(-0.0267708 -0.0262382 0)
(-0.00900551 -0.0310882 0)
(-0.149085 0.278308 0)
(-0.283259 0.198916 0)
(-0.332895 0.117588 0)
(-0.358083 0.0394148 0)
(-0.349852 -0.00797727 0)
(-0.32994 -0.0362704 0)
(-0.301193 -0.0521426 0)
(-0.268199 -0.0596245 0)
(-0.233635 -0.061186 0)
(-0.19992 -0.0588569 0)
(-0.168639 -0.0543385 0)
(-0.140565 -0.0488954 0)
(-0.1158 -0.0433885 0)
(-0.0940228 -0.0383887 0)
(-0.0746578 -0.0343229 0)
(-0.0570356 -0.0316484 0)
(-0.0404056 -0.0309487 0)
(-0.0249035 -0.0332572 0)
(-0.00800312 -0.0383079 0)
(-0.182492 0.377781 0)
(-0.334537 0.240237 0)
(-0.364072 0.133572 0)
(-0.379238 0.0408193 0)
(-0.362276 -0.0149442 0)
(-0.336895 -0.0474957 0)
(-0.304947 -0.0657663 0)
(-0.270008 -0.0743574 0)
(-0.234124 -0.0759961 0)
(-0.199403 -0.0729138 0)
(-0.16735 -0.0671309 0)
(-0.138746 -0.0602448 0)
(-0.113667 -0.05336 0)
(-0.0917323 -0.0471852 0)
(-0.0723174 -0.042215 0)
(-0.0547444 -0.0389137 0)
(-0.0383091 -0.0378328 0)
(-0.0231705 -0.0400038 0)
(-0.0072208 -0.0449748 0)
(-0.236023 0.493897 0)
(-0.40419 0.278143 0)
(-0.403798 0.142512 0)
(-0.404672 0.0373972 0)
(-0.377019 -0.0252542 0)
(-0.344752 -0.0607721 0)
(-0.308823 -0.0805969 0)
(-0.271575 -0.0898302 0)
(-0.234272 -0.0913193 0)
(-0.198562 -0.0873662 0)
(-0.165777 -0.0802246 0)
(-0.136664 -0.0718017 0)
(-0.111286 -0.063455 0)
(-0.0892207 -0.0560407 0)
(-0.0698077 -0.0501131 0)
(-0.0523616 -0.0461284 0)
(-0.0362226 -0.0445838 0)
(-0.0215546 -0.0464745 0)
(-0.00654071 -0.0511493 0)
(-0.3049 0.667355 0)
(-0.483669 0.302721 0)
(-0.448677 0.141364 0)
(-0.431634 0.0281274 0)
(-0.392712 -0.039235 0)
(-0.352603 -0.0762627 0)
(-0.312061 -0.0966693 0)
(-0.272193 -0.105992 0)
(-0.233429 -0.107063 0)
(-0.196834 -0.102122 0)
(-0.163464 -0.0935494 0)
(-0.133974 -0.0835153 0)
(-0.108406 -0.0736318 0)
(-0.0863104 -0.064912 0)
(-0.0670069 -0.0579679 0)
(-0.049806 -0.05324 0)
(-0.03409 -0.0511615 0)
(-0.0200042 -0.0526584 0)
(-0.00588197 -0.0569394 0)
(0.0310718 -0.162402 0)
(0.0969566 -0.27044 0)
(0.172279 -0.291906 0)
(0.242504 -0.293194 0)
(0.30961 -0.294137 0)
(0.37644 -0.2987 0)
(0.44444 -0.306494 0)
(0.514413 -0.316223 0)
(0.586807 -0.326382 0)
(0.661746 -0.335267 0)
(0.739009 -0.340846 0)
(0.81795 -0.34061 0)
(0.897372 -0.331437 0)
(0.97542 -0.309503 0)
(1.04957 -0.270171 0)
(1.11678 -0.207831 0)
(1.17378 -0.115763 0)
(1.21744 0.0139422 0)
(1.24506 0.191216 0)
(1.25573 0.430826 0)
(1.24278 0.752891 0)
(1.24804 1.16903 0)
(1.17672 1.83442 0)
(0.0324879 -0.222427 0)
(0.0967245 -0.346697 0)
(0.168148 -0.363646 0)
(0.235001 -0.361187 0)
(0.299647 -0.36099 0)
(0.364576 -0.366102 0)
(0.430921 -0.375481 0)
(0.499337 -0.38743 0)
(0.570293 -0.400154 0)
(0.644088 -0.411671 0)
(0.720795 -0.419606 0)
(0.800119 -0.420978 0)
(0.88118 -0.412044 0)
(0.962325 -0.388306 0)
(1.04118 -0.344596 0)
(1.11502 -0.275129 0)
(1.1813 -0.17351 0)
(1.23832 -0.0325836 0)
(1.28539 0.15657 0)
(1.32461 0.407178 0)
(1.35631 0.73519 0)
(1.39723 1.14386 0)
(1.47644 1.72188 0)
(0.0337365 -0.283043 0)
(0.0948241 -0.418115 0)
(0.160253 -0.430098 0)
(0.221997 -0.425025 0)
(0.282841 -0.424702 0)
(0.344708 -0.430969 0)
(0.40832 -0.442235 0)
(0.474157 -0.456602 0)
(0.542707 -0.472174 0)
(0.614469 -0.48685 0)
(0.68986 -0.498013 0)
(0.768977 -0.502204 0)
(0.851174 -0.494904 0)
(0.934683 -0.470746 0)
(1.0167 -0.423984 0)
(1.09398 -0.348866 0)
(1.16365 -0.239734 0)
(1.22359 -0.0907608 0)
(1.27253 0.105178 0)
(1.30931 0.3552 0)
(1.33583 0.67055 0)
(1.36166 1.0551 0)
(1.45615 1.56127 0)
(0.0346928 -0.343495 0)
(0.0913301 -0.483433 0)
(0.149492 -0.490224 0)
(0.20523 -0.483846 0)
(0.261372 -0.484377 0)
(0.319133 -0.4923 0)
(0.378825 -0.505666 0)
(0.440772 -0.522588 0)
(0.505502 -0.54127 0)
(0.573742 -0.559661 0)
(0.646293 -0.575005 0)
(0.723691 -0.583282 0)
(0.805398 -0.578804 0)
(0.888994 -0.554816 0)
(0.970308 -0.50469 0)
(1.04446 -0.422713 0)
(1.10679 -0.304115 0)
(1.15211 -0.145162 0)
(1.17682 0.0585291 0)
(1.18443 0.322996 0)
(1.19035 0.651708 0)
(1.23256 1.01918 0)
(1.32656 1.51729 0)
(0.0352598 -0.402988 0)
(0.0861405 -0.541374 0)
(0.1364 -0.543344 0)
(0.185967 -0.537084 0)
(0.237 -0.539256 0)
(0.289929 -0.549092 0)
(0.344704 -0.564551 0)
(0.401514 -0.583969 0)
(0.460918 -0.605839 0)
(0.523827 -0.628338 0)
(0.591427 -0.6487 0)
(0.664787 -0.662208 0)
(0.74335 -0.661231 0)
(0.823235 -0.636661 0)
(0.897709 -0.580522 0)
(0.95942 -0.48701 0)
(1.00124 -0.352497 0)
(1.0197 -0.173828 0)
(1.01243 0.0605519 0)
(0.974654 0.347434 0)
(0.916264 0.653528 0)
(1.0428 0.950043 0)
(1.18943 1.42885 0)
(0.0343484 -0.460532 0)
(0.078705 -0.591019 0)
(0.121426 -0.589533 0)
(0.165466 -0.584759 0)
(0.211549 -0.588981 0)
(0.259406 -0.600623 0)
(0.308722 -0.617836 0)
(0.359549 -0.639347 0)
(0.412379 -0.664077 0)
(0.468126 -0.69061 0)
(0.528227 -0.716425 0)
(0.59444 -0.736026 0)
(0.666108 -0.738467 0)
(0.736803 -0.710768 0)
(0.796567 -0.642995 0)
(0.83741 -0.530616 0)
(0.858005 -0.373547 0)
(0.853739 -0.167174 0)
(0.776843 0.0926571 0)
(0.776084 0.406815 0)
(0.861617 0.65315 0)
(0.905878 0.70795 0)
(1.07852 1.29117 0)
(0.0284159 -0.513073 0)
(0.0683999 -0.632436 0)
(0.105627 -0.629827 0)
(0.145545 -0.627375 0)
(0.18739 -0.633562 0)
(0.230529 -0.646585 0)
(0.27452 -0.664961 0)
(0.319249 -0.687847 0)
(0.36495 -0.714611 0)
(0.41213 -0.744321 0)
(0.462115 -0.775119 0)
(0.517438 -0.801088 0)
(0.577342 -0.805769 0)
(0.632361 -0.769921 0)
(0.672429 -0.683855 0)
(0.694442 -0.553264 0)
(0.699289 -0.381797 0)
(0.756205 -0.0758493 0)
(0.813688 0.181318 0)
(0.829647 0.39702 0)
(0.853689 0.588592 0)
(0.792197 0.709854 0)
(0.936367 1.0058 0)
(0.0143814 -0.55559 0)
(0.0566908 -0.669148 0)
(0.0917049 -0.666999 0)
(0.128891 -0.66651 0)
(0.167408 -0.674231 0)
(0.206661 -0.688204 0)
(0.24618 -0.707203 0)
(0.285661 -0.730702 0)
(0.324893 -0.758304 0)
(0.363511 -0.789189 0)
(0.402184 -0.822321 0)
(0.443253 -0.852902 0)
(0.485952 -0.856697 0)
(0.521878 -0.807768 0)
(0.543392 -0.708415 0)
(0.556067 -0.569665 0)
(0.610804 -0.403228 0)
(0.647285 -0.165444 0)
(0.668935 0.0736758 0)
(0.69626 0.315788 0)
(0.738624 0.552518 0)
(0.737939 0.766852 0)
(0.757556 0.972968 0)
(0.00476634 -0.5883 0)
(0.0509089 -0.708691 0)
(0.0834634 -0.704863 0)
(0.117817 -0.705188 0)
(0.153608 -0.71389 0)
(0.190044 -0.728272 0)
(0.226513 -0.747135 0)
(0.262538 -0.770036 0)
(0.297513 -0.796399 0)
(0.330203 -0.824941 0)
(0.360437 -0.855684 0)
(0.386878 -0.886837 0)
(0.408621 -0.887007 0)
(0.425432 -0.831032 0)
(0.435588 -0.730531 0)
(0.488661 -0.602104 0)
(0.495357 -0.422603 0)
(0.47166 -0.193025 0)
(0.463107 0.0494606 0)
(0.477413 0.284008 0)
(0.521446 0.508247 0)
(0.583183 0.7194 0)
(0.616544 0.957982 0)
(0.0512827 -0.622329 0)
(0.0651813 -0.74902 0)
(0.0823503 -0.739896 0)
(0.112221 -0.741518 0)
(0.14588 -0.750453 0)
(0.1808 -0.763999 0)
(0.215885 -0.781231 0)
(0.250639 -0.801673 0)
(0.284597 -0.824433 0)
(0.31728 -0.847705 0)
(0.348754 -0.871023 0)
(0.365189 -0.90178 0)
(0.363229 -0.902722 0)
(0.362921 -0.845718 0)
(0.392585 -0.751127 0)
(0.376323 -0.598191 0)
(0.32407 -0.39513 0)
(0.271088 -0.164668 0)
(0.237411 0.061575 0)
(0.229995 0.268601 0)
(0.25699 0.453254 0)
(0.329071 0.618935 0)
(0.411103 0.829203 0)
(0.252483 -0.696072 0)
(0.112107 -0.753476 0)
(0.0878766 -0.750937 0)
(0.113288 -0.762536 0)
(0.147123 -0.773544 0)
(0.183847 -0.787086 0)
(0.221777 -0.803581 0)
(0.260854 -0.822419 0)
(0.302317 -0.840428 0)
(0.341474 -0.858394 0)
(0.375089 -0.878776 0)
(0.381714 -0.901704 0)
(0.343818 -0.902962 0)
(0.346402 -0.842162 0)
(0.295486 -0.719554 0)
(0.220902 -0.540806 0)
(0.140357 -0.328239 0)
(0.0695329 -0.109094 0)
(0.017429 0.09458 0)
(-0.0106748 0.270803 0)
(-0.00828677 0.414071 0)
(0.0365511 0.527724 0)
(0.114902 0.670602 0)
(0.520878 -0.916652 0)
(0.119682 -0.647916 0)
(0.106421 -0.732602 0)
(0.129496 -0.773268 0)
(0.161784 -0.790839 0)
(0.200587 -0.809236 0)
(0.239826 -0.832491 0)
(0.277183 -0.865374 0)
(0.3079 -0.920026 0)
(0.334007 -0.954792 0)
(0.349517 -0.936832 0)
(0.348072 -0.896939 0)
(0.310674 -0.868395 0)
(0.243159 -0.782311 0)
(0.152754 -0.638212 0)
(0.0556879 -0.450957 0)
(-0.0360316 -0.24391 0)
(-0.11502 -0.0400767 0)
(-0.176957 0.143239 0)
(-0.219651 0.294956 0)
(-0.241223 0.407839 0)
(-0.240628 0.481904 0)
(-0.219098 0.563718 0)
(-0.0715437 -1.21411 0)
(0.0209453 -0.486534 0)
(0.096185 -0.70623 0)
(0.133521 -0.852228 0)
(0.164962 -0.897053 0)
(0.196943 -0.919354 0)
(0.226621 -0.935681 0)
(0.252627 -0.943632 0)
(0.268349 -0.942834 0)
(0.267885 -0.933992 0)
(0.25316 -0.906803 0)
(0.223515 -0.861645 0)
(0.168698 -0.797547 0)
(0.0876867 -0.690792 0)
(-0.00826126 -0.53806 0)
(-0.105699 -0.353032 0)
(-0.195033 -0.156519 0)
(-0.271463 0.0323802 0)
(-0.332923 0.199148 0)
(-0.379739 0.334399 0)
(-0.414586 0.432051 0)
(-0.445455 0.492019 0)
(-0.477762 0.544819 0)
(-0.156781 -0.995339 0)
(-0.0208724 -0.716615 0)
(0.0761916 -0.798304 0)
(0.113392 -0.857715 0)
(0.134088 -0.883794 0)
(0.150762 -0.898701 0)
(0.163655 -0.910213 0)
(0.170456 -0.918083 0)
(0.167019 -0.919601 0)
(0.149927 -0.906715 0)
(0.119089 -0.871837 0)
(0.0736328 -0.812061 0)
(0.00949657 -0.724519 0)
(-0.0719551 -0.600993 0)
(-0.161696 -0.442806 0)
(-0.249656 -0.262512 0)
(-0.32817 -0.0770309 0)
(-0.393732 0.0981192 0)
(-0.44539 0.251101 0)
(-0.484624 0.374983 0)
(-0.515735 0.466649 0)
(-0.548171 0.528989 0)
(-0.588468 0.583519 0)
(-0.0560204 -0.919319 0)
(-0.00760533 -0.845996 0)
(0.0519933 -0.856843 0)
(0.0712498 -0.877989 0)
(0.0794494 -0.893496 0)
(0.0820717 -0.904361 0)
(0.0799604 -0.911222 0)
(0.0713634 -0.911995 0)
(0.0535721 -0.902579 0)
(0.0241708 -0.876608 0)
(-0.0175871 -0.828092 0)
(-0.0718896 -0.75356 0)
(-0.139033 -0.650643 0)
(-0.215835 -0.517531 0)
(-0.295025 -0.358638 0)
(-0.369014 -0.185384 0)
(-0.432143 -0.0117044 0)
(-0.481754 0.149754 0)
(-0.517581 0.289668 0)
(-0.541347 0.403309 0)
(-0.556867 0.49004 0)
(-0.571063 0.554978 0)
(-0.587494 0.615336 0)
(-0.0149689 -0.908834 0)
(-0.0051189 -0.878776 0)
(0.0144361 -0.877989 0)
(0.0184129 -0.884968 0)
(0.0153679 -0.893031 0)
(0.00664692 -0.898733 0)
(-0.00744564 -0.899668 0)
(-0.0281235 -0.89256 0)
(-0.0570703 -0.873061 0)
(-0.0956543 -0.835964 0)
(-0.144165 -0.77641 0)
(-0.201916 -0.691408 0)
(-0.267265 -0.580022 0)
(-0.336304 -0.44368 0)
(-0.402984 -0.28836 0)
(-0.461443 -0.124489 0)
(-0.507638 0.0363253 0)
(-0.539773 0.183714 0)
(-0.558086 0.310471 0)
(-0.564375 0.413485 0)
(-0.561676 0.493458 0)
(-0.554487 0.555902 0)
(-0.544171 0.614194 0)
(-0.0130668 -0.892645 0)
(-0.0199881 -0.883053 0)
(-0.0232982 -0.878396 0)
(-0.0325424 -0.878937 0)
(-0.0464562 -0.881402 0)
(-0.065278 -0.881927 0)
(-0.0893146 -0.877032 0)
(-0.119443 -0.862846 0)
(-0.156616 -0.835036 0)
(-0.201346 -0.789175 0)
(-0.253217 -0.721558 0)
(-0.31076 -0.630263 0)
(-0.371373 -0.515669 0)
(-0.43102 -0.380936 0)
(-0.484723 -0.232657 0)
(-0.528025 -0.0800928 0)
(-0.558124 0.0670333 0)
(-0.574069 0.20026 0)
(-0.576597 0.314076 0)
(-0.567604 0.40648 0)
(-0.549639 0.478706 0)
(-0.525848 0.535682 0)
(-0.496934 0.587437 0)
(-0.0180874 -0.869441 0)
(-0.0375533 -0.869678 0)
(-0.0559201 -0.864078 0)
(-0.0764539 -0.86148 0)
(-0.100154 -0.859838 0)
(-0.127806 -0.855701 0)
(-0.16003 -0.845461 0)
(-0.197433 -0.825223 0)
(-0.240382 -0.790961 0)
(-0.288691 -0.738969 0)
(-0.341318 -0.666557 0)
(-0.39626 -0.572832 0)
(-0.450564 -0.459205 0)
(-0.500461 -0.329674 0)
(-0.541948 -0.190784 0)
(-0.571767 -0.0506731 0)
(-0.588128 0.0825781 0)
(-0.590817 0.202131 0)
(-0.580984 0.303791 0)
(-0.560602 0.386281 0)
(-0.531946 0.450942 0)
(-0.497524 0.501863 0)
(-0.458075 0.546555 0)
(-0.0228198 -0.837231 0)
(-0.0524771 -0.843275 0)
(-0.0816158 -0.838409 0)
(-0.111351 -0.834265 0)
(-0.143276 -0.82966 0)
(-0.178227 -0.821709 0)
(-0.216864 -0.807069 0)
(-0.259527 -0.782134 0)
(-0.306116 -0.743357 0)
(-0.355915 -0.687753 0)
(-0.407443 -0.613505 0)
(-0.458429 -0.520558 0)
(-0.505944 -0.410992 0)
(-0.546693 -0.289085 0)
(-0.577564 -0.160967 0)
(-0.596298 -0.0336642 0)
(-0.601922 0.0861497 0)
(-0.594787 0.192989 0)
(-0.576308 0.283642 0)
(-0.548466 0.357283 0)
(-0.513355 0.415164 0)
(-0.473167 0.460585 0)
(-0.42885 0.499273 0)
(-0.0262332 -0.79724 0)
(-0.0633861 -0.807499 0)
(-0.100137 -0.804063 0)
(-0.136905 -0.799288 0)
(-0.175198 -0.792621 0)
(-0.215692 -0.781757 0)
(-0.258923 -0.763796 0)
(-0.304968 -0.735591 0)
(-0.353369 -0.694161 0)
(-0.403052 -0.637198 0)
(-0.452284 -0.563599 0)
(-0.49875 -0.473906 0)
(-0.53975 -0.370541 0)
(-0.572536 -0.257708 0)
(-0.594777 -0.140926 0)
(-0.605007 -0.0261825 0)
(-0.602865 0.0810389 0)
(-0.589081 0.176344 0)
(-0.5652 0.257244 0)
(-0.533143 0.323182 0)
(-0.494857 0.375256 0)
(-0.452344 0.416113 0)
(-0.40671 0.450211 0)
(-0.0281436 -0.752037 0)
(-0.0701481 -0.765346 0)
(-0.111945 -0.763498 0)
(-0.153608 -0.7586 0)
(-0.196338 -0.750571 0)
(-0.240557 -0.737648 0)
(-0.286611 -0.717436 0)
(-0.334342 -0.687316 0)
(-0.383039 -0.644885 0)
(-0.431419 -0.588435 0)
(-0.477665 -0.517406 0)
(-0.519564 -0.432719 0)
(-0.554741 -0.336878 0)
(-0.58098 -0.233802 0)
(-0.596588 -0.128336 0)
(-0.600695 -0.025523 0)
(-0.593363 0.0701359 0)
(-0.575541 0.155115 0)
(-0.548797 0.227452 0)
(-0.514958 0.286755 0)
(-0.475828 0.333955 0)
(-0.433253 0.371183 0)
(-0.388409 0.401956 0)
(-0.0287449 -0.704052 0)
(-0.0732106 -0.719409 0)
(-0.117858 -0.718984 0)
(-0.162425 -0.714221 0)
(-0.207736 -0.705366 0)
(-0.253949 -0.691137 0)
(-0.301202 -0.66964 0)
(-0.34915 -0.638784 0)
(-0.396925 -0.596705 0)
(-0.443159 -0.542196 0)
(-0.486071 -0.475093 0)
(-0.52364 -0.396509 0)
(-0.553835 -0.308863 0)
(-0.574906 -0.215675 0)
(-0.58566 -0.121117 0)
(-0.585643 -0.0294068 0)
(-0.575187 0.0557625 0)
(-0.555338 0.131552 0)
(-0.527624 0.196393 0)
(-0.493746 0.24999 0)
(-0.455369 0.293116 0)
(-0.414182 0.32749 0)
(-0.371365 0.355904 0)
(-0.0282963 -0.655405 0)
(-0.0732234 -0.671887 0)
(-0.118867 -0.672538 0)
(-0.164572 -0.667998 0)
(-0.210802 -0.658722 0)
(-0.257464 -0.643819 0)
(-0.304509 -0.621851 0)
(-0.351457 -0.591209 0)
(-0.397367 -0.550502 0)
(-0.440876 -0.498932 0)
(-0.48032 -0.4366 0)
(-0.513908 -0.364679 0)
(-0.539938 -0.285401 0)
(-0.557045 -0.201847 0)
(-0.564403 -0.117556 0)
(-0.561842 -0.0360345 0)
(-0.549843 0.0396886 0)
(-0.529468 0.107323 0)
(-0.502157 0.165593 0)
(-0.469473 0.214264 0)
(-0.432936 0.253967 0)
(-0.394079 0.28608 0)
(-0.354034 0.31282 0)
(-0.0270552 -0.607796 0)
(-0.0708948 -0.624565 0)
(-0.116018 -0.625865 0)
(-0.161381 -0.621536 0)
(-0.207123 -0.612128 0)
(-0.25294 -0.597055 0)
(-0.298627 -0.575257 0)
(-0.343618 -0.545544 0)
(-0.386961 -0.50692 0)
(-0.427369 -0.458901 0)
(-0.463337 -0.40176 0)
(-0.493311 -0.336646 0)
(-0.515887 -0.26555 0)
(-0.530005 -0.191115 0)
(-0.535104 -0.11631 0)
(-0.531191 -0.0440351 0)
(-0.518818 0.0232298 0)
(-0.499004 0.0836359 0)
(-0.473075 0.136135 0)
(-0.442446 0.180529 0)
(-0.408486 0.217321 0)
(-0.372572 0.247604 0)
(-0.335758 0.273134 0)
(-0.0252861 -0.562479 0)
(-0.066921 -0.578816 0)
(-0.110344 -0.580339 0)
(-0.154187 -0.576143 0)
(-0.19832 -0.566801 0)
(-0.242273 -0.551935 0)
(-0.285719 -0.530785 0)
(-0.328049 -0.502498 0)
(-0.368345 -0.466395 0)
(-0.405434 -0.42223 0)
(-0.437993 -0.370373 0)
(-0.464699 -0.3119 0)
(-0.484404 -0.248548 0)
(-0.496287 -0.18255 0)
(-0.499974 -0.116371 0)
(-0.495576 -0.0523979 0)
(-0.483658 0.00734118 0)
(-0.465161 0.0613564 0)
(-0.441283 0.108781 0)
(-0.413281 0.149438 0)
(-0.382371 0.183715 0)
(-0.349773 0.21247 0)
(-0.31645 0.237085 0)
(-0.0232336 -0.520268 0)
(-0.0619325 -0.535626 0)
(-0.102801 -0.536994 0)
(-0.14425 -0.532828 0)
(-0.185938 -0.523672 0)
(-0.227279 -0.509276 0)
(-0.26786 -0.489101 0)
(-0.307059 -0.462552 0)
(-0.344021 -0.429192 0)
(-0.377706 -0.388943 0)
(-0.406976 -0.342227 0)
(-0.430726 -0.290019 0)
(-0.448023 -0.23381 0)
(-0.458235 -0.175466 0)
(-0.461115 -0.117017 0)
(-0.45683 -0.0604153 0)
(-0.445917 -0.00731687 0)
(-0.429223 0.0410655 0)
(-0.407806 0.0840267 0)
(-0.382765 0.121399 0)
(-0.355162 0.153472 0)
(-0.32606 0.180902 0)
(-0.296324 0.204771 0)
(-0.0210816 -0.481597 0)
(-0.056451 -0.495625 0)
(-0.0942161 -0.496548 0)
(-0.132679 -0.492308 0)
(-0.171356 -0.483397 0)
(-0.209592 -0.469638 0)
(-0.246917 -0.450638 0)
(-0.282719 -0.425988 0)
(-0.316224 -0.395424 0)
(-0.346529 -0.358984 0)
(-0.372674 -0.317103 0)
(-0.393748 -0.270653 0)
(-0.409003 -0.220896 0)
(-0.417952 -0.16938 0)
(-0.420434 -0.117765 0)
(-0.416635 -0.0676435 0)
(-0.407057 -0.0203633 0)
(-0.392433 0.0230861 0)
(-0.373667 0.0621298 0)
(-0.351714 0.0966052 0)
(-0.327486 0.126715 0)
(-0.301897 0.152953 0)
(-0.275709 0.176155 0)
(-0.0189543 -0.446612 0)
(-0.0508691 -0.459135 0)
(-0.0852528 -0.459432 0)
(-0.120395 -0.455034 0)
(-0.155734 -0.44639 0)
(-0.190588 -0.433354 0)
(-0.224462 -0.415625 0)
(-0.256773 -0.392915 0)
(-0.286831 -0.365079 0)
(-0.313867 -0.332224 0)
(-0.337083 -0.294778 0)
(-0.355739 -0.253508 0)
(-0.36924 -0.209478 0)
(-0.377214 -0.163963 0)
(-0.379557 -0.118318 0)
(-0.376453 -0.0738371 0)
(-0.368343 -0.0316186 0)
(-0.35586 0.00753657 0)
(-0.339762 0.0431483 0)
(-0.320858 0.0750588 0)
(-0.29992 0.1034 0)
(-0.277724 0.128532 0)
(-0.254933 0.151094 0)
(-0.0169323 -0.415251 0)
(-0.0454516 -0.426238 0)
(-0.0763932 -0.425828 0)
(-0.108094 -0.421226 0)
(-0.139969 -0.412851 0)
(-0.171346 -0.400568 0)
(-0.201733 -0.384127 0)
(-0.23059 -0.363312 0)
(-0.257313 -0.338051 0)
(-0.281253 -0.308486 0)
(-0.301757 -0.275024 0)
(-0.318232 -0.238333 0)
(-0.330209 -0.19931 0)
(-0.337402 -0.159002 0)
(-0.339747 -0.118515 0)
(-0.337413 -0.0788972 0)
(-0.330774 -0.0410446 0)
(-0.320364 -0.00561702 0)
(-0.306811 0.0269882 0)
(-0.290787 0.0566209 0)
(-0.272935 0.0833536 0)
(-0.253908 0.10744 0)
(-0.234276 0.129359 0)
(-0.0150477 -0.387332 0)
(-0.0403445 -0.396847 0)
(-0.0679399 -0.395731 0)
(-0.096246 -0.390917 0)
(-0.12469 -0.382809 0)
(-0.152638 -0.371273 0)
(-0.179623 -0.356081 0)
(-0.205158 -0.337057 0)
(-0.228725 -0.314164 0)
(-0.249783 -0.287557 0)
(-0.267803 -0.257612 0)
(-0.282314 -0.224911 0)
(-0.292949 -0.190209 0)
(-0.299488 -0.15437 0)
(-0.301893 -0.118297 0)
(-0.300309 -0.0828427 0)
(-0.295048 -0.048738 0)
(-0.286548 -0.0165296 0)
(-0.275323 0.0134472 0)
(-0.261919 0.0410538 0)
(-0.246871 0.0663167 0)
(-0.23072 0.0894049 0)
(-0.213957 0.11067 0)
(-0.0132908 -0.362629 0)
(-0.0355949 -0.370773 0)
(-0.0600386 -0.368998 0)
(-0.0851124 -0.363995 0)
(-0.110275 -0.356161 0)
(-0.134943 -0.345349 0)
(-0.158696 -0.331337 0)
(-0.181107 -0.313962 0)
(-0.201739 -0.293201 0)
(-0.22015 -0.269208 0)
(-0.235913 -0.242324 0)
(-0.248658 -0.213055 0)
(-0.258096 -0.182042 0)
(-0.264062 -0.150003 0)
(-0.26653 -0.117678 0)
(-0.265619 -0.085765 0)
(-0.261581 -0.0548631 0)
(-0.25477 -0.0254273 0)
(-0.245602 0.00225609 0)
(-0.234514 0.0280593 0)
(-0.221944 0.051977 0)
(-0.208344 0.0741135 0)
(-0.194132 0.0947204 0)
(-0.0116201 -0.340916 0)
(-0.0311769 -0.347773 0)
(-0.0527176 -0.345405 0)
(-0.0747881 -0.340258 0)
(-0.0968869 -0.332711 0)
(-0.11849 -0.322598 0)
(-0.139232 -0.30968 0)
(-0.158754 -0.293796 0)
(-0.176695 -0.274923 0)
(-0.192698 -0.253207 0)
(-0.206426 -0.228953 0)
(-0.217583 -0.202606 0)
(-0.225947 -0.174715 0)
(-0.231388 -0.145881 0)
(-0.233888 -0.116717 0)
(-0.233541 -0.0878005 0)
(-0.230546 -0.0596254 0)
(-0.225182 -0.0325726 0)
(-0.21778 -0.0068882 0)
(-0.208688 0.0173101 0)
(-0.198264 0.0399993 0)
(-0.186882 0.0612353 0)
(-0.174906 0.0811924 0)
(-0.00996997 -0.322014 0)
(-0.0270246 -0.327592 0)
(-0.045938 -0.324688 0)
(-0.0652594 -0.319453 0)
(-0.0845393 -0.312221 0)
(-0.103317 -0.302779 0)
(-0.12129 -0.290866 0)
(-0.13817 -0.276309 0)
(-0.153668 -0.259084 0)
(-0.167501 -0.239324 0)
(-0.1794 -0.217306 0)
(-0.189133 -0.193425 0)
(-0.196524 -0.168153 0)
(-0.201472 -0.142005 0)
(-0.203961 -0.115495 0)
(-0.204062 -0.0891033 0)
(-0.201927 -0.063244 0)
(-0.19777 -0.0382374 0)
(-0.191852 -0.0142951 0)
(-0.184449 0.00847776 0)
(-0.175849 0.0300513 0)
(-0.166371 0.0504476 0)
(-0.156332 0.0697822 0)
(-0.00823951 -0.305857 0)
(-0.0230712 -0.309964 0)
(-0.0396478 -0.306571 0)
(-0.056465 -0.301321 0)
(-0.073159 -0.294443 0)
(-0.08934 -0.28565 0)
(-0.104779 -0.274647 0)
(-0.119256 -0.261254 0)
(-0.13255 -0.245444 0)
(-0.144435 -0.227342 0)
(-0.154697 -0.207205 0)
(-0.163152 -0.185386 0)
(-0.16966 -0.162299 0)
(-0.174138 -0.138389 0)
(-0.176571 -0.114095 0)
(-0.177011 -0.0898239 0)
(-0.175569 -0.0659271 0)
(-0.172405 -0.0426766 0)
(-0.167717 -0.0202524 0)
(-0.161723 0.00125639 0)
(-0.154659 0.0218244 0)
(-0.146801 0.0414531 0)
(-0.138433 0.0602115 0)
(-0.00630561 -0.292491 0)
(-0.0192912 -0.294582 0)
(-0.0338388 -0.290777 0)
(-0.0483519 -0.285627 0)
(-0.0626454 -0.279159 0)
(-0.0764191 -0.270988 0)
(-0.0895281 -0.260794 0)
(-0.10182 -0.248397 0)
(-0.113125 -0.233778 0)
(-0.123263 -0.217062 0)
(-0.13206 -0.198489 0)
(-0.139366 -0.178378 0)
(-0.145067 -0.157101 0)
(-0.149095 -0.135045 0)
(-0.151435 -0.112591 0)
(-0.152121 -0.0900928 0)
(-0.151233 -0.0678541 0)
(-0.148884 -0.0461094 0)
(-0.145216 -0.02501 0)
(-0.140395 -0.00462216 0)
(-0.134618 0.0150469 0)
(-0.128136 0.0339913 0)
(-0.121211 0.0522374 0)
(-0.00424881 -0.28184 0)
(-0.015782 -0.281045 0)
(-0.0286136 -0.277048 0)
(-0.0409194 -0.2722 0)
(-0.052911 -0.266212 0)
(-0.0644044 -0.258621 0)
(-0.0753452 -0.249113 0)
(-0.0856341 -0.237535 0)
(-0.0951372 -0.22389 0)
(-0.103703 -0.208307 0)
(-0.111182 -0.191015 0)
(-0.117447 -0.172306 0)
(-0.122405 -0.152513 0)
(-0.125999 -0.131978 0)
(-0.128216 -0.111041 0)
(-0.129079 -0.0900125 0)
(-0.128641 -0.0691654 0)
(-0.126975 -0.0487084 0)
(-0.124169 -0.0287682 0)
(-0.120335 -0.00937947 0)
(-0.115643 0.00949197 0)
(-0.110338 0.0278463 0)
(-0.104677 0.04566 0)
(-0.00289787 -0.273476 0)
(-0.0129268 -0.268969 0)
(-0.024226 -0.265274 0)
(-0.0342236 -0.261009 0)
(-0.0438894 -0.255542 0)
(-0.0531602 -0.248436 0)
(-0.0620515 -0.239453 0)
(-0.0704867 -0.2285 0)
(-0.0783425 -0.215613 0)
(-0.0854768 -0.200931 0)
(-0.0917543 -0.184668 0)
(-0.0970633 -0.167092 0)
(-0.101325 -0.148499 0)
(-0.104495 -0.129196 0)
(-0.106564 -0.109486 0)
(-0.107553 -0.0896554 0)
(-0.107496 -0.0699573 0)
(-0.106432 -0.050591 0)
(-0.104392 -0.0316687 0)
(-0.10142 -0.0131841 0)
(-0.0976618 0.00498153 0)
(-0.0933917 0.0228535 0)
(-0.0888712 0.0403303 0)
(-0.00408982 -0.266726 0)
(-0.0114415 -0.258272 0)
(-0.0209516 -0.255674 0)
(-0.0282827 -0.252227 0)
(-0.0354922 -0.24719 0)
(-0.0425589 -0.240372 0)
(-0.0494976 -0.231697 0)
(-0.0562031 -0.221155 0)
(-0.062534 -0.208816 0)
(-0.0683427 -0.194819 0)
(-0.0734998 -0.179362 0)
(-0.0779053 -0.16268 0)
(-0.0814939 -0.145037 0)
(-0.0842352 -0.126705 0)
(-0.0861301 -0.107959 0)
(-0.0872028 -0.0890677 0)
(-0.0874856 -0.0702816 0)
(-0.086994 -0.0518132 0)
(-0.0857002 -0.0337859 0)
(-0.0835407 -0.0161502 0)
(-0.0806304 0.00138747 0)
(-0.0773207 0.0189083 0)
(-0.0738969 0.036161 0)
(-0.00983511 -0.260481 0)
(-0.0118152 -0.249382 0)
(-0.0186918 -0.248822 0)
(-0.0228931 -0.246152 0)
(-0.0275406 -0.241217 0)
(-0.0324654 -0.234362 0)
(-0.0375671 -0.225731 0)
(-0.0426559 -0.215383 0)
(-0.047553 -0.203397 0)
(-0.0521019 -0.189895 0)
(-0.056179 -0.175044 0)
(-0.0596975 -0.159046 0)
(-0.062607 -0.142127 0)
(-0.064892 -0.124526 0)
(-0.0665683 -0.106493 0)
(-0.0676764 -0.0882822 0)
(-0.0682667 -0.0701544 0)
(-0.0683612 -0.0523681 0)
(-0.0678842 -0.0351166 0)
(-0.0665938 -0.0183386 0)
(-0.0645495 -0.00136617 0)
(-0.0622261 0.0159804 0)
(-0.0599592 0.033139 0)
(-0.0217212 -0.251632 0)
(-0.0132134 -0.244199 0)
(-0.016645 -0.245748 0)
(-0.0175804 -0.243049 0)
(-0.019782 -0.237579 0)
(-0.0227584 -0.230292 0)
(-0.0261872 -0.221453 0)
(-0.0297653 -0.211115 0)
(-0.0332851 -0.19932 0)
(-0.0365952 -0.186149 0)
(-0.0395887 -0.171729 0)
(-0.0421973 -0.156223 0)
(-0.0443869 -0.13982 0)
(-0.0461565 -0.122727 0)
(-0.0475379 -0.105163 0)
(-0.0485967 -0.0873628 0)
(-0.0494309 -0.0695952 0)
(-0.0501304 -0.0521904 0)
(-0.0506357 -0.0355126 0)
(-0.0504113 -0.0196492 0)
(-0.0494988 -0.00319857 0)
(-0.0483535 0.0142345 0)
(-0.0474343 0.031392 0)
(-0.0427615 -0.231611 0)
(-0.0130694 -0.248854 0)
(-0.0134184 -0.248223 0)
(-0.011761 -0.243056 0)
(-0.0120183 -0.236123 0)
(-0.0133953 -0.228065 0)
(-0.0153396 -0.218865 0)
(-0.0174829 -0.20843 0)
(-0.0196346 -0.196715 0)
(-0.0216793 -0.183744 0)
(-0.0235429 -0.169599 0)
(-0.0251816 -0.154408 0)
(-0.0265774 -0.138329 0)
(-0.0277382 -0.121536 0)
(-0.028703 -0.104211 0)
(-0.0295557 -0.0865506 0)
(-0.0304541 -0.0687896 0)
(-0.0316321 -0.0512833 0)
(-0.033232 -0.0346149 0)
(-0.0343971 -0.0194555 0)
(-0.0357839 -0.00354299 0)
(-0.0363019 0.014315 0)
(-0.0370565 0.0312811 0)
(-0.0670149 -0.188081 0)
(-0.00746329 -0.268206 0)
(-0.00691987 -0.255236 0)
(-0.00466976 -0.24477 0)
(-0.00411733 -0.235715 0)
(-0.00438677 -0.226796 0)
(-0.00500087 -0.217237 0)
(-0.00572451 -0.206684 0)
(-0.00646511 -0.194981 0)
(-0.00717557 -0.182099 0)
(-0.00782825 -0.168087 0)
(-0.00840779 -0.153053 0)
(-0.00890933 -0.137133 0)
(-0.00933986 -0.120474 0)
(-0.00972437 -0.103218 0)
(-0.0101228 -0.0854821 0)
(-0.0106759 -0.0673617 0)
(-0.0116728 -0.0489678 0)
(-0.0136052 -0.0307436 0)
(-0.0158931 -0.0146513 0)
(-0.0247395 0.000437928 0)
(-0.0276561 0.0179085 0)
(-0.0304062 0.0334788 0)
(0.924434 1.34448 0)
(0.348524 0.834325 0)
(-0.0583947 0.7016 0)
(-1.59653 0.355578 0)
(1.47396 1.90132 0)
(1.20495 1.7288 0)
(0.933891 1.46904 0)
(0.543621 1.14816 0)
(1.5195 1.92081 0)
(1.46208 2.01652 0)
(1.32686 1.94283 0)
(1.17194 1.77507 0)
(1.39281 1.90267 0)
(1.39969 2.0983 0)
(1.34383 2.1752 0)
(1.26062 2.11904 0)
(1.24714 1.87738 0)
(1.26275 2.11888 0)
(1.23987 2.27709 0)
(1.19639 2.30867 0)
(1.12189 1.8498 0)
(1.1361 2.14226 0)
(1.12889 2.33362 0)
(1.09716 2.43375 0)
(1.01599 1.79906 0)
(1.0322 2.14726 0)
(1.03953 2.37462 0)
(1.02775 2.50209 0)
(0.897635 1.58467 0)
(0.948374 2.106 0)
(0.971132 2.3752 0)
(0.984145 2.52403 0)
(0.743672 1.44163 0)
(0.853983 1.91632 0)
(0.918151 2.325 0)
(0.955873 2.50767 0)
(0.544928 1.25614 0)
(0.681741 1.68866 0)
(0.830444 2.1435 0)
(0.903748 2.40752 0)
(0.250432 1.00645 0)
(0.400445 1.36219 0)
(0.599236 1.8099 0)
(0.791631 2.16542 0)
(-0.133523 0.770056 0)
(-0.0260196 1.00915 0)
(0.151151 1.35265 0)
(0.39984 1.73089 0)
(-0.469933 0.652751 0)
(-0.431952 0.780559 0)
(-0.344909 0.982665 0)
(-0.190528 1.25851 0)
(-0.610098 0.654876 0)
(-0.612575 0.721711 0)
(-0.592182 0.827 0)
(-0.529611 0.982869 0)
(-0.593521 0.678053 0)
(-0.593854 0.724626 0)
(-0.584246 0.785368 0)
(-0.555296 0.870483 0)
(-0.527279 0.668166 0)
(-0.513875 0.704485 0)
(-0.49444 0.74541 0)
(-0.46557 0.795589 0)
(-0.465747 0.631215 0)
(-0.443513 0.659032 0)
(-0.417144 0.687653 0)
(-0.385485 0.719253 0)
(-0.4205 0.581662 0)
(-0.394817 0.60315 0)
(-0.366397 0.623986 0)
(-0.334929 0.645302 0)
(-0.389562 0.527932 0)
(-0.36339 0.545089 0)
(-0.335469 0.561162 0)
(-0.305819 0.576742 0)
(-0.368146 0.474369 0)
(-0.342881 0.488675 0)
(-0.316515 0.501836 0)
(-0.289179 0.514169 0)
(-0.351749 0.423081 0)
(-0.328 0.43555 0)
(-0.30357 0.446938 0)
(-0.278601 0.457426 0)
(-0.337161 0.375042 0)
(-0.315176 0.386346 0)
(-0.292783 0.396672 0)
(-0.270103 0.406126 0)
(-0.322551 0.330679 0)
(-0.302425 0.34126 0)
(-0.282064 0.35097 0)
(-0.261568 0.359872 0)
(-0.307117 0.290171 0)
(-0.288877 0.300315 0)
(-0.270508 0.309686 0)
(-0.252091 0.318319 0)
(-0.290684 0.253581 0)
(-0.274315 0.263461 0)
(-0.257874 0.272653 0)
(-0.241433 0.281175 0)
(-0.273391 0.220883 0)
(-0.258841 0.23059 0)
(-0.244245 0.239682 0)
(-0.229664 0.248166 0)
(-0.255502 0.191952 0)
(-0.242682 0.20152 0)
(-0.229822 0.210539 0)
(-0.216975 0.219007 0)
(-0.23729 0.16658 0)
(-0.226086 0.176011 0)
(-0.214836 0.184953 0)
(-0.203586 0.193397 0)
(-0.218996 0.144512 0)
(-0.209278 0.153789 0)
(-0.199502 0.162633 0)
(-0.189709 0.17103 0)
(-0.200817 0.125463 0)
(-0.192446 0.134566 0)
(-0.184005 0.143285 0)
(-0.175532 0.151603 0)
(-0.182903 0.109137 0)
(-0.175741 0.118048 0)
(-0.168498 0.126617 0)
(-0.16121 0.134828 0)
(-0.165364 0.0952363 0)
(-0.159273 0.103943 0)
(-0.153096 0.112345 0)
(-0.146866 0.120426 0)
(-0.148271 0.0834711 0)
(-0.143123 0.0919748 0)
(-0.137889 0.100203 0)
(-0.132599 0.108139 0)
(-0.131667 0.0735737 0)
(-0.127346 0.081884 0)
(-0.122945 0.0899415 0)
(-0.118488 0.0977325 0)
(-0.115583 0.0653084 0)
(-0.111991 0.0734442 0)
(-0.108328 0.0813452 0)
(-0.104613 0.0889986 0)
(-0.100063 0.0584815 0)
(-0.0971223 0.0664685 0)
(-0.0941221 0.0742339 0)
(-0.0910772 0.0817654 0)
(-0.085188 0.0529498 0)
(-0.0828449 0.0608173 0)
(-0.0804547 0.0684713 0)
(-0.078027 0.0758997 0)
(-0.0711102 0.0486301 0)
(-0.0693402 0.0564063 0)
(-0.0675317 0.0639701 0)
(-0.0656887 0.0713095 0)
(-0.0580937 0.0455043 0)
(-0.0569038 0.0532072 0)
(-0.0556723 0.0606883 0)
(-0.0543981 0.0679387 0)
(-0.0465684 0.0436478 0)
(-0.0459898 0.051258 0)
(-0.0453412 0.0586277 0)
(-0.0446199 0.0657549 0)
(-0.0372533 0.0431879 0)
(-0.0372931 0.0505792 0)
(-0.0372016 0.0577403 0)
(-0.0369828 0.0646646 0)
(-0.0314824 0.0445393 0)
(-0.0319248 0.0514363 0)
(-0.0321806 0.058146 0)
(-0.0322961 0.0646524 0)
(-0.54874 0.565368 0)
(-0.623435 0.270361 0)
(-0.518494 0.115717 0)
(-0.471768 0.00318354 0)
(-0.417324 -0.0666194 0)
(-0.364422 -0.103948 0)
(-0.315639 -0.123749 0)
(-0.270983 -0.132231 0)
(-0.229709 -0.132094 0)
(-0.191831 -0.125353 0)
(-0.157819 -0.114417 0)
(-0.128063 -0.101764 0)
(-0.10251 -0.0893778 0)
(-0.0806687 -0.078525 0)
(-0.0618328 -0.0699121 0)
(-0.0453016 -0.0639484 0)
(-0.0305105 -0.0609602 0)
(-0.0175534 -0.061629 0)
(-0.0048444 -0.0649915 0)
(-0.144078 0.652981 0)
(-0.435014 0.246941 0)
(-0.499881 0.0863496 0)
(-0.499931 -0.0386948 0)
(-0.45055 -0.118281 0)
(-0.383869 -0.156105 0)
(-0.321071 -0.171428 0)
(-0.266876 -0.174908 0)
(-0.22031 -0.170273 0)
(-0.179988 -0.159289 0)
(-0.145203 -0.144072 0)
(-0.115613 -0.12719 0)
(-0.0907872 -0.110936 0)
(-0.0700456 -0.0968248 0)
(-0.0525815 -0.0856261 0)
(-0.0376574 -0.0776577 0)
(-0.0247249 -0.0730664 0)
(-0.0138656 -0.0721298 0)
(-0.00353856 -0.0739909 0)
(0.78246 1.38794 0)
(-0.190976 0.570593 0)
(-0.412435 0.191737 0)
(-0.504001 -0.036136 0)
(-0.483515 -0.171271 0)
(-0.404974 -0.222772 0)
(-0.323752 -0.231885 0)
(-0.256761 -0.225447 0)
(-0.203559 -0.212227 0)
(-0.160764 -0.194389 0)
(-0.125895 -0.17343 0)
(-0.0974703 -0.151544 0)
(-0.0744434 -0.130993 0)
(-0.0558344 -0.113364 0)
(-0.0406938 -0.0994041 0)
(-0.028229 -0.089282 0)
(-0.017874 -0.0829266 0)
(-0.00969396 -0.0802644 0)
(-0.00209714 -0.0805843 0)
(1.08305 1.95073 0)
(0.330832 1.23333 0)
(-0.285089 0.487353 0)
(-0.483059 0.0429564 0)
(-0.512911 -0.220061 0)
(-0.42524 -0.309281 0)
(-0.320465 -0.31021 0)
(-0.237552 -0.286385 0)
(-0.17715 -0.258634 0)
(-0.132715 -0.230362 0)
(-0.0991264 -0.201767 0)
(-0.07333 -0.173959 0)
(-0.0534546 -0.148698 0)
(-0.0381591 -0.127373 0)
(-0.0263459 -0.110574 0)
(-0.0171731 -0.0982474 0)
(-0.0100571 -0.0900888 0)
(-0.00506401 -0.0857093 0)
(-0.000527747 -0.0846308 0)
(1.09704 2.25318 0)
(0.654101 1.75312 0)
(-0.0661075 0.937132 0)
(-0.417258 0.210015 0)
(-0.513419 -0.256516 0)
(-0.429221 -0.418225 0)
(-0.301675 -0.409871 0)
(-0.203064 -0.358441 0)
(-0.137401 -0.308435 0)
(-0.0938901 -0.265589 0)
(-0.064012 -0.227432 0)
(-0.0429286 -0.192941 0)
(-0.027897 -0.162778 0)
(-0.0172439 -0.137818 0)
(-0.00978969 -0.118298 0)
(-0.00470273 -0.103887 0)
(-0.00140713 -0.0940256 0)
(7.49266e-06 -0.0881804 0)
(0.00122829 -0.0857913 0)
(1.03586 2.43689 0)
(0.81276 2.15049 0)
(0.213528 1.49537 0)
(-0.253275 0.480067 0)
(-0.429811 -0.253278 0)
(-0.380297 -0.535534 0)
(-0.248858 -0.525422 0)
(-0.143531 -0.437328 0)
(-0.079531 -0.357522 0)
(-0.0422545 -0.296711 0)
(-0.019876 -0.247802 0)
(-0.00626334 -0.206513 0)
(0.00191304 -0.171758 0)
(0.00649704 -0.143589 0)
(0.00859984 -0.121765 0)
(0.00890531 -0.105619 0)
(0.00783666 -0.0943347 0)
(0.00542163 -0.0872781 0)
(0.00316198 -0.0838932 0)
(0.989338 2.53446 0)
(0.873598 2.39506 0)
(0.463317 1.93859 0)
(0.0422621 0.856564 0)
(-0.214945 -0.170445 0)
(-0.234983 -0.623957 0)
(-0.139602 -0.635284 0)
(-0.0487409 -0.510374 0)
(0.000426498 -0.398474 0)
(0.0230953 -0.318475 0)
(0.0329971 -0.259278 0)
(0.0359212 -0.212242 0)
(0.0351602 -0.173999 0)
(0.0323218 -0.143583 0)
(0.0282036 -0.120244 0)
(0.0231872 -0.102971 0)
(0.0174613 -0.0907312 0)
(0.0110246 -0.0827407 0)
(0.00511847 -0.078803 0)
(0.978786 2.62184 0)
(0.90133 2.55489 0)
(0.691229 2.22561 0)
(0.413214 1.22103 0)
(0.142633 -0.0120653 0)
(0.0259773 -0.642666 0)
(0.0403182 -0.704967 0)
(0.0844969 -0.557207 0)
(0.101936 -0.41855 0)
(0.100919 -0.323684 0)
(0.0926473 -0.257743 0)
(0.081753 -0.207664 0)
(0.0702793 -0.168002 0)
(0.0590141 -0.136913 0)
(0.0481318 -0.113219 0)
(0.0375326 -0.0956589 0)
(0.0270672 -0.0830666 0)
(0.0165911 -0.0746223 0)
(0.00703895 -0.0704815 0)
(0.997576 2.63972 0)
(0.987169 2.63126 0)
(0.896331 2.41299 0)
(0.805759 1.5128 0)
(0.582718 0.179654 0)
(0.377117 -0.5796 0)
(0.280705 -0.701322 0)
(0.248619 -0.553401 0)
(0.217862 -0.404266 0)
(0.184699 -0.3057 0)
(0.154502 -0.23983 0)
(0.127993 -0.191026 0)
(0.104967 -0.152862 0)
(0.0849531 -0.123143 0)
(0.067265 -0.100525 0)
(0.0511906 -0.0836762 0)
(0.036169 -0.0714278 0)
(0.0218479 -0.0630399 0)
(0.00882844 -0.0590376 0)
(1.00396 2.5923 0)
(1.10932 2.60621 0)
(1.12528 2.37617 0)
(1.1279 1.74215 0)
(1.02457 0.384815 0)
(0.759534 -0.452673 0)
(0.54331 -0.60907 0)
(0.419692 -0.482163 0)
(0.332805 -0.348049 0)
(0.264896 -0.261329 0)
(0.212298 -0.204294 0)
(0.170462 -0.161946 0)
(0.136437 -0.1286 0)
(0.108284 -0.102481 0)
(0.0843735 -0.0824503 0)
(0.063356 -0.0673338 0)
(0.0442557 -0.0561209 0)
(0.0265072 -0.0482351 0)
(0.0104061 -0.0446387 0)
(0.954791 2.46287 0)
(1.15179 2.52822 0)
(1.29791 2.28201 0)
(1.35266 1.70839 0)
(1.36133 0.670759 0)
(1.10215 -0.202062 0)
(0.781133 -0.418091 0)
(0.565401 -0.34231 0)
(0.427024 -0.251257 0)
(0.330059 -0.192663 0)
(0.259103 -0.152963 0)
(0.204799 -0.121895 0)
(0.161914 -0.0964059 0)
(0.127231 -0.0758866 0)
(0.0983106 -0.0597693 0)
(0.0732946 -0.0472745 0)
(0.0508841 -0.0376986 0)
(0.0303367 -0.0306931 0)
(0.0116713 -0.0277555 0)
(0.697239 2.18755 0)
(1.05889 2.3607 0)
(1.33722 2.17496 0)
(1.45873 1.67335 0)
(1.47842 0.762723 0)
(1.25669 0.0424708 0)
(0.90292 -0.161907 0)
(0.642886 -0.156636 0)
(0.480104 -0.128668 0)
(0.369518 -0.108297 0)
(0.288919 -0.0909834 0)
(0.227468 -0.074214 0)
(0.179253 -0.0585812 0)
(0.140449 -0.0449954 0)
(0.108216 -0.0336804 0)
(0.0804479 -0.0244106 0)
(0.0557017 -0.0168953 0)
(0.0331282 -0.011128 0)
(0.0125502 -0.00901411 0)
(0.203621 1.70568 0)
(0.632715 1.92387 0)
(1.08946 1.91238 0)
(1.35571 1.49459 0)
(1.34096 0.834426 0)
(1.14242 0.302462 0)
(0.85283 0.0953246 0)
(0.631536 0.0253438 0)
(0.483959 -0.00602454 0)
(0.378838 -0.0212391 0)
(0.299123 -0.02568 0)
(0.23694 -0.0234635 0)
(0.187514 -0.0181216 0)
(0.147329 -0.0118435 0)
(0.113681 -0.00562301 0)
(0.0845397 0.000192523 0)
(0.0584803 0.00547726 0)
(0.0347553 0.00990645 0)
(0.0130581 0.0110925 0)
(-0.296118 1.26828 0)
(0.112392 1.49006 0)
(0.497057 1.48561 0)
(0.831261 1.27403 0)
(0.933824 0.851933 0)
(0.858972 0.4907 0)
(0.703585 0.277949 0)
(0.560833 0.162898 0)
(0.450205 0.0961253 0)
(0.362558 0.0571058 0)
(0.291685 0.0359816 0)
(0.234159 0.0258564 0)
(0.187141 0.0219801 0)
(0.148063 0.0215133 0)
(0.114782 0.0229264 0)
(0.0856095 0.0254155 0)
(0.0593217 0.0285103 0)
(0.035262 0.0316356 0)
(0.0131325 0.0318433 0)
(-0.439037 1.03277 0)
(-0.155752 1.20298 0)
(0.15594 1.22005 0)
(0.433289 1.08298 0)
(0.585925 0.824285 0)
(0.605374 0.561332 0)
(0.548001 0.373368 0)
(0.470891 0.251481 0)
(0.396561 0.172148 0)
(0.329669 0.121193 0)
(0.27143 0.0895188 0)
(0.221761 0.0704402 0)
(0.179596 0.0593522 0)
(0.143479 0.0533513 0)
(0.111996 0.0506743 0)
(0.0839231 0.0502463 0)
(0.0583226 0.0513603 0)
(0.0347073 0.0532304 0)
(0.0128423 0.0525308 0)
(-0.386643 0.887749 0)
(-0.192996 0.989766 0)
(0.0342723 0.999416 0)
(0.241638 0.906286 0)
(0.376984 0.738486 0)
(0.427667 0.559101 0)
(0.418987 0.411787 0)
(0.382489 0.302611 0)
(0.33619 0.224467 0)
(0.288489 0.170084 0)
(0.243489 0.133165 0)
(0.20285 0.108573 0)
(0.166766 0.092539 0)
(0.134742 0.0824734 0)
(0.106048 0.0766376 0)
(0.0799289 0.0738675 0)
(0.0557552 0.0733418 0)
(0.0332376 0.074148 0)
(0.0122354 0.0726253 0)
(-0.318498 0.77343 0)
(-0.17549 0.829511 0)
(-0.0124826 0.83007 0)
(0.138099 0.767118 0)
(0.246446 0.657531 0)
(0.302061 0.533436 0)
(0.315327 0.420802 0)
(0.3027 0.328916 0)
(0.276647 0.258 0)
(0.244901 0.20522 0)
(0.211977 0.16694 0)
(0.180196 0.139743 0)
(0.150503 0.120854 0)
(0.123085 0.108172 0)
(0.0977557 0.100149 0)
(0.074161 0.0956715 0)
(0.0519546 0.0939036 0)
(0.0310388 0.0938753 0)
(0.0113758 0.0916437 0)
(-0.27567 0.679814 0)
(-0.164018 0.711775 0)
(-0.0429574 0.708334 0)
(0.0696119 0.664604 0)
(0.156105 0.589423 0)
(0.209108 0.500676 0)
(0.232134 0.414429 0)
(0.233693 0.339164 0)
(0.221835 0.277471 0)
(0.202543 0.228931 0)
(0.179793 0.191853 0)
(0.155979 0.164232 0)
(0.132397 0.144195 0)
(0.109647 0.130153 0)
(0.0879175 0.120835 0)
(0.0671628 0.115263 0)
(0.0472713 0.112652 0)
(0.0283085 0.112027 0)
(0.0103322 0.109211 0)
(-0.253147 0.600729 0)
(-0.162525 0.620467 0)
(-0.0685061 0.615996 0)
(0.0192815 0.584551 0)
(0.0900899 0.531141 0)
(0.138631 0.466189 0)
(0.165673 0.399985 0)
(0.175583 0.339158 0)
(0.173393 0.286783 0)
(0.163399 0.243645 0)
(0.1488 0.209296 0)
(0.131776 0.182741 0)
(0.113703 0.162822 0)
(0.0953859 0.148421 0)
(0.0772411 0.138561 0)
(0.059436 0.132432 0)
(0.0420371 0.129344 0)
(0.0252357 0.128344 0)
(0.00916856 0.125063 0)
(-0.242133 0.532451 0)
(-0.166177 0.546092 0)
(-0.0899342 0.542198 0)
(-0.0187825 0.519385 0)
(0.0406869 0.480722 0)
(0.0846206 0.432545 0)
(0.112805 0.381565 0)
(0.127452 0.332744 0)
(0.131648 0.288969 0)
(0.128372 0.251534 0)
(0.120086 0.220698 0)
(0.108643 0.196128 0)
(0.0953453 0.177198 0)
(0.0810568 0.163179 0)
(0.0663117 0.153365 0)
(0.0514106 0.147122 0)
(0.0365433 0.143866 0)
(0.0219869 0.142688 0)
(0.00793689 0.139044 0)
(-0.236394 0.472645 0)
(-0.17115 0.483602 0)
(-0.107197 0.481205 0)
(-0.0476654 0.464914 0)
(0.00332363 0.436767 0)
(0.0430128 0.400789 0)
(0.0708714 0.361454 0)
(0.0879972 0.322458 0)
(0.0962686 0.286294 0)
(0.0977229 0.254386 0)
(0.0942065 0.227352 0)
(0.0872319 0.205265 0)
(0.0779558 0.187869 0)
(0.0672148 0.174742 0)
(0.055583 0.165405 0)
(0.0434325 0.15939 0)
(0.0310304 0.156216 0)
(0.0186987 0.155021 0)
(0.00667338 0.151088 0)
(-0.232173 0.41976 0)
(-0.175233 0.429916 0)
(-0.120334 0.429487 0)
(-0.0693503 0.418384 0)
(-0.024958 0.398075 0)
(0.0109307 0.371229 0)
(0.0377055 0.34094 0)
(0.0559003 0.309969 0)
(0.066654 0.2804 0)
(0.0713538 0.253607 0)
(0.0713667 0.230355 0)
(0.067898 0.210953 0)
(0.0619349 0.195394 0)
(0.0542425 0.183479 0)
(0.0453861 0.174913 0)
(0.0357651 0.169372 0)
(0.0256874 0.16647 0)
(0.0154864 0.165386 0)
(0.00542369 0.161168 0)
(-0.227521 0.372765 0)
(-0.177401 0.383118 0)
(-0.129599 0.384813 0)
(-0.085265 0.377983 0)
(-0.0461892 0.363728 0)
(-0.0137223 0.343915 0)
(0.0116009 0.320765 0)
(0.0299847 0.296374 0)
(0.0421323 0.272459 0)
(0.048988 0.250269 0)
(0.051558 0.230605 0)
(0.0507894 0.213898 0)
(0.0475053 0.2003 0)
(0.0423811 0.18977 0)
(0.0359455 0.182158 0)
(0.0285964 0.177253 0)
(0.0206568 0.17476 0)
(0.0124516 0.173883 0)
(0.00424933 0.169358 0)
(-0.22163 0.330951 0)
(-0.177361 0.341993 0)
(-0.13541 0.345774 0)
(-0.0964967 0.342513 0)
(-0.0618575 0.333062 0)
(-0.0324689 0.318798 0)
(-0.00878307 0.301365 0)
(0.00925017 0.282391 0)
(0.0220518 0.263294 0)
(0.0302697 0.245178 0)
(0.0346446 0.228817 0)
(0.0359164 0.214698 0)
(0.0347614 0.203064 0)
(0.0317625 0.193986 0)
(0.0273991 0.187419 0)
(0.0220503 0.183247 0)
(0.0160365 0.181244 0)
(0.00966684 0.180635 0)
(0.00319577 0.175807 0)
(-0.214306 0.293802 0)
(-0.175192 0.305722 0)
(-0.138234 0.311433 0)
(-0.103896 0.311166 0)
(-0.0730641 0.305597 0)
(-0.0464652 0.295778 0)
(-0.0244798 0.282979 0)
(-0.00713659 0.268491 0)
(0.00581809 0.253486 0)
(0.0148216 0.238939 0)
(0.0204227 0.225559 0)
(0.0232017 0.21385 0)
(0.0237078 0.204108 0)
(0.0224378 0.196472 0)
(0.0198172 0.190976 0)
(0.0161976 0.187575 0)
(0.0118853 0.186101 0)
(0.00717152 0.185793 0)
(0.0022813 0.180687 0)
(-0.205634 0.260897 0)
(-0.171124 0.27371 0)
(-0.138522 0.281129 0)
(-0.108143 0.283364 0)
(-0.0806458 0.280959 0)
(-0.0565937 0.274747 0)
(-0.0363088 0.265737 0)
(-0.0198608 0.254979 0)
(-0.00709698 0.243452 0)
(0.00227419 0.231997 0)
(0.00865706 0.221274 0)
(0.0125154 0.211766 0)
(0.0142898 0.203793 0)
(0.0144001 0.197539 0)
(0.0132196 0.193091 0)
(0.0110681 0.19046 0)
(0.00823119 0.189521 0)
(0.00498115 0.189521 0)
(0.00149592 0.184179 0)
(-0.195805 0.231862 0)
(-0.165431 0.245481 0)
(-0.136684 0.254361 0)
(-0.109787 0.25867 0)
(-0.0852565 0.258855 0)
(-0.0635434 0.25559 0)
(-0.0449248 0.2497 0)
(-0.0294901 0.242052 0)
(-0.0171586 0.233476 0)
(-0.00772662 0.224692 0)
(-0.000892607 0.216311 0)
(0.00370061 0.208782 0)
(0.00641481 0.20243 0)
(0.00760298 0.197466 0)
(0.00758924 0.194012 0)
(0.00666059 0.192119 0)
(0.00507799 0.191696 0)
(0.00309634 0.191995 0)
(0.000834009 0.186469 0)
(-0.185037 0.206349 0)
(-0.158387 0.220639 0)
(-0.133078 0.230725 0)
(-0.109283 0.236738 0)
(-0.0874199 0.239042 0)
(-0.0678654 0.238197 0)
(-0.0508616 0.234885 0)
(-0.0365063 0.229838 0)
(-0.0247647 0.223759 0)
(-0.0154946 0.217281 0)
(-0.00847065 0.210945 0)
(-0.00341539 0.205172 0)
(-3.26439e-05 0.200282 0)
(0.00197339 0.196496 0)
(0.00288331 0.193961 0)
(0.00295219 0.192757 0)
(0.0024129 0.192817 0)
(0.00150547 0.1934 0)
(0.000288694 0.187734 0)
(-0.173547 0.184029 0)
(-0.150246 0.198835 0)
(-0.128018 0.20989 0)
(-0.107007 0.217285 0)
(-0.0875636 0.22132 0)
(-0.0700089 0.222463 0)
(-0.0545583 0.221289 0)
(-0.0413126 0.218417 0)
(-0.0302657 0.214453 0)
(-0.0213199 0.20995 0)
(-0.0143062 0.205388 0)
(-0.00900682 0.201159 0)
(-0.00518006 0.197568 0)
(-0.00257782 0.194842 0)
(-0.000957912 0.193142 0)
(-9.58612e-05 0.192563 0)
(0.000212397 0.193063 0)
(0.000192836 0.193916 0)
(-0.00015464 0.188137 0)
(-0.16153 0.164591 0)
(-0.141234 0.179763 0)
(-0.121777 0.191572 0)
(-0.103278 0.200075 0)
(-0.0860415 0.205517 0)
(-0.0703449 0.208292 0)
(-0.0563818 0.208888 0)
(-0.0442522 0.207835 0)
(-0.033968 0.205657 0)
(-0.0254643 0.202838 0)
(-0.0186135 0.199807 0)
(-0.013244 0.196922 0)
(-0.00915799 0.194474 0)
(-0.00614752 0.192687 0)
(-0.00400548 0.19173 0)
(-0.00253421 0.191709 0)
(-0.00155373 0.1926 0)
(-0.00086326 0.193719 0)
(-0.000518287 0.187826 0)
(-0.149151 0.147744 0)
(-0.131549 0.163147 0)
(-0.114588 0.175524 0)
(-0.0983666 0.184903 0)
(-0.0831512 0.191483 0)
(-0.0691852 0.195594 0)
(-0.0566424 0.197653 0)
(-0.0456195 0.198117 0)
(-0.0361403 0.197442 0)
(-0.0281628 0.196053 0)
(-0.0215913 0.194332 0)
(-0.0162898 0.192608 0)
(-0.0120967 0.191154 0)
(-0.00883755 0.190188 0)
(-0.00633537 0.189882 0)
(-0.00441723 0.19035 0)
(-0.00292576 0.191579 0)
(-0.00167986 0.192922 0)
(-0.000789505 0.186995 0)
(-0.136544 0.13322 0)
(-0.121359 0.148741 0)
(-0.106651 0.161532 0)
(-0.0925027 0.171594 0)
(-0.0791462 0.179084 0)
(-0.0667953 0.184281 0)
(-0.0556061 0.187545 0)
(-0.0456704 0.18927 0)
(-0.0370189 0.189853 0)
(-0.0296269 0.189671 0)
(-0.0234227 0.189065 0)
(-0.0182988 0.188335 0)
(-0.0141228 0.187736 0)
(-0.0107488 0.18748 0)
(-0.00802567 0.187737 0)
(-0.00580286 0.188625 0)
(-0.00394409 0.19014 0)
(-0.00228201 0.191663 0)
(-0.000977725 0.18577 0)
(-0.123824 0.120775 0)
(-0.110811 0.136327 0)
(-0.0981434 0.149406 0)
(-0.0858885 0.159989 0)
(-0.0742473 0.168201 0)
(-0.0634065 0.174276 0)
(-0.0535054 0.178523 0)
(-0.0446299 0.181288 0)
(-0.0368149 0.182919 0)
(-0.0300481 0.183748 0)
(-0.0242769 0.184083 0)
(-0.0194161 0.184196 0)
(-0.015358 0.184326 0)
(-0.0119804 0.184675 0)
(-0.0091548 0.185412 0)
(-0.00675038 0.186655 0)
(-0.00465001 0.188405 0)
(-0.00269798 0.19007 0)
(-0.00109879 0.184264 0)
(-0.11109 0.110191 0)
(-0.100037 0.125713 0)
(-0.0892264 0.138979 0)
(-0.0787078 0.149952 0)
(-0.0686541 0.158726 0)
(-0.0592266 0.165501 0)
(-0.0505493 0.170544 0)
(-0.0427014 0.17416 0)
(-0.0357202 0.176654 0)
(-0.0296027 0.178324 0)
(-0.0243113 0.179445 0)
(-0.0197794 0.180266 0)
(-0.0159194 0.18101 0)
(-0.0126296 0.18187 0)
(-0.00980088 0.183008 0)
(-0.00731985 0.184545 0)
(-0.00508623 0.186482 0)
(-0.00295537 0.188251 0)
(-0.00116472 0.182577 0)
(-0.098447 0.10128 0)
(-0.0891753 0.11673 0)
(-0.0800607 0.130107 0)
(-0.0711398 0.141361 0)
(-0.0625575 0.150563 0)
(-0.0544526 0.157885 0)
(-0.0469343 0.163563 0)
(-0.0400759 0.167864 0)
(-0.0339154 0.171063 0)
(-0.0284575 0.173423 0)
(-0.0236764 0.175194 0)
(-0.0195212 0.176603 0)
(-0.0159212 0.177858 0)
(-0.0127924 0.179141 0)
(-0.0100421 0.180611 0)
(-0.00757213 0.182383 0)
(-0.00529665 0.184462 0)
(-0.00308205 0.186301 0)
(-0.00118665 0.180792 0)
(-0.0860243 0.0938827 0)
(-0.0783815 0.109237 0)
(-0.0708237 0.122663 0)
(-0.0633752 0.134104 0)
(-0.0561558 0.143619 0)
(-0.0492843 0.151358 0)
(-0.0428575 0.15753 0)
(-0.036943 0.162375 0)
(-0.0315795 0.166138 0)
(-0.0267776 0.169057 0)
(-0.0225218 0.171358 0)
(-0.0187741 0.173249 0)
(-0.0154787 0.174922 0)
(-0.0125663 0.176551 0)
(-0.00995853 0.178287 0)
(-0.00757016 0.180244 0)
(-0.00532714 0.182423 0)
(-0.00310728 0.1843 0)
(-0.00117636 0.178974 0)
(-0.073999 0.0878722 0)
(-0.0678571 0.103111 0)
(-0.0617308 0.116532 0)
(-0.0556357 0.12808 0)
(-0.0496711 0.137806 0)
(-0.0439404 0.145847 0)
(-0.03853 0.152391 0)
(-0.0335035 0.157655 0)
(-0.0289003 0.161861 0)
(-0.024736 0.165225 0)
(-0.021004 0.167951 0)
(-0.0176774 0.17023 0)
(-0.014713 0.17224 0)
(-0.0120545 0.174146 0)
(-0.00963552 0.176091 0)
(-0.00738163 0.178184 0)
(-0.00522768 0.180426 0)
(-0.00306355 0.18231 0)
(-0.00114716 0.17717 0)
(-0.0626238 0.083149 0)
(-0.0578708 0.0982486 0)
(-0.0530551 0.111609 0)
(-0.0481913 0.123187 0)
(-0.0433661 0.133034 0)
(-0.0386724 0.141275 0)
(-0.0341904 0.148084 0)
(-0.0299809 0.15366 0)
(-0.0260849 0.158204 0)
(-0.0225226 0.161913 0)
(-0.0192946 0.164972 0)
(-0.0163838 0.167558 0)
(-0.0137579 0.169836 0)
(-0.0113715 0.171958 0)
(-0.00916877 0.174062 0)
(-0.00708364 0.176247 0)
(-0.00505643 0.178515 0)
(-0.00298983 0.180378 0)
(-0.00111542 0.175403 0)
(-0.0522507 0.0796338 0)
(-0.0487735 0.0945495 0)
(-0.0451377 0.107787 0)
(-0.0413684 0.11932 0)
(-0.0375495 0.129203 0)
(-0.0337705 0.137555 0)
(-0.0301092 0.144538 0)
(-0.0266262 0.150333 0)
(-0.0233642 0.155125 0)
(-0.0203475 0.159093 0)
(-0.0175834 0.162408 0)
(-0.0150629 0.165232 0)
(-0.0127629 0.167716 0)
(-0.0106477 0.170005 0)
(-0.00867005 0.172223 0)
(-0.00677012 0.174464 0)
(-0.00488887 0.176722 0)
(-0.00294157 0.178531 0)
(-0.00110457 0.173677 0)
(-0.0433338 0.077243 0)
(-0.0409913 0.0918869 0)
(-0.0383752 0.104916 0)
(-0.0355343 0.116322 0)
(-0.032561 0.126163 0)
(-0.0295481 0.134547 0)
(-0.0265748 0.141625 0)
(-0.0237033 0.147563 0)
(-0.0209786 0.152529 0)
(-0.0184288 0.156689 0)
(-0.0160667 0.160197 0)
(-0.0138901 0.163203 0)
(-0.0118839 0.165848 0)
(-0.0100211 0.168264 0)
(-0.00826217 0.170566 0)
(-0.00655196 0.172833 0)
(-0.00482586 0.175048 0)
(-0.0030029 0.17676 0)
(-0.00115823 0.171908 0)
(-0.0364392 0.0758226 0)
(-0.0350144 0.0900315 0)
(-0.0331966 0.102721 0)
(-0.0310682 0.113896 0)
(-0.0287379 0.123607 0)
(-0.026306 0.13195 0)
(-0.0238554 0.139057 0)
(-0.0214503 0.145078 0)
(-0.0191381 0.150166 0)
(-0.0169501 0.154469 0)
(-0.0149031 0.15813 0)
(-0.0130007 0.161285 0)
(-0.011235 0.164065 0)
(-0.00958718 0.166589 0)
(-0.00802702 0.168963 0)
(-0.00650863 0.171252 0)
(-0.00496618 0.173418 0)
(-0.00332871 0.175021 0)
(-0.00138347 0.170188 0)
(-0.0322652 0.0751751 0)
(-0.0314448 0.088702 0)
(-0.0301054 0.100895 0)
(-0.0283922 0.111731 0)
(-0.0264356 0.121236 0)
(-0.024343 0.129481 0)
(-0.0221997 0.136577 0)
(-0.020071 0.14265 0)
(-0.0180049 0.147836 0)
(-0.0160341 0.152266 0)
(-0.0141774 0.156066 0)
(-0.0124418 0.159359 0)
(-0.0108237 0.162262 0)
(-0.00931055 0.164884 0)
(-0.00788053 0.167315 0)
(-0.00649925 0.169594 0)
(-0.00511048 0.171622 0)
(-0.00364919 0.172777 0)
(-0.00173162 0.166652 0)
)
;

boundaryField
{
    leftWall
    {
        type            fixedValue;
        value           uniform (0 0 0);
    }
    rightWall
    {
        type            fixedValue;
        value           uniform (0 0 0);
    }
    lowerWall
    {
        type            fixedValue;
        value           uniform (0 0 0);
    }
    atmosphere
    {
        type            pressureInletOutletVelocity;
        value           nonuniform List<vector> 
46
(
(-0 -0.186488 0)
(-0 -0.271312 0)
(-0 -0.256117 0)
(-0 -0.24499 0)
(-0 -0.235831 0)
(-0 -0.2269 0)
(-0 -0.217338 0)
(-0 -0.206785 0)
(-0 -0.195083 0)
(-0 -0.1822 0)
(-0 -0.168187 0)
(-0 -0.15315 0)
(-0 -0.137226 0)
(-0 -0.120561 0)
(-0 -0.103295 0)
(-0 -0.0855403 0)
(-0 -0.0673816 0)
(-0 -0.0488889 0)
(-0 -0.0303521 0)
(-0 -0.0133816 0)
(-0.0247395 0.000437928 0)
(-0.0276561 0.0179085 0)
(-0.0304062 0.0334788 0)
(-0.0314824 0.0445393 0)
(-0.0319248 0.0514363 0)
(-0.0321806 0.058146 0)
(-0.0322961 0.0646524 0)
(-0.0322652 0.0751751 0)
(-0.0314448 0.088702 0)
(-0.0301054 0.100895 0)
(-0.0283922 0.111731 0)
(-0.0264356 0.121236 0)
(-0.024343 0.129481 0)
(-0.0221997 0.136577 0)
(-0.020071 0.14265 0)
(-0.0180049 0.147836 0)
(-0.0160341 0.152266 0)
(-0.0141774 0.156066 0)
(-0.0124418 0.159359 0)
(-0.0108237 0.162262 0)
(-0.00931055 0.164884 0)
(-0.00788053 0.167315 0)
(-0.00649925 0.169594 0)
(-0.00511048 0.171622 0)
(-0.00364919 0.172777 0)
(-0.00173162 0.166652 0)
)
;
    }
    defaultFaces
    {
        type            empty;
    }
}


// ************************************************************************* //
