/*--------------------------------*- C++ -*----------------------------------*\
| =========                 |                                                 |
| \\      /  F ield         | OpenFOAM: The Open Source CFD Toolbox           |
|  \\    /   O peration     | Version:  2.3.0                                 |
|   \\  /    A nd           | Web:      www.OpenFOAM.org                      |
|    \\/     M anipulation  |                                                 |
\*---------------------------------------------------------------------------*/
FoamFile
{
    version     2.0;
    format      ascii;
    class       volVectorField;
    location    "58";
    object      Ur;
}
// * * * * * * * * * * * * * * * * * * * * * * * * * * * * * * * * * * * * * //

dimensions      [0 1 -1 0 0 0 0];

internalField   nonuniform List<vector> 
1875
(
(-0.0160873 0.219076 0)
(-0.021342 0.22014 0)
(-0.0110122 0.219851 0)
(-0.00218391 0.219032 0)
(0.00435399 0.219082 0)
(0.00887083 0.219656 0)
(0.0109945 0.220115 0)
(0.0109569 0.220022 0)
(0.00908749 0.219157 0)
(0.00578647 0.217458 0)
(0.00130738 0.215111 0)
(-0.00373524 0.21302 0)
(-0.00868115 0.210337 0)
(-0.0142694 0.206037 0)
(-0.020873 0.200377 0)
(-0.0276444 0.197793 0)
(-0.0332392 0.196002 0)
(-0.0362742 0.194838 0)
(-0.0362508 0.194415 0)
(-0.0331203 0.194839 0)
(-0.02696 0.195755 0)
(-0.0185985 0.195999 0)
(-0.0100527 0.19625 0)
(-0.0145996 0.194951 0)
(-0.0123803 0.19676 0)
(-0.00551018 0.283013 0)
(-0.00554076 0.284359 0)
(0.00676781 0.287371 0)
(0.012242 0.289117 0)
(0.0166782 0.288787 0)
(0.0202262 0.28685 0)
(0.0227182 0.284164 0)
(0.0240293 0.281285 0)
(0.0240176 0.278593 0)
(0.022836 0.276383 0)
(0.0202169 0.274502 0)
(0.0157012 0.272523 0)
(0.0103699 0.27119 0)
(0.00482517 0.271021 0)
(-0.00103514 0.271827 0)
(-0.00678412 0.271175 0)
(-0.0114345 0.270862 0)
(-0.0145859 0.270602 0)
(-0.0159603 0.270467 0)
(-0.0159053 0.270183 0)
(-0.0151225 0.269816 0)
(-0.014277 0.2697 0)
(-0.0126017 0.2693 0)
(-0.0120929 0.268942 0)
(-0.00623751 0.270249 0)
(0.000118629 0.274787 0)
(0.00734798 0.277139 0)
(0.0185501 0.278096 0)
(0.0236182 0.278159 0)
(0.0271574 0.277803 0)
(0.0298151 0.277145 0)
(0.031733 0.276294 0)
(0.0328112 0.275271 0)
(0.0329902 0.274082 0)
(0.0318449 0.272709 0)
(0.0300189 0.271164 0)
(0.0273697 0.269566 0)
(0.0230814 0.267902 0)
(0.0176279 0.266073 0)
(0.0124435 0.264358 0)
(0.0078356 0.262382 0)
(0.00313377 0.26062 0)
(-0.000884766 0.259403 0)
(-0.0037285 0.258718 0)
(-0.00547339 0.258779 0)
(-0.0063939 0.259584 0)
(-0.00655051 0.260983 0)
(-0.00630672 0.262633 0)
(-0.00613386 0.262317 0)
(-0.00270833 0.264426 0)
(0.0120939 0.280433 0)
(0.0241654 0.282895 0)
(0.0263029 0.28157 0)
(0.0284291 0.279585 0)
(0.0312138 0.277903 0)
(0.0332692 0.27654 0)
(0.0340751 0.275241 0)
(0.0335132 0.274004 0)
(0.0318208 0.272736 0)
(0.0293413 0.271497 0)
(0.0259458 0.270451 0)
(0.0223934 0.269319 0)
(0.0184604 0.267851 0)
(0.014293 0.266472 0)
(0.0103338 0.264963 0)
(0.00674163 0.263313 0)
(0.00337294 0.261281 0)
(0.00077502 0.259863 0)
(-0.000627237 0.259374 0)
(-0.00117862 0.259178 0)
(-0.00122599 0.25948 0)
(-0.00151491 0.260425 0)
(-0.00198881 0.261685 0)
(-0.00318198 0.263363 0)
(-0.000555674 0.264704 0)
(0.0171145 0.275983 0)
(0.0279086 0.277569 0)
(0.0220675 0.275726 0)
(0.0238766 0.273681 0)
(0.0286176 0.271993 0)
(0.0314462 0.27049 0)
(0.0320591 0.26893 0)
(0.0311121 0.267433 0)
(0.0290073 0.266202 0)
(0.0260356 0.265112 0)
(0.0223823 0.264101 0)
(0.0181097 0.263173 0)
(0.0132571 0.262465 0)
(0.00809088 0.261825 0)
(0.00291953 0.261132 0)
(-0.00148184 0.260154 0)
(-0.00425719 0.259895 0)
(-0.005129 0.259957 0)
(-0.00489581 0.259516 0)
(-0.00382422 0.259776 0)
(-0.00233927 0.260165 0)
(-0.00138269 0.260602 0)
(-0.000872229 0.260913 0)
(0.00116763 0.263739 0)
(0.00187288 0.265016 0)
(0.0206885 0.268295 0)
(0.0270622 0.269501 0)
(0.0148056 0.267722 0)
(0.0196057 0.266302 0)
(0.0257071 0.265253 0)
(0.0278409 0.263831 0)
(0.0278032 0.262548 0)
(0.0266024 0.261462 0)
(0.0243152 0.260586 0)
(0.0210059 0.259908 0)
(0.0168019 0.259324 0)
(0.0117253 0.258871 0)
(0.00594544 0.258534 0)
(-1.56859e-05 0.258259 0)
(-0.00523461 0.258098 0)
(-0.0086754 0.258612 0)
(-0.0096974 0.259169 0)
(-0.00914672 0.259519 0)
(-0.00768183 0.26055 0)
(-0.00537314 0.261405 0)
(-0.00301436 0.262166 0)
(-0.00156767 0.262648 0)
(-0.000742393 0.263008 0)
(0.00358956 0.26383 0)
(0.00397034 0.264689 0)
(0.0252063 0.259187 0)
(0.0271617 0.260107 0)
(0.0101459 0.259547 0)
(0.0166968 0.259203 0)
(0.0215428 0.258006 0)
(0.0222225 0.256598 0)
(0.021794 0.255593 0)
(0.0201038 0.254929 0)
(0.017083 0.25447 0)
(0.0128035 0.254234 0)
(0.00759788 0.254362 0)
(0.00182681 0.254341 0)
(-0.00398042 0.254352 0)
(-0.00888928 0.254691 0)
(-0.0121918 0.255781 0)
(-0.0136011 0.257255 0)
(-0.0132641 0.258648 0)
(-0.0115724 0.260205 0)
(-0.00889231 0.261606 0)
(-0.00588344 0.262723 0)
(-0.00333779 0.263447 0)
(-0.00183833 0.263757 0)
(-0.00061016 0.263994 0)
(0.00465923 0.263187 0)
(0.00481827 0.263066 0)
(0.0286391 0.253108 0)
(0.0275422 0.253906 0)
(0.00626244 0.25419 0)
(0.0122509 0.253698 0)
(0.0142375 0.252271 0)
(0.0141147 0.251235 0)
(0.0133165 0.250709 0)
(0.0107809 0.250569 0)
(0.00692531 0.25088 0)
(0.00231032 0.251286 0)
(-0.00273665 0.249958 0)
(-0.00773119 0.250687 0)
(-0.0118192 0.252647 0)
(-0.0145955 0.255401 0)
(-0.0160005 0.257074 0)
(-0.0158847 0.258743 0)
(-0.0143411 0.260527 0)
(-0.0115509 0.262255 0)
(-0.0082887 0.263598 0)
(-0.00524656 0.264453 0)
(-0.0029609 0.26483 0)
(-0.00152333 0.264909 0)
(-1.93728e-05 0.264963 0)
(0.00479291 0.264817 0)
(0.00433349 0.263949 0)
(0.0272479 0.250816 0)
(0.0238465 0.250357 0)
(0.00173741 0.250863 0)
(0.00563903 0.250183 0)
(0.00568741 0.24912 0)
(0.00576256 0.248734 0)
(0.00482714 0.248713 0)
(0.00239858 0.248963 0)
(-0.000995153 0.248343 0)
(-0.005161 0.247301 0)
(-0.00926194 0.252334 0)
(-0.0123224 0.255426 0)
(-0.0147836 0.256321 0)
(-0.01684 0.258125 0)
(-0.0167669 0.259879 0)
(-0.0154397 0.26171 0)
(-0.0127576 0.26347 0)
(-0.00950578 0.264814 0)
(-0.00633832 0.265645 0)
(-0.00368952 0.265994 0)
(-0.00178667 0.265984 0)
(-0.000483301 0.265808 0)
(0.000879935 0.265633 0)
(0.00421627 0.265263 0)
(0.00324295 0.264273 0)
(0.0244215 0.250062 0)
(0.0190444 0.249741 0)
(-0.0029947 0.250122 0)
(-0.000762961 0.249639 0)
(-0.00102033 0.249435 0)
(-0.00035717 0.249802 0)
(-0.000827662 0.250557 0)
(-0.0022219 0.252052 0)
(-0.00485431 0.256283 0)
(-0.00760901 0.261392 0)
(-0.0102201 0.260952 0)
(-0.0140264 0.259535 0)
(-0.0161836 0.261816 0)
(-0.015632 0.261422 0)
(-0.0147642 0.263407 0)
(-0.0123895 0.265027 0)
(-0.00943749 0.266275 0)
(-0.00640083 0.267022 0)
(-0.00366339 0.267337 0)
(-0.00144192 0.267315 0)
(0.000189648 0.267087 0)
(0.00138275 0.266765 0)
(0.00249006 0.266347 0)
(0.00438461 0.265857 0)
(0.00257023 0.265058 0)
(0.0211819 0.251254 0)
(0.014975 0.251177 0)
(-0.00597891 0.251716 0)
(-0.00439768 0.251758 0)
(-0.00431444 0.252339 0)
(-0.00320528 0.253149 0)
(-0.00323436 0.25428 0)
(-0.00434274 0.255618 0)
(-0.00738655 0.25618 0)
(-0.0101154 0.257284 0)
(-0.0127931 0.259665 0)
(-0.0134322 0.261235 0)
(-0.0134621 0.262428 0)
(-0.0126299 0.265131 0)
(-0.0109808 0.266457 0)
(-0.0085775 0.267564 0)
(-0.00596685 0.268252 0)
(-0.00338685 0.268587 0)
(-0.00100913 0.268645 0)
(0.00106684 0.268495 0)
(0.00282945 0.268198 0)
(0.00437121 0.267783 0)
(0.0060061 0.267217 0)
(0.00780365 0.266647 0)
(0.00436111 0.266787 0)
(0.0181117 0.253831 0)
(0.0124394 0.253841 0)
(-0.00635884 0.25466 0)
(-0.00521867 0.255136 0)
(-0.00494225 0.255968 0)
(-0.00375179 0.256903 0)
(-0.00356476 0.258023 0)
(-0.00460365 0.259212 0)
(-0.00663895 0.260322 0)
(-0.00875472 0.260794 0)
(-0.0102282 0.261925 0)
(-0.0107539 0.264429 0)
(-0.0105668 0.266151 0)
(-0.00957858 0.267404 0)
(-0.00802784 0.268372 0)
(-0.00614072 0.269036 0)
(-0.00409805 0.269434 0)
(-0.0019865 0.269603 0)
(9.92982e-05 0.269581 0)
(0.00209215 0.26941 0)
(0.00397608 0.26909 0)
(0.00589824 0.268563 0)
(0.00809418 0.267918 0)
(0.0104089 0.266618 0)
(0.0064332 0.265325 0)
(0.0156238 0.256674 0)
(0.0112501 0.256595 0)
(-0.00513941 0.257492 0)
(-0.00473011 0.258124 0)
(-0.00458235 0.259014 0)
(-0.00352634 0.259868 0)
(-0.00338947 0.260786 0)
(-0.00427256 0.261676 0)
(-0.00563008 0.262775 0)
(-0.00695626 0.263952 0)
(-0.0079876 0.265284 0)
(-0.00840382 0.266555 0)
(-0.00826249 0.267638 0)
(-0.00774154 0.268484 0)
(-0.00698204 0.269092 0)
(-0.00599016 0.269483 0)
(-0.00481154 0.269627 0)
(-0.00345774 0.269677 0)
(-0.00198411 0.269654 0)
(-0.000410839 0.269449 0)
(0.00125053 0.269067 0)
(0.00333577 0.268598 0)
(0.0051983 0.268129 0)
(0.00949383 0.266942 0)
(0.00726101 0.267685 0)
(0.0127769 0.25922 0)
(0.00983903 0.258543 0)
(-0.00367702 0.259402 0)
(-0.00376958 0.260053 0)
(-0.00380502 0.260657 0)
(-0.00300712 0.261494 0)
(-0.00293989 0.262555 0)
(-0.00351063 0.263371 0)
(-0.0041976 0.264383 0)
(-0.00496999 0.2654 0)
(-0.00582999 0.26641 0)
(-0.00667551 0.267272 0)
(-0.00740521 0.267895 0)
(-0.0078927 0.268265 0)
(-0.00811789 0.268539 0)
(-0.00812389 0.268726 0)
(-0.00785355 0.268875 0)
(-0.0074581 0.268879 0)
(-0.00682232 0.268719 0)
(-0.00588817 0.268607 0)
(-0.00478045 0.268646 0)
(-0.00360948 0.268763 0)
(-0.00240168 0.267798 0)
(0.00606122 0.267143 0)
(0.00610462 0.267073 0)
(0.00853873 0.261281 0)
(0.00726991 0.259972 0)
(-0.00209983 0.260462 0)
(-0.00235516 0.260974 0)
(-0.00236952 0.262091 0)
(-0.00176984 0.262851 0)
(-0.00169916 0.263346 0)
(-0.00188424 0.26412 0)
(-0.00230635 0.264971 0)
(-0.00327334 0.265638 0)
(-0.0046254 0.266014 0)
(-0.00618275 0.266262 0)
(-0.00775873 0.266501 0)
(-0.00907572 0.266815 0)
(-0.0100633 0.267106 0)
(-0.0107951 0.267372 0)
(-0.011338 0.2677 0)
(-0.0115241 0.267955 0)
(-0.0113347 0.268143 0)
(-0.0112175 0.26838 0)
(-0.0114657 0.268512 0)
(-0.0124712 0.2686 0)
(-0.012605 0.268932 0)
(-0.00369787 0.268329 0)
(0.00104798 0.266465 0)
(0.00389711 0.260954 0)
(0.00394159 0.258942 0)
(-0.000375399 0.260969 0)
(-0.000589162 0.261608 0)
(-0.000388801 0.262212 0)
(0.000184271 0.262491 0)
(0.000408265 0.262844 0)
(0.000275413 0.263687 0)
(-0.000464181 0.264038 0)
(-0.00203186 0.264192 0)
(-0.00403072 0.264337 0)
(-0.00606028 0.264486 0)
(-0.00791156 0.264698 0)
(-0.0095289 0.264984 0)
(-0.0109248 0.265307 0)
(-0.012053 0.265657 0)
(-0.0129086 0.265966 0)
(-0.0135696 0.266375 0)
(-0.0142021 0.266942 0)
(-0.0147189 0.267342 0)
(-0.0150033 0.267707 0)
(-0.0153889 0.268376 0)
(-0.0177006 0.270266 0)
(-0.0157017 0.271975 0)
(-0.00669864 0.270289 0)
(-0.00103163 0.263502 0)
(0.000776795 0.261102 0)
(0.00113982 0.261402 0)
(0.00123035 0.261784 0)
(0.00145714 0.261847 0)
(0.00226065 0.262424 0)
(0.00273575 0.262354 0)
(0.00247967 0.262165 0)
(0.00119848 0.262596 0)
(-0.000686812 0.262591 0)
(-0.00291698 0.262541 0)
(-0.00517288 0.262551 0)
(-0.00721298 0.262661 0)
(-0.00899598 0.262854 0)
(-0.0105337 0.263146 0)
(-0.0117938 0.263525 0)
(-0.0127574 0.263956 0)
(-0.0134522 0.264404 0)
(-0.0139772 0.264833 0)
(-0.0141452 0.26535 0)
(-0.0134226 0.266131 0)
(-0.0116359 0.267079 0)
(-0.0122226 0.268541 0)
(-0.018046 0.272344 0)
(-0.0113471 0.272004 0)
(-0.0053706 0.265862 0)
(-0.00276421 0.263594 0)
(0.00339131 0.261627 0)
(0.00322967 0.261855 0)
(0.00341272 0.261966 0)
(0.00423157 0.261743 0)
(0.00499291 0.262396 0)
(0.00496398 0.262271 0)
(0.0035158 0.261312 0)
(0.00123303 0.261113 0)
(-0.0013417 0.260859 0)
(-0.00379956 0.260704 0)
(-0.00593433 0.260625 0)
(-0.00771897 0.26066 0)
(-0.00917932 0.260833 0)
(-0.0103737 0.261143 0)
(-0.0113152 0.261568 0)
(-0.0119313 0.262071 0)
(-0.0121898 0.262654 0)
(-0.0118988 0.263371 0)
(-0.0108138 0.26416 0)
(-0.00804548 0.264781 0)
(-0.00396887 0.265202 0)
(-0.0109797 0.266896 0)
(-0.0105845 0.267701 0)
(-0.00930609 0.263983 0)
(-0.00577463 0.262043 0)
(0.00546775 0.262064 0)
(0.00570274 0.26227 0)
(0.00559964 0.26234 0)
(0.00620918 0.262078 0)
(0.00684096 0.261267 0)
(0.00705234 0.260843 0)
(0.00612488 0.260373 0)
(0.00377025 0.259857 0)
(0.000956828 0.259775 0)
(-0.00187693 0.259295 0)
(-0.00426601 0.259034 0)
(-0.00607893 0.258867 0)
(-0.00740026 0.258833 0)
(-0.00837346 0.258953 0)
(-0.00911951 0.259238 0)
(-0.00960095 0.259672 0)
(-0.00969576 0.260215 0)
(-0.00930924 0.260866 0)
(-0.00841211 0.261489 0)
(-0.0062153 0.262027 0)
(-0.00201617 0.261919 0)
(-0.00786267 0.261246 0)
(-0.00912093 0.262594 0)
(-0.0114225 0.264463 0)
(-0.00852377 0.263983 0)
(0.0059348 0.263032 0)
(0.00800126 0.262835 0)
(0.00780451 0.262864 0)
(0.00798939 0.262574 0)
(0.00835368 0.26197 0)
(0.00862256 0.261144 0)
(0.00802573 0.260609 0)
(0.00644616 0.25903 0)
(0.00353345 0.257987 0)
(0.000465865 0.258589 0)
(-0.00230697 0.258155 0)
(-0.00441774 0.257832 0)
(-0.00575613 0.257579 0)
(-0.00651468 0.257453 0)
(-0.0069342 0.257492 0)
(-0.00713109 0.257713 0)
(-0.00706541 0.258085 0)
(-0.00674129 0.258556 0)
(-0.00631796 0.259074 0)
(-0.00542346 0.25948 0)
(-0.00297138 0.259432 0)
(-0.00810625 0.258574 0)
(-0.00865985 0.25929 0)
(-0.0119813 0.265578 0)
(-0.0110174 0.266295 0)
(0.00435016 0.264767 0)
(0.00929663 0.263612 0)
(0.00998098 0.263361 0)
(0.00981188 0.263127 0)
(0.00978065 0.262625 0)
(0.00969707 0.261806 0)
(0.00933911 0.260731 0)
(0.00804632 0.260147 0)
(0.00638185 0.258666 0)
(0.00341664 0.257371 0)
(0.000249411 0.25806 0)
(-0.00264425 0.257625 0)
(-0.00444915 0.257211 0)
(-0.00522689 0.256877 0)
(-0.0053706 0.256684 0)
(-0.00520291 0.256655 0)
(-0.00486141 0.256779 0)
(-0.00440897 0.257002 0)
(-0.00413897 0.257312 0)
(-0.0041618 0.257727 0)
(-0.00292022 0.257873 0)
(-0.00788667 0.257665 0)
(-0.00797429 0.257258 0)
(-0.0113113 0.266332 0)
(-0.0125841 0.267764 0)
(0.00103002 0.26738 0)
(0.00818459 0.265653 0)
(0.011121 0.264472 0)
(0.0116853 0.263914 0)
(0.011506 0.263405 0)
(0.0110749 0.262721 0)
(0.010402 0.261663 0)
(0.00963258 0.261673 0)
(0.00853482 0.260743 0)
(0.00664864 0.257621 0)
(0.00311993 0.256473 0)
(-0.000175675 0.257389 0)
(-0.00292648 0.257118 0)
(-0.00435828 0.25683 0)
(-0.00459765 0.256581 0)
(-0.0041825 0.256429 0)
(-0.00353857 0.256402 0)
(-0.00284002 0.256454 0)
(-0.0022813 0.256565 0)
(-0.00240697 0.256811 0)
(-0.00177169 0.257168 0)
(-0.00757002 0.257059 0)
(-0.00796781 0.256543 0)
(-0.00976941 0.266743 0)
(-0.0119756 0.268331 0)
(-0.00158246 0.269698 0)
(0.004436 0.268657 0)
(0.00939242 0.266823 0)
(0.0119973 0.265442 0)
(0.0126997 0.264536 0)
(0.0123699 0.263724 0)
(0.0113957 0.26291 0)
(0.0102767 0.26075 0)
(0.00836634 0.260979 0)
(0.00669861 0.262113 0)
(0.00503334 0.259151 0)
(0.00251425 0.255867 0)
(-6.3831e-06 0.256518 0)
(-0.00229252 0.25667 0)
(-0.00345915 0.256689 0)
(-0.00343108 0.25664 0)
(-0.00275086 0.256619 0)
(-0.0018827 0.256668 0)
(-0.00109535 0.25676 0)
(-0.000963186 0.25685 0)
(-0.000578512 0.257094 0)
(-0.00734095 0.257095 0)
(-0.00798644 0.256593 0)
(-0.00778346 0.266944 0)
(-0.00992916 0.268736 0)
(-0.00234589 0.269797 0)
(0.000694756 0.270374 0)
(0.00544418 0.26947 0)
(0.00985319 0.26785 0)
(0.0123061 0.266371 0)
(0.0128991 0.265181 0)
(0.0121928 0.264148 0)
(0.0104961 0.263133 0)
(0.00889146 0.263244 0)
(0.00679394 0.260893 0)
(0.00555001 0.259594 0)
(0.00439831 0.258826 0)
(0.00284587 0.2569 0)
(0.000894613 0.256877 0)
(-0.00100185 0.257028 0)
(-0.00190859 0.257177 0)
(-0.00175103 0.257265 0)
(-0.00101077 0.257348 0)
(-0.000225279 0.257445 0)
(2.0949e-05 0.25753 0)
(0.000274784 0.257699 0)
(-0.00662862 0.257579 0)
(-0.00734741 0.257538 0)
(-0.00592343 0.267072 0)
(-0.00813489 0.269 0)
(-0.0025142 0.269647 0)
(-0.000725311 0.270633 0)
(0.00204712 0.270889 0)
(0.00623439 0.269981 0)
(0.00993421 0.268469 0)
(0.0119016 0.266938 0)
(0.0120163 0.265606 0)
(0.0106937 0.264472 0)
(0.00856961 0.261983 0)
(0.00635617 0.261152 0)
(0.0048856 0.261183 0)
(0.00386324 0.260401 0)
(0.00327661 0.259007 0)
(0.00248813 0.258131 0)
(0.00120125 0.257897 0)
(-5.64851e-05 0.258021 0)
(-0.000549923 0.258202 0)
(-0.000231252 0.25834 0)
(0.00039372 0.258436 0)
(0.00065794 0.258512 0)
(0.000760035 0.258616 0)
(-0.00540794 0.258601 0)
(-0.00604575 0.258859 0)
(-0.00435343 0.26686 0)
(-0.00639408 0.268502 0)
(-0.0021951 0.269113 0)
(-0.000541322 0.269649 0)
(0.000821248 0.270389 0)
(0.00336873 0.270446 0)
(0.00671622 0.269553 0)
(0.00942773 0.268139 0)
(0.0104973 0.266661 0)
(0.00994036 0.265363 0)
(0.00788738 0.264204 0)
(0.00541025 0.263066 0)
(0.00385237 0.262031 0)
(0.00303153 0.261197 0)
(0.00244598 0.260547 0)
(0.00240252 0.259552 0)
(0.00213384 0.259166 0)
(0.00131793 0.25909 0)
(0.000580689 0.259263 0)
(0.000435055 0.259436 0)
(0.000776808 0.259548 0)
(0.00099395 0.259619 0)
(0.00102574 0.259686 0)
(-0.00382263 0.259644 0)
(-0.00434868 0.260209 0)
(-0.00202788 0.266208 0)
(-0.00414685 0.268637 0)
(-0.00222797 0.268042 0)
(0.000158705 0.268366 0)
(0.00135755 0.268699 0)
(0.0024649 0.269087 0)
(0.00428157 0.268971 0)
(0.00650071 0.26815 0)
(0.00796581 0.266957 0)
(0.00818871 0.265707 0)
(0.00641454 0.264745 0)
(0.00398766 0.263792 0)
(0.00259775 0.262847 0)
(0.00171957 0.262503 0)
(0.0013672 0.262082 0)
(0.00154034 0.261158 0)
(0.00194962 0.260445 0)
(0.00190003 0.260232 0)
(0.00132334 0.260306 0)
(0.000899299 0.260465 0)
(0.000957983 0.260609 0)
(0.00102693 0.260675 0)
(0.000991504 0.260671 0)
(-0.00205368 0.260631 0)
(-0.00238063 0.261382 0)
(0.0011781 0.264711 0)
(-0.000590705 0.266007 0)
(-0.00159201 0.266999 0)
(0.000909959 0.266692 0)
(0.00244044 0.266662 0)
(0.00319918 0.266792 0)
(0.00382135 0.267035 0)
(0.00475802 0.266907 0)
(0.00560146 0.266322 0)
(0.00553548 0.265498 0)
(0.00378526 0.264201 0)
(0.00180165 0.263538 0)
(0.000781292 0.263141 0)
(0.000172967 0.262695 0)
(1.16302e-05 0.262474 0)
(0.000340904 0.262127 0)
(0.00102642 0.261713 0)
(0.00148742 0.261388 0)
(0.00144874 0.261248 0)
(0.0012082 0.261414 0)
(0.00102823 0.261588 0)
(0.000797187 0.261644 0)
(0.000655853 0.261586 0)
(-0.000260423 0.261574 0)
(-0.000291379 0.262587 0)
(0.00515806 0.263142 0)
(0.00678345 0.263137 0)
(0.00255111 0.264883 0)
(0.00135958 0.264845 0)
(0.0031995 0.264498 0)
(0.00414538 0.264421 0)
(0.00433655 0.264439 0)
(0.0041864 0.264508 0)
(0.00375951 0.264364 0)
(0.00233662 0.263933 0)
(0.00064951 0.263173 0)
(-0.00029992 0.262976 0)
(-0.000966276 0.262555 0)
(-0.00131868 0.262276 0)
(-0.00127605 0.262307 0)
(-0.000832944 0.262511 0)
(-0.000128662 0.262572 0)
(0.000516005 0.262461 0)
(0.00100026 0.262387 0)
(0.00117524 0.262381 0)
(0.000972928 0.262454 0)
(0.000424335 0.262495 0)
(0.000101854 0.262352 0)
(0.00152827 0.261236 0)
(0.00183694 0.262472 0)
(0.00949654 0.261541 0)
(0.0140315 0.263134 0)
(0.00631355 0.262638 0)
(0.00225008 0.262465 0)
(0.00346421 0.262395 0)
(0.00443203 0.262337 0)
(0.00449898 0.262306 0)
(0.00377033 0.262419 0)
(0.00210399 0.262492 0)
(-0.000462551 0.262313 0)
(-0.00185695 0.262219 0)
(-0.00203964 0.262265 0)
(-0.00242954 0.262436 0)
(-0.00253741 0.262638 0)
(-0.00235361 0.262805 0)
(-0.0018376 0.262984 0)
(-0.00110219 0.263095 0)
(-0.000353914 0.263134 0)
(0.000339005 0.263146 0)
(0.000737792 0.263147 0)
(0.000643418 0.263114 0)
(-9.76553e-05 0.26309 0)
(-0.000450449 0.26293 0)
(0.00356854 0.263295 0)
(0.00412698 0.263921 0)
(0.0123227 0.263001 0)
(0.0156706 0.263091 0)
(0.00650419 0.260734 0)
(0.00429898 0.26053 0)
(0.00466995 0.260791 0)
(0.00506216 0.260765 0)
(0.00476269 0.260796 0)
(0.00313712 0.260905 0)
(9.85507e-05 0.260882 0)
(-0.00285144 0.260809 0)
(-0.00366335 0.261273 0)
(-0.00344956 0.261642 0)
(-0.00358832 0.26238 0)
(-0.00349021 0.262801 0)
(-0.00321534 0.262878 0)
(-0.00264686 0.2632 0)
(-0.00190197 0.263431 0)
(-0.00108858 0.263584 0)
(-0.000283266 0.263679 0)
(0.000169245 0.263694 0)
(8.50155e-05 0.263657 0)
(-0.000689237 0.263645 0)
(-0.000758658 0.263751 0)
(0.00449386 0.264988 0)
(0.00485614 0.264845 0)
(0.0126145 0.263452 0)
(0.0128265 0.260572 0)
(0.00390823 0.259482 0)
(0.00530763 0.259971 0)
(0.0056246 0.259902 0)
(0.00550474 0.259818 0)
(0.0043147 0.259787 0)
(0.00122194 0.259625 0)
(-0.00255884 0.259454 0)
(-0.00471124 0.259848 0)
(-0.00473129 0.260942 0)
(-0.00431409 0.261505 0)
(-0.0041484 0.262102 0)
(-0.0041286 0.262677 0)
(-0.00371331 0.262952 0)
(-0.00311762 0.263383 0)
(-0.00236436 0.263713 0)
(-0.00151458 0.263968 0)
(-0.000708332 0.26413 0)
(-0.000243182 0.264162 0)
(-4.29857e-05 0.264176 0)
(-0.000239331 0.264421 0)
(-0.000838292 0.265339 0)
(0.0036123 0.264209 0)
(0.00430844 0.263283 0)
(0.00921226 0.260684 0)
(0.00868661 0.259752 0)
(0.00274594 0.259563 0)
(0.00535748 0.259488 0)
(0.00575196 0.259286 0)
(0.00490848 0.259172 0)
(0.00215962 0.258857 0)
(-0.0018482 0.258452 0)
(-0.00476084 0.258643 0)
(-0.00549429 0.259541 0)
(-0.00508765 0.25909 0)
(-0.00470169 0.259858 0)
(-0.00451846 0.262032 0)
(-0.00434717 0.262304 0)
(-0.00388772 0.263117 0)
(-0.00318896 0.263566 0)
(-0.00236348 0.263929 0)
(-0.00142552 0.264201 0)
(-0.000552218 0.264346 0)
(0.000165492 0.264369 0)
(0.00119302 0.264381 0)
(0.00300041 0.26451 0)
(-0.000266881 0.266068 0)
(-0.000265271 0.264173 0)
(0.00210097 0.262993 0)
(0.00795536 0.259151 0)
(0.007056 0.259144 0)
(0.0024875 0.259275 0)
(0.00561858 0.259015 0)
(0.00533449 0.258857 0)
(0.00283733 0.258469 0)
(-0.00113211 0.257865 0)
(-0.00433461 0.257783 0)
(-0.00548181 0.25855 0)
(-0.00511237 0.259432 0)
(-0.00483068 0.259902 0)
(-0.00469318 0.262045 0)
(-0.0047226 0.262347 0)
(-0.00439653 0.262534 0)
(-0.00385151 0.263155 0)
(-0.0030695 0.263611 0)
(-0.00216885 0.263945 0)
(-0.00114677 0.26415 0)
(-0.0001331 0.264209 0)
(0.000939151 0.264181 0)
(0.0023931 0.264112 0)
(0.00507143 0.263718 0)
(0.00147639 0.262574 0)
(-0.0022175 0.265103 0)
(-0.00051411 0.263192 0)
(0.00807094 0.258429 0)
(0.00753176 0.258736 0)
(0.00270195 0.259227 0)
(0.00517046 0.258732 0)
(0.00345512 0.258439 0)
(-0.000635283 0.257679 0)
(-0.00405849 0.257354 0)
(-0.00543186 0.257898 0)
(-0.00529782 0.258877 0)
(-0.00489669 0.259586 0)
(-0.00441352 0.263333 0)
(-0.00442812 0.264095 0)
(-0.00422556 0.2614 0)
(-0.00398386 0.262631 0)
(-0.00341861 0.263156 0)
(-0.00271884 0.263558 0)
(-0.00186069 0.263823 0)
(-0.000827096 0.263944 0)
(0.000340317 0.263933 0)
(0.00168166 0.263854 0)
(0.00296647 0.263691 0)
(0.00408464 0.26319 0)
(0.0048436 0.26085 0)
(-0.000270614 0.264649 0)
(-0.00304499 0.26275 0)
(0.0081513 0.258348 0)
(0.00826603 0.258693 0)
(0.00279606 0.259024 0)
(0.00350957 0.25859 0)
(0.00024531 0.257927 0)
(-0.00383173 0.257344 0)
(-0.00544395 0.257696 0)
(-0.00544953 0.258562 0)
(-0.00497097 0.25945 0)
(-0.00448957 0.261096 0)
(-0.00471103 0.261622 0)
(-0.00395695 0.260386 0)
(-0.00374013 0.262192 0)
(-0.00349455 0.262715 0)
(-0.00298836 0.263138 0)
(-0.00240614 0.263433 0)
(-0.0016109 0.263606 0)
(-0.000544155 0.263658 0)
(0.000808615 0.263603 0)
(0.00231442 0.263449 0)
(0.003508 0.263082 0)
(0.00346896 0.262735 0)
(0.0051556 0.262308 0)
(0.00135858 0.259848 0)
(-0.00281443 0.261994 0)
(0.00824171 0.258432 0)
(0.00856262 0.258794 0)
(0.00218701 0.258836 0)
(0.000884731 0.258455 0)
(-0.00293495 0.257676 0)
(-0.00541201 0.257753 0)
(-0.00541631 0.258464 0)
(-0.0048342 0.259263 0)
(-0.0043183 0.259881 0)
(-0.00398117 0.260181 0)
(-0.00349145 0.260279 0)
(-0.00351965 0.261831 0)
(-0.00335352 0.262214 0)
(-0.00307102 0.262658 0)
(-0.00272168 0.262976 0)
(-0.00226278 0.26319 0)
(-0.00151989 0.263316 0)
(-0.00043126 0.263361 0)
(0.000938439 0.263307 0)
(0.00220363 0.263073 0)
(0.00324662 0.262557 0)
(0.00241233 0.262178 0)
(0.00252226 0.261951 0)
(0.00156345 0.259951 0)
(-0.000203371 0.261288 0)
(0.00811067 0.258551 0)
(0.00824453 0.258734 0)
(0.000990299 0.258695 0)
(-0.00175092 0.258319 0)
(-0.00494402 0.257946 0)
(-0.00559867 0.258502 0)
(-0.00487089 0.259203 0)
(-0.00415213 0.259826 0)
(-0.00362075 0.260469 0)
(-0.00324254 0.261049 0)
(-0.00303243 0.261075 0)
(-0.00301611 0.261334 0)
(-0.00285831 0.262176 0)
(-0.00264749 0.2625 0)
(-0.00244532 0.262758 0)
(-0.00206806 0.262955 0)
(-0.00133725 0.263094 0)
(-0.000285869 0.263153 0)
(0.000781685 0.263071 0)
(0.00149324 0.262718 0)
(0.00215786 0.262241 0)
(0.00116032 0.26162 0)
(0.000364132 0.26123 0)
(0.00103565 0.260973 0)
(0.000627397 0.261114 0)
(0.00772128 0.258754 0)
(0.00736208 0.258939 0)
(-0.000585653 0.258679 0)
(-0.0035903 0.258297 0)
(-0.00554397 0.2585 0)
(-0.00508028 0.259169 0)
(-0.00424397 0.259759 0)
(-0.00359121 0.260239 0)
(-0.00307054 0.260721 0)
(-0.00263724 0.261455 0)
(-0.0024133 0.26171 0)
(-0.002372 0.261685 0)
(-0.00226586 0.262041 0)
(-0.00210373 0.262302 0)
(-0.00193851 0.26253 0)
(-0.00161933 0.262731 0)
(-0.0010812 0.262873 0)
(-0.000428135 0.262843 0)
(8.62828e-05 0.262601 0)
(0.000294908 0.262261 0)
(0.000547486 0.261851 0)
(0.000237693 0.261239 0)
(-9.69402e-05 0.261252 0)
(0.00020111 0.261508 0)
(0.00011453 0.261087 0)
(0.00736569 0.259134 0)
(0.00605017 0.25943 0)
(-0.00254478 0.25896 0)
(-0.00464889 0.258699 0)
(-0.00522431 0.259171 0)
(-0.00434369 0.259759 0)
(-0.00362753 0.260182 0)
(-0.0030383 0.260552 0)
(-0.00250749 0.260878 0)
(-0.0020788 0.260815 0)
(-0.00183071 0.261039 0)
(-0.00168742 0.261635 0)
(-0.00150045 0.261853 0)
(-0.00135937 0.262062 0)
(-0.0012723 0.262202 0)
(-0.00112562 0.262294 0)
(-0.000956003 0.262294 0)
(-0.000824904 0.262211 0)
(-0.000792198 0.262053 0)
(-0.00094465 0.261836 0)
(-0.00103356 0.261596 0)
(-0.000495634 0.261222 0)
(-0.000160611 0.261613 0)
(-0.000593243 0.261275 0)
(-0.000583453 0.261177 0)
(0.00704162 0.259247 0)
(0.00456734 0.259295 0)
(-0.00439049 0.259047 0)
(-0.00527725 0.259188 0)
(-0.00488661 0.259708 0)
(-0.00389089 0.260106 0)
(-0.00320971 0.260433 0)
(-0.00258999 0.260717 0)
(-0.00199851 0.261029 0)
(-0.00155095 0.261204 0)
(-0.00128352 0.261304 0)
(-0.00103881 0.26147 0)
(-0.000754612 0.261598 0)
(-0.000626015 0.261664 0)
(-0.000632512 0.261718 0)
(-0.000675271 0.261744 0)
(-0.000774556 0.261739 0)
(-0.000973982 0.261699 0)
(-0.00131458 0.261607 0)
(-0.00174205 0.261488 0)
(-0.00209651 0.26143 0)
(-0.000934023 0.261264 0)
(-1.79401e-05 0.26121 0)
(-0.00102583 0.261329 0)
(-0.00103281 0.26106 0)
(0.00506709 0.259061 0)
(0.00307162 0.257579 0)
(-0.00373104 0.25856 0)
(-0.00459442 0.259248 0)
(-0.0042744 0.2598 0)
(-0.00345462 0.26017 0)
(-0.00279625 0.260475 0)
(-0.00217443 0.260729 0)
(-0.00157362 0.260925 0)
(-0.00107777 0.261051 0)
(-0.000714754 0.261158 0)
(-0.000368767 0.261246 0)
(-6.09619e-05 0.261297 0)
(8.26789e-05 0.261284 0)
(9.95204e-05 0.261271 0)
(1.05594e-05 0.26125 0)
(-0.000252116 0.261223 0)
(-0.000762569 0.261231 0)
(-0.00146156 0.261205 0)
(-0.00205917 0.261165 0)
(-0.00242449 0.26122 0)
(-0.00112182 0.261439 0)
(7.00036e-05 0.261144 0)
(-0.0012038 0.260707 0)
(-0.00132206 0.261156 0)
(0.00259513 0.259135 0)
(0.00166148 0.258465 0)
(-0.00187728 0.258616 0)
(-0.00282356 0.25935 0)
(-0.00314652 0.259834 0)
(-0.0027112 0.260168 0)
(-0.00220236 0.260446 0)
(-0.00166615 0.260664 0)
(-0.00111985 0.260804 0)
(-0.000613949 0.260901 0)
(-0.000181241 0.260974 0)
(0.000237906 0.261007 0)
(0.000572837 0.260991 0)
(0.000758328 0.26094 0)
(0.000839439 0.260871 0)
(0.000764462 0.260812 0)
(0.000520007 0.260899 0)
(-0.000113347 0.260758 0)
(-0.00111959 0.260758 0)
(-0.00182681 0.260791 0)
(-0.00200834 0.260969 0)
(-0.00130163 0.261276 0)
(-0.000468117 0.260985 0)
(-0.00161452 0.261275 0)
(-0.00165285 0.26061 0)
(0.00144292 0.259447 0)
(0.000729039 0.259252 0)
(-0.00114116 0.259363 0)
(-0.00163309 0.259604 0)
(-0.00223622 0.25992 0)
(-0.00203819 0.260178 0)
(-0.00165707 0.2604 0)
(-0.00121045 0.260569 0)
(-0.000721037 0.26066 0)
(-0.000217529 0.260707 0)
(0.000269675 0.260758 0)
(0.000731643 0.260769 0)
(0.00110794 0.260696 0)
(0.00137064 0.260602 0)
(0.001556 0.260491 0)
(0.00160232 0.260398 0)
(0.00133143 0.259053 0)
(0.000598542 0.260196 0)
(-0.000471728 0.26017 0)
(-0.00105139 0.260287 0)
(-0.00125514 0.260612 0)
(-0.00152749 0.260809 0)
(-0.00107934 0.26085 0)
(-0.0020986 0.261107 0)
(-0.00204511 0.260663 0)
(0.000859953 0.259443 0)
(0.000398743 0.259303 0)
(-0.000701507 0.259657 0)
(-0.00105671 0.25975 0)
(-0.00161329 0.259958 0)
(-0.00150222 0.260152 0)
(-0.00121161 0.26032 0)
(-0.000843914 0.260448 0)
(-0.000407334 0.260514 0)
(6.93535e-05 0.260556 0)
(0.000578182 0.26057 0)
(0.00104891 0.260517 0)
(0.00143244 0.26042 0)
(0.00178904 0.260265 0)
(0.00210451 0.260121 0)
(0.00221287 0.259946 0)
(0.00200264 0.260803 0)
(0.00113219 0.259591 0)
(0.000458056 0.259528 0)
(0.000359479 0.259743 0)
(-2.41047e-06 0.260121 0)
(-0.00156597 0.260416 0)
(-0.00158893 0.259912 0)
(-0.00243894 0.260294 0)
(-0.00231317 0.260295 0)
(0.000519614 0.25878 0)
(7.96374e-05 0.258808 0)
(-0.000638492 0.259848 0)
(-0.000790236 0.259914 0)
(-0.00121993 0.259963 0)
(-0.00114279 0.260104 0)
(-0.000904508 0.260226 0)
(-0.000602618 0.260324 0)
(-0.000225203 0.260379 0)
(0.000213964 0.260407 0)
(0.000691871 0.260377 0)
(0.00115472 0.260292 0)
(0.00150689 0.260151 0)
(0.00187134 0.260002 0)
(0.00223432 0.259848 0)
(0.00229468 0.259661 0)
(0.00206049 0.259666 0)
(0.00171558 0.259194 0)
(0.00167105 0.259226 0)
(0.00205833 0.259424 0)
(0.00153153 0.259576 0)
(-0.00128865 0.259799 0)
(-0.00193538 0.260105 0)
(-0.00251123 0.259356 0)
(-0.0023924 0.259361 0)
(0.00026621 0.261012 0)
(-5.52937e-05 0.261085 0)
(-0.000501302 0.259105 0)
(-0.000586273 0.259093 0)
(-0.000947823 0.259965 0)
(-0.00091169 0.260054 0)
(-0.000705021 0.260138 0)
(-0.000455294 0.260206 0)
(-0.000149432 0.260251 0)
(0.000218182 0.260255 0)
(0.000636735 0.26021 0)
(0.0010188 0.2601 0)
(0.0013892 0.260156 0)
(0.00185333 0.260009 0)
(0.00224103 0.259712 0)
(0.00233739 0.259493 0)
(0.00206766 0.258222 0)
(0.00212228 0.25921 0)
(0.00263084 0.259165 0)
(0.00310321 0.259203 0)
(0.00217071 0.259071 0)
(-0.00100461 0.258879 0)
(-0.00177746 0.258831 0)
(-0.0024568 0.259367 0)
(-0.00243714 0.259195 0)
(0.000127714 0.259712 0)
(4.60284e-05 0.259656 0)
(-0.000107958 0.25928 0)
(-0.00045008 0.259316 0)
(-0.000893674 0.259938 0)
(-0.000860957 0.260008 0)
(-0.000667352 0.260071 0)
(-0.000446858 0.260116 0)
(-0.00019272 0.260143 0)
(9.93318e-05 0.260149 0)
(0.000439468 0.260108 0)
(0.000817817 0.260209 0)
(0.00124377 0.258655 0)
(0.00165676 0.25883 0)
(0.0019612 0.259618 0)
(0.00211895 0.259411 0)
(0.00212952 0.261111 0)
(0.0024277 0.259152 0)
(0.00315381 0.259039 0)
(0.00322775 0.258959 0)
(0.00155805 0.258607 0)
(-0.000829277 0.258194 0)
(-0.00104231 0.259043 0)
(-0.00256657 0.258774 0)
(-0.00269039 0.258651 0)
(4.95763e-05 0.258669 0)
(-0.000169177 0.258606 0)
(-0.000293523 0.261442 0)
(-0.000440382 0.261563 0)
(-0.000822506 0.259823 0)
(-0.000841171 0.259913 0)
(-0.000674972 0.259979 0)
(-0.000481532 0.260021 0)
(-0.000245427 0.260043 0)
(3.52115e-05 0.260042 0)
(0.000342069 0.260039 0)
(0.000775303 0.25863 0)
(0.00100578 0.259724 0)
(0.00108337 0.259375 0)
(0.0013207 0.259524 0)
(0.00150468 0.25947 0)
(0.00198997 0.259216 0)
(0.00240444 0.259096 0)
(0.00315419 0.259004 0)
(0.00253241 0.258785 0)
(0.000520952 0.258298 0)
(-0.000630334 0.258297 0)
(-0.000382534 0.258455 0)
(-0.00291601 0.258923 0)
(-0.00315881 0.258327 0)
(-7.46259e-05 0.261586 0)
(-0.00033586 0.2616 0)
(-0.000351991 0.259399 0)
(-0.000349099 0.259462 0)
(-0.000595686 0.259776 0)
(-0.000656694 0.259882 0)
(-0.000608788 0.259917 0)
(-0.000485292 0.259936 0)
(-0.000297625 0.259936 0)
(-6.11882e-05 0.25991 0)
(0.000260418 0.259843 0)
(0.00043291 0.259605 0)
(0.000691925 0.261965 0)
(0.000950389 0.261637 0)
(0.00112396 0.259001 0)
(0.00127358 0.25945 0)
(0.00145064 0.258647 0)
(0.00196773 0.259259 0)
(0.00245973 0.259041 0)
(0.00132372 0.258711 0)
(-0.000197574 0.258367 0)
(-0.000403039 0.258607 0)
(-0.000134697 0.25895 0)
(-0.00364322 0.258604 0)
(-0.004076 0.258253 0)
(-0.000203744 0.259177 0)
(-0.000181134 0.259052 0)
(-7.46116e-06 0.258679 0)
(-0.000507778 0.258551 0)
(-0.00080225 0.259849 0)
(-0.000735547 0.259898 0)
(-0.000760484 0.259907 0)
(-0.000656975 0.259918 0)
(-0.000516677 0.259919 0)
(-0.000343283 0.259897 0)
(-0.000118479 0.259851 0)
(0.000191535 0.262236 0)
(0.000409475 0.259232 0)
(0.000947535 0.259263 0)
(0.00111388 0.259316 0)
(0.0011152 0.259535 0)
(0.00126903 0.259654 0)
(0.00146887 0.259363 0)
(0.00143204 0.259163 0)
(0.000211907 0.258732 0)
(-0.000569497 0.258719 0)
(-0.000292727 0.25879 0)
(-7.51594e-05 0.258747 0)
(-0.0046466 0.25902 0)
(-0.00525159 0.258426 0)
(-0.000549958 0.2587 0)
(-0.000586218 0.258483 0)
(-0.000320701 0.261726 0)
(-0.000701221 0.261705 0)
(-0.000826886 0.259781 0)
(-0.00081202 0.259837 0)
(-0.000849906 0.259877 0)
(-0.000723297 0.259922 0)
(-0.000582446 0.259949 0)
(-0.000399465 0.259969 0)
(-0.000148502 0.25998 0)
(0.000218824 0.259301 0)
(0.000673684 0.258598 0)
(0.000619674 0.258589 0)
(0.000689469 0.260885 0)
(0.000724414 0.259653 0)
(0.000875926 0.259312 0)
(0.000879087 0.259444 0)
(0.000284141 0.259296 0)
(-0.000769546 0.258975 0)
(-0.000906366 0.258998 0)
(-0.000267979 0.25902 0)
(2.48658e-05 0.259386 0)
(-0.00536746 0.259086 0)
(-0.00605743 0.259022 0)
(-0.000875167 0.261642 0)
(-0.000887946 0.261587 0)
(-0.000467883 0.259088 0)
(-0.000641398 0.25913 0)
(-0.000519797 0.259866 0)
(-0.000658848 0.259872 0)
(-0.0007029 0.259916 0)
(-0.000593215 0.25994 0)
(-0.000440362 0.259952 0)
(-0.000208654 0.259956 0)
(8.19367e-05 0.259972 0)
(0.000384835 0.258469 0)
(0.000401655 0.261901 0)
(0.000366057 0.261875 0)
(0.000379583 0.259919 0)
(0.000618675 0.259295 0)
(0.0006811 0.259778 0)
(0.000417198 0.259563 0)
(-0.000504045 0.259401 0)
(-0.00138594 0.259329 0)
(-0.00112274 0.259388 0)
(-1.78392e-05 0.259432 0)
(0.000303138 0.259432 0)
(-0.00515565 0.259616 0)
(-0.00580074 0.259897 0)
(-0.00112366 0.259253 0)
(-0.000841022 0.259301 0)
(-0.000217731 0.258713 0)
(-0.0007801 0.258642 0)
(-0.000774885 0.259956 0)
(-0.000768103 0.259956 0)
(-0.000730326 0.259989 0)
(-0.000618231 0.260001 0)
(-0.000458084 0.260002 0)
(-0.000253989 0.259992 0)
(-4.68271e-05 0.259911 0)
(0.00015518 0.262122 0)
(0.000146288 0.259274 0)
(0.000466571 0.260364 0)
(0.000716212 0.258903 0)
(0.000718882 0.258962 0)
(0.000603933 0.259561 0)
(0.00013194 0.25971 0)
(-0.000840655 0.259595 0)
(-0.00136419 0.259678 0)
(-0.000953962 0.259903 0)
(0.000196581 0.259987 0)
(0.000596481 0.26003 0)
(-0.00400757 0.25979 0)
(-0.00469507 0.260344 0)
(-0.00105857 0.258594 0)
(-0.00127312 0.258798 0)
(-0.000798887 0.261775 0)
(-0.00103582 0.261749 0)
(-0.000917334 0.259834 0)
(-0.00075668 0.259921 0)
(-0.00066972 0.259988 0)
(-0.000548528 0.260036 0)
(-0.000387086 0.260069 0)
(-0.000198704 0.260105 0)
(7.0036e-06 0.260094 0)
(0.000234489 0.25936 0)
(0.000729916 0.25861 0)
(0.000601303 0.258431 0)
(0.000763838 0.261275 0)
(0.000823786 0.261355 0)
(0.000721302 0.259774 0)
(0.000221094 0.259772 0)
(-0.000619394 0.259785 0)
(-0.000713684 0.259955 0)
(-0.000365901 0.260211 0)
(0.000177441 0.260303 0)
(0.000435187 0.259906 0)
(-0.0032836 0.26 0)
(-0.00394328 0.260037 0)
(-0.000861217 0.261327 0)
(-0.00140454 0.261751 0)
(-0.00128454 0.259147 0)
(-0.00100138 0.259774 0)
(-0.000478207 0.25988 0)
(-0.000373001 0.259949 0)
(-0.000329594 0.260011 0)
(-0.000247598 0.260058 0)
(-0.000111897 0.260083 0)
(9.74121e-05 0.260079 0)
(0.000342973 0.260135 0)
(0.000624623 0.258588 0)
(0.000681005 0.262088 0)
(0.000571495 0.258986 0)
(0.00052203 0.259352 0)
(0.000783839 0.259754 0)
(0.00105041 0.259847 0)
(0.00061759 0.259793 0)
(-1.50896e-05 0.259864 0)
(-1.91176e-05 0.259995 0)
(0.000157963 0.260039 0)
(5.15343e-05 0.260109 0)
(0.000137422 0.260029 0)
(-0.00330103 0.259787 0)
(-0.00399867 0.259615 0)
(-0.000517216 0.259047 0)
(-0.000904359 0.259442 0)
(-0.00125988 0.258826 0)
(-0.00103746 0.25852 0)
(-0.000422158 0.26008 0)
(-0.00022845 0.260069 0)
(-0.000137691 0.260088 0)
(-7.0902e-05 0.260102 0)
(2.98122e-05 0.260103 0)
(0.000197289 0.260094 0)
(0.000459218 0.260001 0)
(0.000611528 0.26215 0)
(0.000795614 0.259368 0)
(0.00129634 0.261217 0)
(0.00124172 0.258733 0)
(0.00116267 0.25872 0)
(0.00107306 0.259802 0)
(0.000922773 0.259745 0)
(0.000490203 0.259813 0)
(0.000373633 0.259894 0)
(0.000417316 0.259916 0)
(1.71767e-05 0.259929 0)
(-5.60167e-05 0.259707 0)
(-0.00357913 0.259758 0)
(-0.00426643 0.259432 0)
(0.000116772 0.258726 0)
(-0.000820091 0.259015 0)
(-0.00167472 0.261976 0)
(-0.00130568 0.261184 0)
(-0.000773905 0.260151 0)
(-0.000345114 0.260071 0)
(-0.000121619 0.260091 0)
(-1.85237e-05 0.260112 0)
(7.80067e-05 0.260119 0)
(0.000222226 0.260104 0)
(0.000411931 0.259993 0)
(0.000736434 0.260583 0)
(0.00108588 0.258531 0)
(0.00127424 0.259784 0)
(0.00146562 0.261807 0)
(0.00138175 0.261761 0)
(0.00131988 0.25974 0)
(0.00131601 0.25967 0)
(0.0010629 0.259703 0)
(0.000892274 0.259787 0)
(0.000736019 0.259859 0)
(-7.1869e-05 0.259875 0)
(-0.00024635 0.259809 0)
(-0.00381457 0.2596 0)
(-0.00451788 0.259378 0)
(0.0003356 0.261697 0)
(-0.000848401 0.261668 0)
(-0.00181199 0.259261 0)
(-0.00123019 0.260324 0)
(-0.000841752 0.259441 0)
(-0.000345072 0.260104 0)
(-2.52025e-05 0.260097 0)
(0.000133104 0.260125 0)
(0.000231635 0.260148 0)
(0.000374672 0.260144 0)
(0.000549579 0.260271 0)
(0.000894886 0.258888 0)
(0.00117327 0.262249 0)
(0.00117854 0.258984 0)
(0.00137247 0.259118 0)
(0.00165158 0.259102 0)
(0.00174635 0.259812 0)
(0.00170351 0.259722 0)
(0.00161532 0.259683 0)
(0.00151057 0.259712 0)
(0.00120158 0.259783 0)
(-0.00013795 0.259832 0)
(-0.000514035 0.259569 0)
(-0.00399317 0.259598 0)
(-0.00466075 0.25936 0)
(0.000179612 0.259357 0)
(-0.000496933 0.259073 0)
(-0.00116195 0.258923 0)
(-0.00114718 0.259246 0)
(-0.00111945 0.259648 0)
(-0.000650584 0.260201 0)
(-0.000132594 0.260135 0)
(0.000207692 0.260125 0)
(0.000358589 0.260142 0)
(0.000496736 0.260145 0)
(0.000703204 0.260069 0)
(0.000881811 0.259923 0)
(0.00129634 0.260438 0)
(0.00161661 0.262057 0)
(0.00173797 0.258801 0)
(0.00174239 0.258606 0)
(0.00168193 0.259725 0)
(0.00178525 0.25971 0)
(0.00186115 0.259654 0)
(0.0019108 0.259634 0)
(0.00161673 0.259639 0)
(-0.000217082 0.259693 0)
(-0.000788744 0.25961 0)
(-0.00409125 0.259443 0)
(-0.0047573 0.259269 0)
(-0.000258546 0.259001 0)
(-0.000842466 0.258831 0)
(-0.00109616 0.261979 0)
(-0.00126753 0.260083 0)
(-0.00151807 0.261819 0)
(-0.00117721 0.260191 0)
(-0.00045125 0.260155 0)
(0.000129566 0.260125 0)
(0.000438132 0.260137 0)
(0.00060398 0.260166 0)
(0.00077515 0.260171 0)
(0.000922626 0.260315 0)
(0.00113811 0.258153 0)
(0.00165493 0.259275 0)
(0.00183615 0.261957 0)
(0.0018879 0.261917 0)
(0.00190907 0.25951 0)
(0.00203994 0.259663 0)
(0.00213153 0.259625 0)
(0.00215109 0.259592 0)
(0.00183116 0.259471 0)
(-0.00021226 0.259404 0)
(-0.000934942 0.259315 0)
(-0.00420292 0.259338 0)
(-0.0048559 0.259118 0)
(-0.000431549 0.261094 0)
(-0.0011509 0.261704 0)
(-0.00123936 0.259214 0)
(-0.00124366 0.261308 0)
(-0.00133291 0.261084 0)
(-0.00103899 0.260242 0)
(-0.000556901 0.260245 0)
(0.00010851 0.260192 0)
(0.000594868 0.260153 0)
(0.000862494 0.260157 0)
(0.00104216 0.26017 0)
(0.00122138 0.259814 0)
(0.00129148 0.259708 0)
(0.00126007 0.258761 0)
(0.00150101 0.259242 0)
(0.00191898 0.259209 0)
(0.002109 0.259889 0)
(0.00216965 0.259846 0)
(0.00225117 0.259712 0)
(0.00203747 0.259609 0)
(0.00139182 0.259387 0)
(-0.000367126 0.259037 0)
(-0.00078118 0.259265 0)
(-0.00423825 0.259143 0)
(-0.00495033 0.25896 0)
(-0.000270499 0.259402 0)
(-0.000733458 0.259322 0)
(-0.000903081 0.258929 0)
(-0.00112679 0.259674 0)
(-0.00107131 0.258713 0)
(-0.000901036 0.260549 0)
(-0.000656681 0.260662 0)
(-0.000133776 0.260625 0)
(0.000426002 0.260521 0)
(0.000854664 0.260424 0)
(0.0011617 0.260357 0)
(0.00139219 0.260429 0)
(0.00150864 0.261813 0)
(0.00156891 0.262125 0)
(0.00167532 0.25886 0)
(0.00182519 0.258678 0)
(0.00189264 0.259287 0)
(0.00191563 0.259373 0)
(0.00195814 0.25941 0)
(0.00150255 0.25937 0)
(0.000420314 0.259187 0)
(-0.000644337 0.258873 0)
(-0.000477744 0.259091 0)
(-0.00432362 0.259066 0)
(-0.00502858 0.258888 0)
(0.000411278 0.259017 0)
(0.000201735 0.259177 0)
(-0.000606663 0.260939 0)
(-0.000831728 0.259386 0)
(-0.000939187 0.2595 0)
(-0.000856049 0.259012 0)
(-0.000707224 0.258958 0)
(-0.000446025 0.258975 0)
(-2.25217e-05 0.25892 0)
(0.000435434 0.258809 0)
(0.000800212 0.258708 0)
(0.00104219 0.259003 0)
(0.0013268 0.259408 0)
(0.00164435 0.258986 0)
(0.00179002 0.260465 0)
(0.00172036 0.260373 0)
(0.0017031 0.259468 0)
(0.0015954 0.258926 0)
(0.00145087 0.25874 0)
(0.000952826 0.2585 0)
(5.54879e-05 0.258426 0)
(-0.000483295 0.258558 0)
(-0.000230444 0.258692 0)
(-0.00428326 0.258482 0)
(-0.00493355 0.258414 0)
(0.00149913 0.25961 0)
(0.00121163 0.260454 0)
(-0.000597967 0.260361 0)
(-0.000554199 0.26058 0)
(-0.000672424 0.260505 0)
(-0.000792675 0.260251 0)
(-0.00085659 0.260365 0)
(-0.000769258 0.260343 0)
(-0.000507055 0.260301 0)
(-8.94218e-05 0.260222 0)
(0.000355174 0.260152 0)
(0.000652685 0.259855 0)
(0.000912591 0.258915 0)
(0.001109 0.25884 0)
(0.00131344 0.259996 0)
(0.00143576 0.260011 0)
(0.00155073 0.260337 0)
(0.00151761 0.259386 0)
(0.00128857 0.259034 0)
(0.000815982 0.258767 0)
(0.000228438 0.258621 0)
(-0.000100242 0.258621 0)
(-0.000146758 0.258643 0)
(-0.00395978 0.258682 0)
(-0.00447941 0.258855 0)
(0.0029239 0.266164 0)
(0.00120726 0.263782 0)
(-0.00158745 0.263116 0)
(-0.00105412 0.262667 0)
(-0.000947485 0.263692 0)
(-0.00112484 0.264267 0)
(-0.00113312 0.264396 0)
(-0.000990358 0.264437 0)
(-0.000741152 0.264473 0)
(-0.000339445 0.264498 0)
(0.000171316 0.264474 0)
(0.000594341 0.264413 0)
(0.000856506 0.264314 0)
(0.000967157 0.264308 0)
(0.00115896 0.263492 0)
(0.00135983 0.263404 0)
(0.00162904 0.263217 0)
(0.00180542 0.263514 0)
(0.00165825 0.263676 0)
(0.00111001 0.263804 0)
(0.000380276 0.263884 0)
(-0.000238512 0.264108 0)
(-8.99712e-05 0.264232 0)
(-0.00392659 0.266034 0)
(-0.00489993 0.268419 0)
(-0.000599082 0.275117 0)
(-0.00522188 0.279546 0)
(-0.00503671 0.276201 0)
(-0.00231362 0.277145 0)
(-0.00170053 0.277401 0)
(-0.00151932 0.277437 0)
(-0.00131384 0.277642 0)
(-0.00107553 0.277828 0)
(-0.00074862 0.278025 0)
(-0.000325859 0.278061 0)
(0.0002336 0.278153 0)
(0.000815372 0.278337 0)
(0.00129525 0.278554 0)
(0.00168487 0.278769 0)
(0.00202167 0.279134 0)
(0.00231334 0.279356 0)
(0.00259024 0.279814 0)
(0.00286576 0.280461 0)
(0.00309522 0.280867 0)
(0.00326286 0.281687 0)
(0.00302608 0.283084 0)
(0.00251685 0.283342 0)
(0.00464087 0.282847 0)
(0.00508798 0.2839 0)
(0.00184081 0.278933 0)
(-0.0143138 0.3107 0)
(-0.0184131 0.301179 0)
(-0.00783462 0.300338 0)
(-0.00247486 0.303444 0)
(-0.000959435 0.304691 0)
(-0.000724058 0.304289 0)
(-0.000807688 0.303716 0)
(-0.000837751 0.303109 0)
(-0.000628397 0.302653 0)
(-0.000299911 0.302192 0)
(9.06309e-05 0.30191 0)
(0.000573304 0.30185 0)
(0.00109373 0.301908 0)
(0.00158337 0.302046 0)
(0.00201524 0.302218 0)
(0.00235096 0.302696 0)
(0.00248613 0.303309 0)
(0.00256307 0.304053 0)
(0.00274649 0.304969 0)
(0.0030268 0.30632 0)
(0.00338468 0.308171 0)
(0.00464247 0.308318 0)
(0.00936496 0.305638 0)
(0.0213697 0.304186 0)
(0.0174876 0.31349 0)
(-0.0138806 0.12792 0)
(-0.0200202 0.133427 0)
(-0.00778667 0.137423 0)
(-0.00130273 0.142495 0)
(0.000772763 0.142743 0)
(0.000863502 0.140317 0)
(0.000445643 0.137856 0)
(0.000105668 0.13576 0)
(-3.6515e-05 0.134218 0)
(-3.94465e-05 0.13304 0)
(2.55956e-05 0.132286 0)
(0.000155332 0.131971 0)
(0.000334298 0.131982 0)
(0.000525094 0.132266 0)
(0.000691095 0.132874 0)
(0.000798789 0.133846 0)
(0.000787297 0.135225 0)
(0.000616511 0.137003 0)
(0.000269074 0.139495 0)
(-0.000172491 0.143068 0)
(-0.000122997 0.147472 0)
(0.00196806 0.14959 0)
(0.00893249 0.145814 0)
(0.0224039 0.141908 0)
(0.015503 0.133265 0)
(-0.0456789 0.0953604 0)
(-0.0483425 0.128913 0)
(-0.0136141 0.139819 0)
(-0.000533729 0.144834 0)
(0.00427971 0.141636 0)
(0.00427926 0.135621 0)
(0.00296884 0.130295 0)
(0.00182081 0.126298 0)
(0.00109955 0.123523 0)
(0.000696232 0.121662 0)
(0.000462008 0.120487 0)
(0.000316741 0.11991 0)
(0.00021817 0.119841 0)
(0.000131072 0.120249 0)
(1.36643e-05 0.121165 0)
(-0.000193738 0.122675 0)
(-0.000590185 0.12493 0)
(-0.00137318 0.128146 0)
(-0.0027503 0.132791 0)
(-0.00452972 0.139373 0)
(-0.00523899 0.147845 0)
(-0.000888075 0.154643 0)
(0.0136321 0.152926 0)
(0.0553933 0.147867 0)
(0.0586359 0.124133 0)
(-0.273471 -0.0111972 0)
(-0.129947 0.299616 0)
(-0.0467859 0.301126 0)
(-0.0145255 0.275201 0)
(-0.000436079 0.258319 0)
(0.00325035 0.24021 0)
(0.004019 0.224907 0)
(0.00468688 0.213696 0)
(0.0055875 0.205954 0)
(0.00630694 0.200864 0)
(0.00641917 0.197654 0)
(0.00580274 0.196008 0)
(0.00465442 0.195835 0)
(0.00333 0.197184 0)
(0.00213631 0.200196 0)
(0.00122575 0.204962 0)
(0.000577556 0.211857 0)
(-0.000105184 0.221544 0)
(-0.00130823 0.235335 0)
(-0.00305125 0.254789 0)
(-0.0030412 0.280077 0)
(0.00669614 0.306937 0)
(0.0368335 0.339912 0)
(0.127822 0.374914 0)
(0.30874 0.0562228 0)
(-0.404446 -0.259794 0)
(-0.331381 0.332869 0)
(-0.0429894 0.288522 0)
(0.00473984 0.23339 0)
(0.0142647 0.187956 0)
(0.0128578 0.150401 0)
(0.0144941 0.12515 0)
(0.0191622 0.11092 0)
(0.0242178 0.104571 0)
(0.0274434 0.103398 0)
(0.0273105 0.105317 0)
(0.0239802 0.107837 0)
(0.0183962 0.109656 0)
(0.0119944 0.110465 0)
(0.00614114 0.111019 0)
(0.00171747 0.112171 0)
(-0.00101622 0.115301 0)
(-0.00298806 0.122577 0)
(-0.00638298 0.136786 0)
(-0.0149568 0.162622 0)
(-0.0279964 0.205443 0)
(-0.0337003 0.267994 0)
(0.00265124 0.350473 0)
(0.317329 0.440837 0)
(0.482636 -0.222397 0)
(-0.0272348 -0.0403711 0)
(-0.137249 0.108514 0)
(0.0466989 0.329643 0)
(0.0607731 0.195235 0)
(0.0435761 0.115451 0)
(0.0292774 0.0739676 0)
(0.021904 0.0584151 0)
(0.020971 0.0548683 0)
(0.0222438 0.0579379 0)
(0.0228833 0.0649242 0)
(0.021549 0.0732975 0)
(0.0176416 0.0803565 0)
(0.012299 0.0843391 0)
(0.00606833 0.0852902 0)
(0.000181626 0.08415 0)
(-0.00440303 0.0809262 0)
(-0.00703282 0.077969 0)
(-0.00922855 0.0778192 0)
(-0.0144475 0.0818387 0)
(-0.0286713 0.0954426 0)
(-0.0570729 0.131174 0)
(-0.0994924 0.208323 0)
(-0.112558 0.381657 0)
(0.172333 0.176434 0)
(0.0381954 -0.0445722 0)
(0.000132584 -0.000169306 0)
(-0.00055378 0.000294474 0)
(-0.000247815 0.00168145 0)
(0.000687586 0.000665083 0)
(0.00018668 0.000143716 0)
(5.44528e-05 6.14125e-05 0)
(2.14103e-05 4.79721e-05 0)
(1.55792e-05 4.90663e-05 0)
(1.72466e-05 6.63514e-05 0)
(2.38693e-05 0.0001117 0)
(3.04908e-05 0.00018907 0)
(3.01322e-05 0.000276952 0)
(1.33886e-05 0.000335484 0)
(-4.23906e-06 0.000354736 0)
(-1.87244e-05 0.000335316 0)
(-2.79072e-05 0.00027851 0)
(-2.74822e-05 0.000225749 0)
(-2.57781e-05 0.000207079 0)
(-3.10608e-05 0.00020599 0)
(-7.88138e-05 0.00023905 0)
(-0.000301509 0.000394812 0)
(-0.00105143 0.000959041 0)
(-0.000202969 0.00348657 0)
(0.000680221 0.000479067 0)
(-3.90976e-05 -0.000109238 0)
(4.3767e-05 -1.90657e-05 0)
(1.40994e-05 -7.48912e-05 0)
(2.94289e-05 -4.49628e-05 0)
(1.15778e-05 -7.5831e-07 0)
(7.28162e-06 -3.40709e-06 0)
(4.24158e-06 -7.60762e-06 0)
(2.60668e-06 -1.08053e-05 0)
(3.02515e-06 -1.32079e-05 0)
(2.41931e-06 -1.42985e-05 0)
(1.98471e-06 -1.4394e-05 0)
(2.6265e-06 -1.11731e-05 0)
(3.22681e-06 -3.34518e-06 0)
(2.3681e-06 5.46635e-06 0)
(1.39469e-06 1.38166e-05 0)
(4.07421e-07 1.62673e-05 0)
(-3.3617e-08 1.16568e-05 0)
(3.61674e-07 5.96275e-06 0)
(7.73396e-07 2.18205e-06 0)
(1.89468e-06 2.57455e-06 0)
(3.75682e-06 3.30728e-06 0)
(3.37103e-06 7.96527e-06 0)
(8.86767e-07 3.88063e-06 0)
(1.70873e-07 -6.26029e-06 0)
(-3.08338e-06 -2.59245e-05 0)
(-8.79693e-06 -1.30281e-05 0)
)
;

boundaryField
{
    inlet
    {
        type            calculated;
        value           uniform (0 0.1 0);
    }
    outlet
    {
        type            calculated;
        value           nonuniform List<vector> 
25
(
(4.3767e-05 -1.90657e-05 0)
(1.40994e-05 -7.48912e-05 0)
(2.94289e-05 -4.49628e-05 0)
(0 3.06479e-06 0)
(0 -4.54407e-06 0)
(0 -7.22432e-06 0)
(0 -1.0469e-05 0)
(0 -1.32386e-05 0)
(0 -1.45935e-05 0)
(1.98471e-06 -1.4394e-05 0)
(2.6265e-06 -1.11731e-05 0)
(3.22681e-06 -3.34518e-06 0)
(2.3681e-06 5.46635e-06 0)
(1.39469e-06 1.38166e-05 0)
(4.07421e-07 1.62673e-05 0)
(-3.3617e-08 1.16568e-05 0)
(3.61674e-07 5.96275e-06 0)
(7.73396e-07 2.18205e-06 0)
(0 1.46258e-06 0)
(3.75682e-06 3.30728e-06 0)
(3.37103e-06 7.96527e-06 0)
(8.86767e-07 3.88063e-06 0)
(1.70873e-07 -6.26029e-06 0)
(-3.08338e-06 -2.59245e-05 0)
(-8.79693e-06 -1.30281e-05 0)
)
;
    }
    walls
    {
        type            calculated;
        value           uniform (0 0 0);
    }
    defaultFaces
    {
        type            empty;
    }
}


// ************************************************************************* //
