/*--------------------------------*- C++ -*----------------------------------*\
| =========                 |                                                 |
| \\      /  F ield         | OpenFOAM: The Open Source CFD Toolbox           |
|  \\    /   O peration     | Version:  2.3.0                                 |
|   \\  /    A nd           | Web:      www.OpenFOAM.org                      |
|    \\/     M anipulation  |                                                 |
\*---------------------------------------------------------------------------*/
FoamFile
{
    version     2.0;
    format      ascii;
    class       volScalarField;
    location    "0.599977";
    object      p;
}
// * * * * * * * * * * * * * * * * * * * * * * * * * * * * * * * * * * * * * //

dimensions      [1 -1 -2 0 0 0 0];

internalField   nonuniform List<scalar> 
10000
(
100096
100076
100042
100016
100008
100004
100003
100003
100004
100004
100004
100004
100004
100003
100003
100005
100014
100022
100026
100021
100009
100007
100003
99999.7
100000
100000
100000
100000
100000
100000
100000
100000
100000
100000
100000
100000
99999.1
100002
100003
100002
100005
100000
100001
100001
100000
100000
100000
100000
100000
100000
100000
100000
100000
100000
100000
100000
99997.7
100000
100000
100001
100001
100000
100000
100000
100000
100000
100000
100000
100000
100000
100000
100000
100000
100000
100000
100000
99999.6
99999.9
99999.9
99999.9
100000
99999.8
99999.5
99998.3
100000
100000
100000
100000
100000
99999.9
99999.9
99999.9
99999.9
99999.9
100000
99999.9
99999.8
99999.8
99999.6
100000
99998.8
99999.4
99999.5
99997.3
99999.9
100000
100000
99999.9
99999.9
99999.8
99999.9
99999.9
99999.9
99999.9
100000
99999.9
100000
100000
99999.4
99999.8
99968
99985.1
99994.5
99999.2
99999.8
100000
99999.9
99999.8
99999.7
99999.7
99999.7
99999.7
99999.8
99999.9
100000
99999.9
100001
100000
99999.8
99996.2
99970.8
99997.1
99997.5
99999.8
99999.6
99999.9
99999.7
99999.4
99999.4
99999.4
99999.3
99999.4
99999.3
99999.6
99999.9
99999.9
100002
100000
99999.6
99993.8
100006
99990
99995.4
100000
99999.5
99999.7
99999.4
99999.2
99999
99999
99999
99998.9
99998.9
99999.2
99999.6
99999.6
100001
99999.7
99995.7
99998.3
100002
99973.6
99990.7
100002
100000
99999.5
99999.5
99999.4
99999.2
99999.2
99999.3
99999.1
99999.1
99999.2
99999.6
99999.7
100001
99993.2
99999.4
99999.5
99991
99996.1
100001
100002
100000
100000
100000
99999.9
100000
100000
99999.9
100000
100000
100000
100000
100000
99999.9
99999.9
100005
100000
99994.5
99989.4
99997
100001
100000
100000
99999.9
100000
100000
100000
100000
100000
100000
100000
99999.8
99999.7
99997.9
100006
100001
100001
99973.9
99976.5
100018
99999.9
99999.9
100000
99999.8
100000
99999.8
99999.8
100000
99999.8
100000
100000
99999.8
99999.5
99999.3
99999.7
100000
100006
100033
100043
100019
100000
99999.6
100000
100000
100000
100000
100000
99999.9
99999.9
100000
100000
100000
99999.8
99997.2
99999.4
99996.8
100005
99985.4
100051
99920.7
99971.1
99999.1
100000
99999.9
99999.9
99999.9
99999.9
99999.9
100000
100000
99999.8
99999.9
99999.8
99995.7
99996.6
99995.2
99999.6
99996.4
99998.7
99973.8
99994.9
99997.1
99999.8
99999.9
99999.9
100000
100000
100000
100000
100000
99999.8
99999.9
99999.7
100000
99994.8
99998.8
99999.6
100066
99993.1
100073
100021
99996.6
99999.3
100000
99999.9
100000
100000
100000
99999.9
99999.9
100000
99999.9
99999.8
99998.5
100000
100000
99998.4
99949.5
99940.2
99985.1
99961
99996.8
99999.2
100000
100000
99999.8
99999.8
100000
99999.8
99999.8
100000
100000
99999.9
99999.6
100001
99999.9
99997.6
99951.4
99915.7
99966.1
99968.4
99998.2
99999
100000
100000
100000
100000
100000
100000
100000
100000
100000
100000
100000
100001
100000
100000
100037
100037
100041
100045
99998.8
100000
100000
100000
100000
100000
100000
100000
100000
100000
100000
100000
100000
99999.9
100001
100001
100189
100161
100094
100033
100014
100008
100006
100006
100007
100007
100007
100007
100007
100006
100007
100009
100029
100045
100054
100040
100018
100018
100007
99999.6
100001
100001
100000
100000
100001
100001
100001
100001
100001
100001
100001
100001
99999.2
100005
100006
100003
100011
100000
100002
100001
100000
100000
100000
100000
100000
100000
100000
100000
100000
100000
100000
100000
99998.3
100000
100001
100001
100003
99999.8
100000
100001
100000
99999.9
99999.9
100000
100000
100000
100000
100000
100000
99999.9
99999.9
100000
99999.6
100000
99999.9
99999.4
100000
100000
99999.5
99997.7
99999.9
99999.9
100000
100000
100000
99999.9
99999.9
99999.9
99999.9
99999.9
99999.9
99999.9
99999.7
99999.8
99999.6
100001
99998.1
99999.6
99999.7
99996.6
99999.8
99999.9
99999.9
99999.9
99999.8
99999.8
99999.9
99999.9
99999.9
99999.9
99999.9
99999.9
100000
100000
99999.2
99999.8
99937.7
99975.7
99991.1
99998.5
99999.7
99999.9
99999.9
99999.8
99999.7
99999.7
99999.8
99999.8
99999.8
99999.9
100000
99999.9
100001
99999.9
99999.9
99993.8
99940.7
99995.2
99996.8
99999.7
99999.7
100000
99999.8
99999.4
99999.4
99999.4
99999.3
99999.4
99999.3
99999.7
100000
100000
100001
100000
99999.7
99989.7
100010
99981.1
99991.2
100000
100000
100000
99999.6
99999.2
99998.9
99999
99999
99998.9
99998.9
99999.3
99999.9
100000
100001
99999.6
99993.1
99996.7
100000
99949.8
99980.4
100003
100000
99999.3
99999.3
99999.1
99998.8
99998.8
99999
99998.7
99998.7
99998.8
99999.4
99999.5
100001
99988.1
99999.1
99999
99979.3
99990.1
99997.6
100003
100000
100000
100000
99999.8
100000
100000
99999.8
100000
100000
100000
100000
100000
99999.7
99999.6
100007
100000
99984.1
99971.3
99989.1
100001
100000
100000
99999.8
100000
100000
100000
100000
100000
100000
100000
99999.7
99999.6
99995.9
100011
100000
100002
99943
99939.5
100033
99999.2
99999.9
100000
99999.7
100000
99999.6
99999.6
100000
99999.6
100000
100000
99999.7
99999.2
99998.9
99999.5
100001
100010
100070
100091
100041
100000
99999.7
100000
99999.9
99999.9
99999.9
99999.9
99999.9
99999.8
100000
100000
100000
99999.7
99995.4
99999.6
99994.9
100008
99967.6
100115
99820.3
99937.1
99998.3
100000
99999.9
99999.9
99999.9
99999.8
99999.8
100000
100000
99999.7
99999.9
99999.8
99993.1
99994.7
99995.8
99999.6
99993.1
99996.7
99936
99988.3
99994.4
99999.6
99999.9
99999.9
100000
100000
100000
100000
100000
99999.6
99999.8
99999.6
100002
99994.3
99998.1
99999.6
100150
99989
100175
100050
99993.9
99998.8
100000
99999.9
100000
100000
100000
99999.8
99999.9
100000
99999.9
99999.7
99999.3
100001
100000
99997.7
99899
99886.2
99972.9
99912
99994.3
99998.7
100000
100000
99999.6
99999.7
100000
99999.7
99999.7
100000
100000
99999.9
100000
100002
100000
99997
99930
99862.7
99935.7
99934.1
99997.3
99998.4
100001
100000
100000
100000
100000
100000
99999.9
100000
100000
100000
100001
100002
100002
100000
100081
100078
100094
100104
99999
100001
100000
100000
100000
100000
100000
100000
100000
100000
100000
100000
100001
100000
100002
100002
100241
100227
100139
100047
100018
100011
100009
100009
100009
100009
100009
100009
100009
100008
100010
100012
100041
100062
100075
100054
100025
100028
100011
99999.8
100001
100001
100001
100000
100001
100001
100001
100001
100001
100001
100001
100001
100000
100007
100010
100004
100016
100001
100003
100002
100001
100000
100000
100000
100000
100000
100000
100000
100000
100000
100000
100001
99999.1
100001
100001
100002
100004
99998.8
100000
100001
100000
99999.9
99999.9
100000
100000
100000
100000
100000
99999.9
99999.9
99999.9
100000
99999.5
100000
99999.9
99998.9
99999.3
100001
99999.6
99997.7
99999.8
99999.8
100000
100000
100000
99999.9
99999.9
99999.9
99999.9
99999.9
99999.9
99999.8
99999.7
99999.8
99999.7
100002
99997.6
100000
99999.9
99996.9
99999.7
99999.8
99999.9
99999.9
99999.9
99999.9
99999.9
99999.9
99999.9
99999.9
99999.9
99999.8
100000
99999.9
99999.2
99999.9
99944
99978.9
99991.9
99998.1
99999.6
99999.9
99999.9
99999.9
99999.8
99999.9
99999.9
99999.9
99999.9
100000
100000
99999.9
100001
99999.7
100000
99993.9
99945.2
99995.1
99997
99999.5
99999.7
100000
99999.9
99999.7
99999.7
99999.7
99999.7
99999.7
99999.6
99999.9
100000
100000
100001
100000
100000
99991
100009
99982
99991.8
100001
100000
100001
100000
99999.7
99999.4
99999.4
99999.4
99999.3
99999.4
99999.9
100000
100000
100001
99999.7
99994.2
99996.5
99997.7
99955.2
99980.6
100003
100000
99999.3
99999.3
99999.1
99998.8
99998.8
99999
99998.8
99998.8
99998.8
99999.4
99999.4
100000
99989.6
99998.9
99999
99977.6
99988.4
99995.4
100003
100000
100000
100000
99999.8
100000
100000
99999.8
100000
100000
100000
100000
100000
99999.6
99999.3
100006
100000
99979.6
99968.2
99986.6
100001
100000
100000
99999.9
100000
100000
100000
100000
100000
100000
100000
99999.8
99999.7
99996.1
100009
99999.8
100002
99945.4
99934.5
100026
99998.9
100000
100000
99999.7
100000
99999.6
99999.6
100000
99999.6
100000
100000
99999.7
99999.3
99998.9
99999.4
100003
100009
100060
100080
100037
100001
99999.8
100000
100000
100000
100000
99999.9
99999.9
99999.9
100000
100000
100000
99999.7
99995.7
100000
99994.7
100008
99969.3
100103
99829.6
99940
99998.5
99999.9
99999.9
99999.9
99999.9
99999.9
99999.9
100000
100000
99999.7
99999.9
99999.8
99994.2
99994.9
99996
99999.8
99992.8
99992
99935.2
99985.6
99995.2
99999.7
99999.9
99999.9
100000
100000
100000
100000
100000
99999.7
99999.9
99999.6
100002
99995.3
99998
99999.9
100137
99991.8
100158
100046
99995.3
99999
100000
99999.9
100000
100000
100000
99999.8
99999.8
100000
99999.9
99999.8
99999.7
100001
100000
99997.6
99903.7
99894.2
99976.5
99915.1
99995.5
99998.9
100000
100000
99999.6
99999.7
100000
99999.7
99999.7
100000
100000
99999.9
100001
100002
100001
99997.5
99960.5
99898.1
99944.5
99936.5
99998.2
99998.8
100000
100000
100000
100000
100000
100000
99999.9
100000
100000
100000
100002
100002
100003
100001
100086
100087
100096
100103
99999.4
100001
100000
99999.9
100000
100000
99999.9
100000
100000
100000
99999.9
100000
100001
100000
100002
100002
100284
100282
100177
100061
100022
100013
100011
100010
100011
100011
100011
100011
100011
100010
100012
100014
100052
100077
100094
100066
100031
100036
100015
99999.9
100001
100001
100001
100001
100001
100001
100001
100001
100001
100001
100001
100001
100001
100009
100013
100005
100021
100001
100004
100002
100001
100000
100000
100000
100000
100000
100000
100000
100000
100000
100000
100001
99999.6
100001
100001
100002
100006
99997.4
100000
100001
100000
99999.8
99999.9
100000
100000
100000
100000
100000
99999.9
99999.9
99999.9
100000
99999.4
100000
99999.9
99998.4
99998.4
100003
99999.9
99997.9
99999.8
99999.8
99999.9
100000
100000
99999.9
99999.9
99999.9
99999.9
99999.8
99999.8
99999.7
99999.7
99999.7
99999.8
100002
99996.3
100000
100000
99996.8
99999.6
99999.8
99999.9
99999.9
99999.9
99999.9
99999.9
99999.9
99999.9
99999.9
99999.9
99999.7
100000
99999.9
99999.2
100000
99951.1
99980.9
99992.5
99997.6
99999.5
99999.8
99999.9
99999.9
99999.9
100000
100000
100000
100000
100000
100000
99999.9
100001
99999.5
100000
99993.9
99951.7
99995.3
99997
99999.3
99999.8
100000
100000
99999.9
99999.9
99999.9
99999.9
99999.9
99999.9
100000
100000
100000
100002
100000
100000
99991.4
100008
99983.3
99992.5
100001
100000
100001
100001
100000
99999.7
99999.6
99999.7
99999.6
99999.7
100000
100001
100001
100001
99999.8
99995.2
99996.3
99996.3
99961
99981.2
100003
99999.9
99999.3
99999.2
99999.1
99998.8
99998.8
99999.1
99998.7
99998.7
99998.8
99999.4
99999.3
100000
99990.8
99998.7
99999
99977.6
99987.4
99994.5
100004
100000
100000
100000
99999.9
100000
100000
99999.8
100000
100000
100000
100000
100000
99999.5
99999
100005
100000
99976.1
99968.6
99985.9
100001
100000
100000
99999.9
100000
100000
100000
100000
100000
100000
100000
99999.9
99999.8
99996.4
100008
99999.1
100002
99948.4
99936.1
100019
99998.8
100000
100000
99999.7
100000
99999.6
99999.6
100000
99999.6
100000
100000
99999.7
99999.4
99998.9
99999.3
100004
100007
100044
100065
100030
100001
100000
100000
100000
100000
100000
100000
100000
99999.9
100000
100000
100000
99999.8
99996.1
100000
99994.7
100007
99974
100079
99852.7
99947.1
99998.8
99999.9
99999.9
100000
99999.9
99999.9
99999.9
100000
100000
99999.7
99999.9
99999.8
99995
99995.1
99995.8
99999.8
99992.5
99986.8
99940
99983.5
99996.6
99999.7
99999.9
99999.9
100000
100000
100000
100000
100000
99999.7
99999.9
99999.7
100002
99995.6
99997.9
100000
100109
99994
100124
100037
99997.6
99999.2
100000
100000
100000
100000
100000
99999.8
99999.8
100000
100000
99999.8
99999.7
100000
100000
99997.6
99915.3
99908.3
99981.4
99925.9
99997.3
99999.3
100000
100000
99999.6
99999.6
100000
99999.6
99999.6
99999.9
100000
99999.9
100001
100003
100001
99997.9
99987.3
99933.9
99954.6
99942.1
99999.1
99999.3
100000
100000
100000
100000
100000
100000
99999.9
100000
100000
100000
100002
100002
100003
100001
100087
100091
100092
100094
99999.2
100000
99999.8
99999.7
99999.9
99999.9
99999.7
100000
100000
99999.9
99999.7
100000
100001
100000
100002
100002
100323
100327
100210
100073
100025
100016
100013
100012
100012
100012
100012
100013
100012
100011
100014
100017
100062
100091
100109
100077
100038
100043
100018
100000
100002
100001
100001
100001
100001
100001
100001
100001
100001
100001
100001
100001
100002
100011
100016
100006
100026
100002
100005
100003
100001
100000
99999.9
100000
100000
100000
100000
100000
100000
100000
100000
100001
99999.8
100001
100002
100002
100008
99996.2
99999.8
100001
100000
99999.8
99999.9
100000
100000
100000
100000
99999.9
99999.9
99999.9
99999.9
100000
99999.3
100001
99999.7
99998
99997.5
100004
100000
99998.1
99999.7
99999.8
99999.9
100000
99999.9
99999.9
99999.9
99999.9
99999.9
99999.8
99999.8
99999.6
99999.6
99999.7
99999.8
100003
99994.7
100001
100000
99996.7
99999.6
99999.7
99999.8
99999.9
99999.9
99999.9
99999.9
99999.9
99999.9
99999.8
99999.8
99999.6
100000
99999.8
99999.1
100001
99954.9
99982
99993
99997.1
99999.5
99999.8
99999.9
100000
100000
100000
100000
100000
100000
100000
100000
99999.9
100001
99999.4
100001
99993.6
99956.3
99995.5
99997
99999
99999.9
100000
100000
100000
100000
100000
100000
100000
100000
100000
100000
100001
100002
100000
100001
99991.6
100007
99984
99993
100001
100000
100001
100001
100000
99999.6
99999.5
99999.6
99999.5
99999.6
100000
100001
100001
100001
99999.8
99995.9
99996.1
99995.6
99964.4
99980.9
100003
99999.8
99999.3
99999.3
99999.1
99998.9
99998.9
99999
99998.9
99998.8
99998.9
99999.5
99999.3
100000
99991.5
99998.6
99998.9
99977.2
99986.1
99993.8
100004
100000
100000
100000
99999.9
100000
100000
99999.9
100000
100000
100000
100000
100000
99999.5
99998.8
100004
99999.9
99972.2
99968.4
99985.2
100001
100000
100000
99999.9
100000
100000
100000
100000
100000
100001
100001
99999.9
99999.9
99996.6
100007
99998.2
100002
99948.9
99936.5
100014
99998.8
100000
99999.9
99999.6
100000
99999.6
99999.6
100000
99999.6
100000
100000
99999.6
99999.4
99998.9
99999.2
100005
100007
100033
100055
100025
100001
100000
100000
100000
100000
100000
100000
100000
99999.9
100000
100000
100000
99999.9
99996.2
100001
99994.8
100008
99976.9
100063
99866.2
99950.8
99999.5
99999.8
99999.9
100000
99999.9
99999.9
100000
100000
100000
99999.7
99999.9
99999.9
99995.3
99995.3
99995.5
99999.8
99991.8
99981.6
99939
99981.3
99998.4
99999.7
99999.9
100000
100000
100000
100000
100000
100000
99999.7
99999.9
99999.8
100002
99995.7
99997.7
100001
100090
99994.9
100109
100032
100000
99999.5
100000
100000
100000
100000
100000
99999.7
99999.7
100000
100000
99999.9
99999.7
100000
100000
99997.8
99923.6
99917.4
99986.6
99931.4
99998.9
99999.7
100000
100000
99999.5
99999.5
100000
99999.6
99999.6
99999.9
100000
100000
100001
100004
100002
99998.3
100007
99958.9
99960.6
99943.5
99999.9
99999.8
100000
100000
100000
100000
100000
100000
99999.9
100000
100000
100000
100002
100003
100003
100001
100089
100096
100092
100090
99998.6
100000
99999.5
99999.4
99999.7
99999.7
99999.4
99999.8
100000
99999.7
99999.4
100000
100001
100000
100002
100002
100354
100363
100237
100085
100027
100017
100014
100013
100014
100013
100013
100014
100014
100013
100016
100018
100070
100102
100122
100086
100044
100049
100020
100000
100002
100002
100001
100001
100001
100001
100001
100001
100001
100001
100001
100002
100003
100013
100019
100007
100030
100003
100006
100003
100001
100000
99999.9
100000
100000
100000
100000
100000
100000
100000
100000
100001
99999.9
100001
100002
100002
100010
99995.6
99999.2
100001
100001
99999.8
99999.9
100000
100000
100000
100000
99999.9
99999.9
99999.8
99999.8
100000
99999.3
100001
99999.5
99997.6
99996.4
100005
100001
99998.3
99999.7
99999.7
99999.9
100000
99999.9
99999.9
99999.8
99999.8
99999.8
99999.7
99999.8
99999.5
99999.6
99999.7
99999.8
100003
99993.4
100001
100001
99996.7
99999.5
99999.7
99999.8
99999.9
99999.8
99999.8
99999.8
99999.9
99999.9
99999.8
99999.8
99999.6
100000
99999.8
99999
100001
99958
99982.8
99993.6
99996.7
99999.4
99999.7
99999.8
100000
100000
100000
100000
100000
100000
100000
100000
99999.9
100001
99999.4
100001
99993.2
99960.2
99995.8
99997.1
99998.8
100000
100000
100000
100000
100000
100000
100000
100000
100000
100000
100000
100001
100002
100000
100001
99991.7
100007
99984.5
99993.2
100001
99999.6
100001
100000
99999.5
99998.9
99998.8
99999.1
99998.9
99998.9
99999.9
100001
100000
100001
99999.9
99996.5
99996
99995.4
99967.2
99980.7
100003
99960.4
100000
100000
100000
100000
100000
100000
100000
100000
100000
100000
100001
100000
99992.1
99998.7
99998.9
99976.5
99984.8
99993.3
100004
99996.3
100000
100000
100000
100000
100000
100000
100000
100000
100000
100000
100006
99999.4
99998.5
100003
99999.9
99968.6
99968.1
99984.4
100001
100025
100000
99999.6
100000
99999.9
99999.9
100000
99999.8
100000
100000
99999.5
99999.6
99996.8
100007
99997.3
100002
99948.7
99936.3
100009
99998.9
100051
100000
99999.6
100000
99999.6
99999.6
100000
99999.6
100000
99999.9
99999.6
99999.6
99998.9
99999.1
100006
100006
100023
100048
100022
100001
100071
100000
100000
100000
100000
100000
100000
100000
100000
99999.9
100000
100000
99996.1
100001
99995
100008
99979.2
100052
99875.4
99953.3
100034
100000
100000
100000
100000
100000
100000
100000
100000
99999.6
100000
100000
99995.4
99995.6
99995.4
99999.6
99990.8
99976.5
99938.2
99979.4
100233
100000
100000
100000
100000
100000
100000
100000
99999.9
99999.7
100000
99999.9
100001
99995.9
99997.6
100001
100075
99995.6
100096
100028
100365
100000
100000
100000
100000
100000
100000
99999.5
99999.5
100000
100000
100000
99999.7
99999.9
100000
99998.2
99932.1
99925.1
99989.9
99934.7
99940.7
100000
100000
100000
99999.7
99999.7
100000
99999.7
99999.7
100000
100000
100000
100001
100004
100002
99998.6
100024
99979.6
99965.4
99942.8
99350.3
100000
100000
100000
100000
100000
100000
100000
100000
100000
100000
99992.7
100003
100003
100004
100001
100090
100101
100093
100088
99273.5
100017
100017
100017
100017
100017
100017
100017
100017
100017
100017
99995.6
100002
100000
100002
100002
100378
100390
100259
100095
100028
100019
100015
100014
100014
100014
100014
100015
100014
100013
100017
100019
100077
100111
100132
100094
100049
100055
100023
100000
100002
100002
100001
100001
100001
100001
100001
100001
100001
100001
100001
100002
100004
100015
100021
100008
100034
100003
100007
100004
100002
100000
99999.9
100000
100000
100000
100000
100000
100000
100000
100000
100001
100000
100001
100003
100003
100012
99995.3
99998.3
100001
100001
99999.7
99999.9
100000
100000
100000
100000
99999.9
99999.8
99999.8
99999.8
99999.9
99999.4
100001
99999.4
99997.2
99995.5
100005
100002
99998.5
99999.7
99999.7
99999.9
100000
99999.9
99999.9
99999.8
99999.8
99999.8
99999.7
99999.7
99999.5
99999.5
99999.7
99999.7
100004
99992.3
100003
100001
99996.7
99999.4
99999.6
99999.8
99999.9
99999.8
99999.8
99999.8
99999.9
99999.9
99999.8
99999.8
99999.5
100000
99999.7
99999
100002
99961.3
99983.3
99993.9
99996.3
99999.4
99999.7
99999.8
100000
100000
100000
100000
100000
100000
100000
100000
99999.9
100001
99999.4
100001
99992.9
99964.5
99996.2
99997.4
99998.5
100000
100000
100000
100000
100000
100000
100000
100000
100000
100000
100000
100001
100002
100000
100001
99991.9
100006
99985
99993.1
100001
99999.4
100001
100000
99999.4
99998.8
99998.7
99999
99998.7
99998.8
99999.8
100001
100000
100000
99999.9
99997
99995.9
99995.7
99970.2
99980.9
100003
99967.7
100000
100000
100000
100000
100000
100000
100000
100000
100000
100000
100002
100000
99992.7
99998.9
99998.9
99975.9
99983.8
99992.9
100004
99992.8
100000
100000
100000
100000
100000
100000
100000
100000
100000
100000
100003
99999.4
99998.2
100003
99999.9
99965.3
99968
99983.9
100002
100009
100000
100000
100000
100000
100000
100000
100000
100000
100000
100000
100020
99996.9
100006
99996.5
100002
99948.8
99936.5
100005
99999
100035
100000
100000
100000
100000
100000
100000
100000
100000
100000
100000
100028
99998.9
99999
100007
100005
100013
100041
100019
100001
100056
100000
100000
100000
100000
100000
100000
100000
100000
100000
100000
100011
99996.1
100001
99995.2
100007
99981.7
100042
99884.3
99955.9
100023
100000
100000
100000
100000
100000
100000
100000
100000
100000
100000
99975.6
99995.5
99996
99995.5
99999.7
99990
99971.3
99937
99976.5
100135
100000
100000
100000
100000
100000
100000
100000
100000
100000
100000
99973
100001
99996.2
99997.8
100002
100061
99996.5
100084
100024
100216
100000
100000
100000
100000
100000
100000
100000
100000
100000
100000
99974.2
99999.6
99999.8
100001
99998.9
99942.5
99934.1
99993
99938.1
99964.4
100000
100000
100000
100000
100000
100000
100000
100000
100000
100000
99992.8
100001
100004
100002
99998.9
100039
99998.6
99970.5
99943.3
99635.1
100000
100000
100000
100000
100000
100000
100000
100000
100000
100000
99995.8
100003
100003
100004
100001
100091
100103
100094
100086
99481
100017
100017
100017
100017
100017
100017
100017
100017
100017
100017
99997.2
100002
100000
100002
100002
100396
100410
100277
100103
100029
100020
100016
100014
100015
100014
100015
100015
100015
100014
100018
100020
100082
100118
100140
100100
100052
100059
100024
100000
100003
100002
100001
100001
100001
100001
100001
100001
100001
100002
100001
100002
100005
100016
100023
100008
100038
100003
100008
100004
100002
100000
99999.9
100000
100000
100000
100000
100000
100000
100000
100000
100001
100000
100002
100003
100003
100013
99995
99997.6
100001
100001
99999.7
99999.9
100000
100000
100000
99999.9
99999.9
99999.8
99999.8
99999.8
99999.9
99999.4
100001
99999.5
99996.9
99994.6
100006
100004
99998.7
99999.6
99999.7
99999.9
100000
99999.8
99999.8
99999.8
99999.8
99999.8
99999.7
99999.7
99999.4
99999.5
99999.7
99999.5
100004
99991.8
100004
100003
99996.7
99999.4
99999.6
99999.8
99999.8
99999.8
99999.8
99999.8
99999.9
99999.9
99999.7
99999.7
99999.5
99999.9
99999.7
99998.9
100003
99964.4
99983.9
99993.9
99996
99999.3
99999.6
99999.8
100000
100000
100000
100000
100000
100000
100000
99999.9
99999.9
100001
99999.2
100001
99992.7
99969.4
99996.4
99997.8
99998.3
100000
100000
100000
100000
100000
100000
100000
100000
100000
100000
100000
100001
100001
100000
100001
99992.1
100005
99985.5
99993.1
100001
99999.4
100001
100000
99999.5
99998.9
99998.9
99999.1
99998.9
99999
99999.8
100001
100000
100000
100000
99997.4
99995.9
99995.6
99973.2
99981.3
100002
99972
100000
100000
100000
100000
100000
100000
100000
100000
100000
100000
99999.4
99999.9
99993.3
99999.2
99998.9
99975.6
99983.3
99992.7
100005
99990.9
100000
100000
100000
100000
100000
100000
100000
100000
100000
100000
100001
99999.3
99997.9
100002
100000
99962.1
99968
99983.7
100002
100001
100000
100000
100000
100000
100000
100000
100000
100000
100000
100000
100012
99997.1
100006
99995.9
100002
99949.4
99937.2
100000
99999.1
100028
100000
100000
100000
100000
100000
100000
100000
100000
100000
100000
100013
99998.8
99998.9
100009
100005
100004
100034
100016
100002
100048
100000
100000
100000
100000
100000
100000
100000
100000
100000
100000
100008
99996.2
100002
99995.8
100007
99984.5
100031
99893.8
99958.6
100017
100000
100000
100000
100000
100000
100000
100000
100000
100000
100000
99988.7
99995.6
99996.7
99995.4
99999.8
99989.3
99966.2
99935.8
99973.6
100085
100000
100000
100000
100000
100000
100000
100000
100000
100000
100000
99986.1
100001
99996.7
99998
100003
100047
99997.5
100072
100020
100146
100000
100000
100000
100000
100000
100000
100000
100000
100000
100000
99988
99999.7
99999.6
100001
99999.7
99954.3
99944.1
99996.6
99941.9
99976.6
100000
100000
100000
100000
100000
100000
100000
100000
100000
100000
99996.7
100001
100004
100002
99999.1
100052
100016
99975.9
99944.2
99764.1
100000
100000
100000
100000
100000
100000
100000
100000
100000
100000
99995.9
100003
100003
100004
100001
100090
100104
100094
100085
99589.6
100017
100017
100017
100017
100017
100017
100017
100017
100017
100017
99997.4
100002
100000
100002
100002
100408
100424
100289
100110
100030
100021
100016
100015
100015
100014
100015
100015
100015
100014
100019
100021
100087
100123
100145
100105
100055
100062
100025
100001
100003
100002
100001
100001
100001
100001
100001
100001
100001
100002
100001
100002
100005
100017
100024
100009
100040
100003
100009
100005
100002
100000
99999.9
100000
100000
100000
100000
100000
100000
100000
100000
100001
100000
100002
100003
100003
100015
99994.7
99997.1
100001
100001
99999.7
99999.9
100000
100000
100000
99999.9
99999.9
99999.8
99999.8
99999.8
99999.9
99999.5
100001
99999.5
99996.7
99993.8
100006
100005
99998.8
99999.6
99999.7
99999.9
100000
99999.8
99999.8
99999.7
99999.8
99999.8
99999.7
99999.7
99999.4
99999.5
99999.6
99999.2
100005
99991.7
100006
100004
99996.7
99999.4
99999.6
99999.7
99999.8
99999.8
99999.8
99999.8
99999.9
99999.9
99999.7
99999.7
99999.4
99999.9
99999.7
99998.8
100003
99967.3
99985.1
99994.1
99995.8
99999.3
99999.6
99999.7
99999.9
100000
100000
100000
100000
100000
100000
99999.9
99999.9
100001
99999.1
100001
99992.6
99974.1
99996.1
99998.3
99998.1
100000
99999.8
100000
100000
100000
100000
100000
100000
100000
100000
100000
100001
100001
100000
100002
99992.3
100005
99986.3
99993.2
100001
99999.4
100001
100000
99999.6
99999.1
99999
99999.3
99999.1
99999.1
99999.9
100000
100000
100000
100000
99997.9
99995.9
99995.1
99976
99981.8
100002
99975.1
100000
100000
100000
100000
100000
100000
100000
100000
100000
100000
100000
99999.7
99993.8
99999.5
99998.9
99975.7
99983.4
99992.4
100005
99989.9
100000
100000
100000
100000
100000
100000
100000
100000
100000
100000
100001
99999.3
99997.7
100002
100000
99959
99968.2
99983.7
100002
99997.5
100000
100000
100000
100000
100000
100000
100000
100000
100000
100000
100009
99997.2
100005
99995.4
100001
99950.3
99938.3
99995.8
99999.2
100023
100000
100000
100000
100000
100000
100000
100000
100000
100000
100000
100008
99998.8
99998.8
100010
100005
99994.5
100028
100014
100002
100046
100000
100000
100000
100000
100000
100000
100000
100000
100000
100000
100006
99996.2
100002
99996.8
100006
99987.7
100021
99903.5
99961.4
100016
100000
100000
100000
100000
100000
100000
100000
100000
100000
100000
99993.8
99995.8
99997.5
99995.1
100000
99988.8
99960.8
99934
99970.9
100059
100000
100000
100000
100000
100000
100000
100000
100000
100000
100000
99990.9
100001
99997.3
99998.4
100003
100034
99998.7
100059
100017
100111
100000
100000
100000
100000
100000
100000
100000
100000
100000
100000
99991.8
99999.8
99999.5
100001
100001
99966.6
99954.6
100000
99945.7
99985.4
100000
100000
100000
100000
100000
100000
100000
100000
100000
100000
99997
100001
100004
100002
99999.2
100064
100031
99981.3
99945.3
99826.1
100000
100000
100000
100000
100000
100000
100000
100000
100000
100000
99995.3
100003
100003
100003
100001
100090
100104
100094
100084
99648.5
100017
100017
100017
100017
100017
100017
100017
100017
100017
100017
99997.5
100002
100000
100002
100002
100414
100431
100297
100115
100030
100021
100017
100015
100015
100014
100015
100015
100015
100014
100019
100021
100090
100127
100148
100108
100056
100063
100026
100001
100003
100002
100001
100001
100001
100001
100001
100001
100001
100002
100002
100003
100006
100018
100026
100009
100043
100003
100009
100005
100002
100000
99999.8
100000
100000
100000
100000
100000
100000
100000
100000
100001
100000
100002
100003
100003
100016
99994.4
99996.9
100001
100001
99999.7
99999.9
100000
100000
100000
99999.9
99999.8
99999.8
99999.8
99999.8
99999.9
99999.5
100001
99999.5
99996.4
99993
100007
100006
99999
99999.6
99999.7
99999.9
100000
99999.8
99999.8
99999.7
99999.7
99999.8
99999.6
99999.7
99999.3
99999.5
99999.6
99999
100005
99991.6
100007
100005
99996.8
99999.3
99999.5
99999.7
99999.8
99999.7
99999.7
99999.7
99999.8
99999.9
99999.7
99999.7
99999.4
99999.9
99999.6
99998.7
100004
99970.7
99986.5
99994.6
99995.6
99999.2
99999.6
99999.7
99999.9
100000
100000
100000
100000
100000
99999.9
99999.9
99999.9
100001
99998.9
100001
99992.7
99978.2
99995.5
99998.6
99997.9
100000
99999.7
99999.9
100000
100000
100000
100001
100000
100000
100000
100000
100001
100001
100001
100002
99992.5
100005
99987.4
99993.3
100001
99999.4
100000
100000
99999.7
99999.2
99999.2
99999.4
99999.2
99999.3
99999.9
100000
99999.9
100000
100000
99998.3
99995.9
99994.7
99978.5
99982.7
100002
99983.8
100000
100000
100000
100000
100000
100000
100000
100000
100000
100000
100007
99999.6
99994.3
99999.8
99998.9
99976.2
99984
99991.9
100005
99990.4
100000
100000
100000
100000
100000
100000
100000
100000
100000
100000
100003
99999.3
99997.4
100001
100000
99956.1
99968.9
99984
100002
99996.3
100000
100000
100000
100000
100000
100000
100000
100000
100000
100000
100009
99997.3
100004
99995.2
100001
99951.5
99939.8
99991.5
99999.3
100020
100000
100000
100000
100000
100000
100000
100000
100000
100000
100000
100006
99998.8
99998.8
100010
100004
99985.7
100023
100012
100002
100045
100000
100000
100000
100000
100000
100000
100000
100000
100000
100000
100006
99996.3
100002
99997.9
100005
99991.3
100011
99913.4
99964.3
100018
100000
100000
100000
100000
100000
100000
100000
100000
100000
100000
99996.6
99996
99998.3
99994.8
100001
99988.1
99955
99932.2
99968.5
100045
100000
100000
100000
100000
100000
100000
100000
100000
100000
100000
99993.2
100001
99998
99998.8
100004
100020
100000
100047
100013
100092
100000
100000
100000
100000
100000
100000
100000
100000
100000
100000
99992.8
99999.9
99999.3
100000
100001
99978.8
99965.1
100003
99949.6
99993.9
100000
100000
100000
100000
100000
100000
100000
100000
100000
100000
99996.4
100002
100004
100002
99999.4
100075
100045
99986.6
99946.4
99858.7
100000
100000
100000
100000
100000
100000
100000
100000
100000
100000
99994.7
100003
100003
100003
100001
100088
100103
100094
100083
99682
100017
100017
100017
100017
100017
100017
100017
100017
100017
100017
99997.6
100002
100000
100002
100002
100416
100433
100301
100118
100030
100021
100017
100014
100015
100014
100014
100015
100015
100014
100019
100021
100092
100128
100150
100110
100056
100064
100026
100001
100004
100002
100001
100001
100001
100001
100001
100001
100001
100002
100002
100003
100006
100018
100026
100009
100044
100003
100010
100005
100002
100000
99999.8
100000
100000
100000
100000
100000
100000
100000
100000
100001
100001
100002
100003
100003
100017
99994.1
99996.9
100001
100001
99999.7
99999.9
100000
100000
100000
99999.9
99999.8
99999.8
99999.8
99999.8
99999.8
99999.6
100001
99999.5
99996.3
99992.1
100008
100007
99999.1
99999.6
99999.7
99999.9
99999.9
99999.8
99999.7
99999.7
99999.7
99999.7
99999.6
99999.7
99999.3
99999.5
99999.5
99998.8
100006
99991.3
100008
100006
99996.8
99999.3
99999.5
99999.7
99999.7
99999.7
99999.7
99999.7
99999.8
99999.8
99999.6
99999.7
99999.4
99999.8
99999.6
99998.6
100004
99974.2
99987.8
99995.6
99995.4
99999.2
99999.5
99999.6
99999.9
100000
100000
100000
100000
100000
99999.9
99999.9
99999.9
100001
99998.8
100001
99992.9
99982
99994.7
99998.8
99997.9
100000
99999.5
99999.7
100000
100000
100000
100000
100000
100000
100000
100000
100001
100001
100001
100002
99992.5
100005
99989
99993.4
100001
99999.3
100000
100000
99999.7
99999.4
99999.3
99999.6
99999.4
99999.4
99999.9
100000
99999.8
100000
100000
99998.7
99995.9
99994.7
99980.9
99984
100002
100015
100000
100000
100000
100000
100000
100000
100000
100000
100000
100000
100032
99999.5
99994.7
100000
99999
99977
99985
99991.4
100005
99996.1
100000
100000
100000
100000
100000
100000
100000
100000
100000
100000
100010
99999.3
99997.1
100000
100000
99953.4
99970
99984.3
100002
99998.3
100000
100000
100000
100000
100000
100000
100000
100000
100000
100000
100012
99997.5
100004
99995.3
100001
99953.1
99941.9
99987.3
99999.3
100018
100000
100000
100000
100000
100000
100000
100000
100000
100000
100000
100007
99998.8
99998.7
100011
100004
99977.7
100018
100010
100002
100046
100000
100000
100000
100000
100000
100000
100000
100000
100000
100000
100006
99996.5
100002
99998.9
100004
99994.8
100000
99923.3
99967.1
100022
100000
100000
100000
100000
100000
100000
100000
100000
100000
100000
99999.2
99996.1
99999.1
99994.8
100001
99986.9
99948.5
99930
99966.1
100037
100000
100000
100000
100000
100000
100000
100000
100000
100000
100000
99995.1
100001
99998.6
99999.2
100004
100007
100002
100035
100011
100083
100000
100000
100000
100000
100000
100000
100000
100000
100000
100000
99993.2
100000
99999.1
100000
100002
99991
99975.7
100007
99953.4
100004
100000
100000
100000
100000
100000
100000
100000
100000
100000
100000
99995.7
100002
100004
100002
99999.5
100084
100057
99991.8
99947.7
99877.7
100000
100000
100000
100000
100000
100000
100000
100000
100000
100000
99994.2
100003
100003
100003
100001
100087
100102
100093
100082
99702.6
100017
100017
100017
100017
100017
100017
100017
100017
100017
100017
99997.8
100002
100001
100002
100001
100414
100430
100301
100120
100029
100021
100016
100014
100014
100013
100014
100014
100014
100014
100019
100020
100092
100129
100150
100110
100055
100062
100025
100001
100004
100002
100001
100001
100001
100001
100001
100001
100001
100002
100002
100003
100006
100018
100026
100008
100045
100003
100010
100005
100002
100000
99999.8
100000
100000
100000
100000
100000
100000
100000
100000
100001
100001
100002
100003
100003
100018
99993.8
99997.2
100001
100001
99999.7
99999.9
100000
100000
100000
99999.9
99999.8
99999.8
99999.8
99999.8
99999.8
99999.7
100001
99999.5
99996.2
99991.2
100008
100008
99999.3
99999.6
99999.7
99999.9
99999.9
99999.8
99999.7
99999.7
99999.7
99999.7
99999.6
99999.7
99999.3
99999.5
99999.5
99998.7
100006
99990.8
100009
100007
99996.8
99999.2
99999.5
99999.7
99999.7
99999.6
99999.7
99999.7
99999.8
99999.8
99999.6
99999.6
99999.3
99999.8
99999.6
99998.6
100005
99977.5
99989
99996.5
99995.3
99999.1
99999.5
99999.6
99999.8
100000
100000
100000
100000
100000
99999.9
99999.8
99999.8
100001
99998.8
100001
99993.2
99985.8
99993.9
99998.9
99997.9
99999.9
99999.3
99999.6
100000
100000
100000
100000
100000
100000
99999.9
99999.8
100001
100001
100001
100002
99992.3
100005
99990.6
99993.8
100001
99999.2
99999.8
99999.8
99999.7
99999.5
99999.4
99999.7
99999.5
99999.5
99999.8
99999.9
99999.5
100000
100000
99999.1
99996
99995
99983.1
99985.7
100002
100126
100000
100000
100000
100000
100000
100000
100000
100000
100000
100000
100118
99999.5
99995
100000
99999
99978
99986.5
99990.9
100004
100023
100000
100000
100000
100000
100000
100000
100000
100000
100000
100000
100033
99999.2
99996.8
99999.6
100000
99951
99971.5
99984.5
100001
100010
100000
100000
100000
100000
100000
100000
100000
100000
100000
100000
100024
99997.6
100003
99995.4
100001
99955.1
99944.5
99983.5
99999.3
100021
100000
100000
100000
100000
100000
100000
100000
100000
100000
100000
100013
99998.8
99998.7
100011
100003
99970.7
100015
100009
100002
100049
100000
100000
100000
100000
100000
100000
100000
100000
100000
100000
100011
99996.6
100002
99999.7
100004
99998.2
99990
99933.3
99970
100029
99979.9
100000
100000
100000
100000
100000
100000
100000
100000
100000
100004
99996.3
100000
99994.9
100002
99985.5
99941.6
99927.3
99963.7
100033
100000
100000
100000
100000
100000
100000
100000
100000
100000
100000
99997.9
100001
99999.2
99999.4
100004
99995.1
100003
100024
100008
100083
100000
100000
100000
100000
100000
100000
100000
100000
100000
100000
99994.3
100000
99999
100001
100003
100003
99986.2
100010
99957.3
100017
100000
100000
100000
100000
100000
100000
100000
100000
100000
100000
99995.1
100002
100003
100002
99999.7
100092
100069
99996.8
99949.1
99889.8
100000
100000
100000
100000
100000
100000
100000
100000
100000
100000
99993.8
100003
100003
100003
100000
100086
100100
100093
100081
99714.9
100017
100017
100017
100017
100017
100017
100017
100017
100017
100017
99998.4
100002
100001
100001
100001
100407
100423
100297
100120
100028
100021
100016
100013
100014
100013
100013
100014
100014
100014
100018
100020
100092
100128
100148
100109
100053
100059
100024
100001
100004
100003
100001
100001
100001
100001
100001
100001
100001
100002
100002
100003
100006
100018
100026
100008
100045
100003
100010
100005
100002
100000
99999.8
100000
100000
100000
100000
100000
100000
100000
100000
100001
100001
100002
100003
100003
100019
99993.5
99997.7
100001
100001
99999.7
99999.9
100000
100000
100000
99999.9
99999.8
99999.8
99999.8
99999.8
99999.8
99999.7
100001
99999.4
99996.4
99990.1
100009
100009
99999.4
99999.7
99999.7
99999.9
99999.9
99999.7
99999.7
99999.7
99999.7
99999.7
99999.6
99999.7
99999.3
99999.6
99999.4
99998.6
100006
99990.3
100010
100008
99996.9
99999.2
99999.5
99999.6
99999.7
99999.6
99999.6
99999.7
99999.8
99999.8
99999.6
99999.6
99999.3
99999.8
99999.7
99998.6
100005
99980.5
99989.9
99997.4
99995.2
99999.1
99999.4
99999.6
99999.8
99999.9
100000
100000
100000
100000
99999.8
99999.8
99999.8
100001
99998.8
100002
99993.5
99989.6
99993.3
99999
99997.9
99999.7
99999.3
99999.4
99999.8
100000
100000
100000
100000
100000
99999.8
99999.7
100001
100001
100002
100003
99992.2
100005
99992.3
99994.3
100001
99999
99999.5
99999.6
99999.7
99999.6
99999.6
99999.7
99999.6
99999.6
99999.6
99999.6
99999.2
99999.9
100001
99999.5
99996
99995.7
99985.3
99987.4
100002
99598.8
99552.2
99488.6
99435.9
99424.1
99418
99405.3
99423.3
99438.2
99478.9
99562.9
99658.9
99999.2
99995.2
100001
99999
99979.3
99988.2
99990.7
100004
99881
99771.2
99703.3
99650.8
99626.3
99611.6
99597.5
99627.7
99667.4
99720.5
99823.7
99946.9
99999.1
99996.5
99999
100000
99948.7
99973.3
99984.9
100001
99943.7
99849
99783.3
99738.4
99712.7
99697.4
99685.4
99720.4
99757.5
99808.4
99884.7
99947.8
99997.7
100003
99995.6
100001
99957.7
99947.6
99979.9
99999.2
99981.4
99918.4
99863.1
99814.1
99781.4
99767.4
99768.9
99790.1
99822.8
99875
99924.1
99969.7
99998.8
99998.7
100011
100003
99964.4
100011
100008
100002
100009
99963.2
99917
99872.1
99840.6
99828.1
99831.6
99847.4
99873.7
99915.5
99949.4
99980.3
99996.8
100002
100000
100003
100001
99979.5
99943.3
99972.8
100009
99979.9
99950.6
99913.1
99886.4
99875.9
99878.9
99890.8
99910.8
99941.5
99965
99985.2
99996.6
100001
99995.2
100003
99983.9
99934.6
99924.3
99961.4
99994.9
99981.3
99965
99939.4
99919.3
99911.3
99913.8
99922.4
99936.9
99958.7
99974.6
99987.7
100001
99999.7
99999.5
100005
99983.9
100006
100013
100006
99981.8
99977.8
99972.5
99956.3
99941.9
99936.4
99939.1
99944.5
99954.9
99970.7
99981
99989.7
100001
99999.1
100001
100003
100014
99996.1
100013
99961.2
99965.6
99970.6
99977
99967.4
99955.9
99952.7
99959.1
99958.7
99966.2
99980.7
99984.9
99994.2
100002
100003
100002
99999.8
100100
100079
100002
99950.7
99925
99963.9
99978.4
99976.3
99970.3
99968.7
99972.4
99972.3
99977.7
99985.8
99989.1
99994.3
100003
100003
100002
100000
100084
100098
100093
100081
99837.9
99965.4
99986.3
99989.3
99989.9
99989.5
99988.2
99990.7
99992.4
99992.7
99994.9
99995.8
100002
100001
100001
100001
100396
100412
100289
100118
100027
100020
100015
100013
100013
100012
100013
100013
100013
100013
100018
100019
100090
100125
100145
100107
100050
100055
100023
100001
100004
100003
100001
100001
100001
100001
100001
100001
100001
100002
100002
100003
100006
100017
100024
100007
100045
100003
100010
100005
100002
100000
99999.7
100000
100000
100000
100000
100000
100000
100000
100000
100001
100001
100002
100003
100003
100019
99993.2
99998.5
100001
100001
99999.8
99999.9
100000
100000
100000
99999.9
99999.8
99999.8
99999.8
99999.8
99999.8
99999.7
100001
99999.3
99996.7
99988.7
100009
100010
99999.5
99999.7
99999.7
99999.9
99999.9
99999.7
99999.7
99999.6
99999.7
99999.7
99999.6
99999.7
99999.3
99999.6
99999.4
99998.5
100007
99990
100011
100009
99996.9
99999.2
99999.5
99999.6
99999.7
99999.6
99999.6
99999.6
99999.7
99999.8
99999.6
99999.6
99999.3
99999.8
99999.7
99998.6
100006
99983.2
99990.6
99998.2
99995.1
99999.1
99999.4
99999.5
99999.7
99999.9
100000
100000
100000
100000
99999.8
99999.8
99999.8
100001
99998.8
100002
99993.7
99993
99992.7
99999.1
99998
99999.7
99999.3
99999.4
99999.8
100000
100000
100000
100000
100000
99999.7
99999.7
100000
100001
100002
100003
99992.1
100005
99994
99995
100002
99998.5
99999.2
99999.3
99999.5
99999.6
99999.5
99999.6
99999.6
99999.6
99999.4
99999.4
99998.9
99999.9
100001
99999.9
99996.1
99996.5
99987.5
99989.1
100002
100141
100000
100000
100000
99424.4
99418.3
100000
99423.6
99438.5
100000
99563
100121
99999.4
99995.4
100001
99999.1
99980.9
99990.2
99990.6
100004
100030
99771.1
99703.1
100000
100000
100000
99597.3
100000
100000
99720.4
100000
99947.3
99999.1
99996.3
99998.4
100000
99946.7
99975.5
99985.5
100001
100013
100000
100000
100000
99712.7
99697.4
100000
99720.3
99757.5
100000
99884.7
100021
99997.9
100002
99995.8
100001
99960.7
99951.2
99976.5
99999.2
100013
100000
100000
100000
99781.4
99767.4
100000
99790.1
99822.8
100000
99924.1
100011
99998.9
99998.6
100011
100002
99958.9
100009
100007
100002
100046
100000
100000
100000
99840.6
99828.1
100000
99847.4
99873.8
100000
99949.4
100010
99997
100002
100001
100002
100004
99969
99953.5
99975.7
100037
100000
100000
100000
99886.4
99875.9
100000
99890.8
99910.8
100000
99965
100005
99996.8
100001
99995.5
100004
99982.3
99927.6
99921
99959.4
100019
100000
100000
100000
99919.3
99911.3
100000
99922.4
99937
100000
99974.6
99999.2
100000
100000
99999.5
100005
99973.1
100008
100002
100004
100065
100000
100000
100000
99941.9
99936.4
100000
99944.5
99954.9
100000
99981
99995.1
100001
99999.3
100001
100003
100024
100006
100016
99965.2
100028
100000
100000
100000
99955.9
99952.7
100000
99958.7
99966.2
100000
99984.9
99994.1
100003
100003
100002
99999.9
100106
100088
100007
99952.4
99912.9
100000
99978.4
100000
100000
100000
99972.4
100000
100000
99985.8
100000
99994.3
100003
100003
100002
100000
100083
100096
100094
100081
99750.7
100017
100017
100017
100017
100017
100017
100017
100017
100017
100017
99999.1
100002
100001
100001
100001
100381
100397
100278
100115
100026
100020
100015
100012
100012
100011
100012
100012
100012
100012
100017
100018
100088
100121
100140
100103
100046
100050
100021
100001
100005
100003
100001
100001
100001
100001
100001
100001
100001
100002
100002
100003
100005
100015
100023
100006
100044
100002
100009
100005
100002
100000
99999.7
100000
100000
100000
100000
100000
100000
100000
100000
100001
100001
100001
100002
100003
100019
99993.3
99999.5
100001
100001
99999.8
99999.9
100000
100000
100000
99999.9
99999.9
99999.8
99999.8
99999.8
99999.8
99999.7
100000
99999.2
99997.1
99987.2
100010
100011
99999.6
99999.7
99999.7
99999.9
99999.9
99999.7
99999.7
99999.7
99999.7
99999.7
99999.6
99999.7
99999.3
99999.7
99999.4
99998.4
100007
99990.2
100012
100010
99997
99999.2
99999.5
99999.6
99999.6
99999.6
99999.6
99999.6
99999.7
99999.8
99999.6
99999.6
99999.3
99999.9
99999.7
99998.7
100006
99985.9
99991.1
99998.9
99995
99999
99999.4
99999.5
99999.7
99999.9
100000
100000
100000
100000
99999.8
99999.7
99999.8
100001
99999
100003
99993.8
99995.9
99992.2
99999.1
99998.1
99999.7
99999.3
99999.5
99999.8
100000
100000
100000
100000
100000
99999.7
99999.7
100000
100001
100002
100003
99992
100004
99995.7
99995.6
100002
99998.2
99999
99999
99999.3
99999.4
99999.3
99999.4
99999.3
99999.4
99999.2
99999.1
99998.6
99999.9
100001
100000
99996.1
99997.3
99989.7
99990.7
100002
100031
100000
100000
100000
100000
100000
100000
100000
100000
100000
100000
100033
99999.5
99995.6
100001
99999.2
99982.8
99992.3
99990.9
100004
100000
100000
100000
100000
100000
100000
100000
100000
100000
100000
100000
100031
99999.2
99996
99997.7
100001
99944.9
99978
99986.3
100001
99998.7
100000
100000
100000
100000
100000
100000
100000
100000
100000
100000
100008
99998
100002
99996
100000
99964.3
99955.2
99973.5
99999.2
100004
100000
100000
100000
100000
100000
100000
100000
100000
100000
100000
100004
99998.9
99998.6
100011
100002
99954.1
100007
100007
100002
100040
100000
100000
100000
100000
100000
100000
100000
100000
100000
100000
100006
99997.1
100003
100002
100001
100007
99958.5
99963.6
99978.6
100037
100000
100000
100000
100000
100000
100000
100000
100000
100000
100000
100003
99997
100002
99995.8
100004
99980.6
99920.5
99917.4
99957.5
100008
100000
100000
100000
100000
100000
100000
100000
100000
100000
100000
99998
100000
100000
99999.6
100005
99962.3
100011
99991.5
100002
100048
100000
100000
100000
100000
100000
100000
100000
100000
100000
100000
99994.6
100001
99999.5
100001
100003
100035
100015
100019
99969.1
100026
100000
100000
100000
100000
100000
100000
100000
100000
100000
100000
99993.8
100003
100003
100002
100000
100110
100096
100012
99954.1
99924.9
100000
100000
100000
100000
100000
100000
100000
100000
100000
100000
99993
100002
100003
100002
100000
100082
100094
100094
100082
99774.4
100017
100017
100017
100017
100017
100017
100017
100017
100017
100017
99998.5
100002
100001
100001
100001
100363
100378
100264
100110
100025
100019
100014
100011
100011
100010
100011
100011
100011
100011
100016
100017
100084
100116
100134
100099
100042
100043
100019
100000
100005
100003
100001
100001
100001
100001
100001
100001
100001
100002
100002
100004
100005
100013
100020
100006
100043
100001
100008
100005
100002
100000
99999.7
100000
100000
100000
100000
100000
99999.9
100000
99999.9
100001
100001
100001
100002
100003
100019
99993.8
100001
100001
100001
99999.8
99999.9
100000
100000
100000
99999.9
99999.9
99999.8
99999.8
99999.8
99999.8
99999.7
100000
99999.1
99997.6
99985.4
100010
100011
99999.7
99999.7
99999.7
99999.9
99999.9
99999.7
99999.7
99999.7
99999.7
99999.7
99999.6
99999.7
99999.3
99999.8
99999.4
99998.5
100007
99990.7
100012
100011
99997
99999.2
99999.5
99999.6
99999.6
99999.6
99999.6
99999.6
99999.7
99999.8
99999.6
99999.6
99999.4
99999.9
99999.8
99998.8
100007
99988.6
99991.4
99999.4
99995
99999
99999.3
99999.5
99999.6
99999.8
100000
100000
100000
100000
99999.7
99999.7
99999.8
100001
99999.1
100003
99993.7
99998.4
99991.8
99999.2
99998.2
99999.7
99999.4
99999.5
99999.8
100000
100000
100000
100000
100000
99999.7
99999.8
100000
100001
100002
100004
99992
100004
99997.3
99996.3
100002
99997.8
99998.7
99998.8
99999.1
99999.3
99999.3
99999.3
99999.3
99999.3
99998.9
99998.8
99998.2
99999.9
100001
100001
99996.1
99997.9
99992
99991.8
100002
100002
100000
100000
100000
100000
100000
100000
100000
100000
100000
100000
100007
99999.4
99995.7
100001
99999.3
99984.8
99994.3
99991.7
100003
99992.9
100000
100000
100000
100000
100000
100000
100000
100000
100000
100000
100007
99999.2
99995.8
99997.1
100001
99943.2
99980.7
99987.2
100001
99994.8
100000
100000
100000
100000
100000
100000
100000
100000
100000
100000
100004
99998.1
100002
99996.2
100000
99968.3
99959.4
99970.7
99999.1
99998.4
100000
100000
100000
100000
100000
100000
100000
100000
100000
100000
100001
99998.9
99998.6
100011
100002
99949.8
100006
100007
100001
100037
100000
100000
100000
100000
100000
100000
100000
100000
100000
100000
100004
99997.3
100003
100002
100000
100009
99947.9
99973.7
99981.5
100039
100000
100000
100000
100000
100000
100000
100000
100000
100000
100000
100002
99997.3
100002
99996.1
100005
99979
99913.3
99913.5
99955.7
99997.7
100000
100000
100000
100000
100000
100000
100000
100000
100000
100000
99998.1
100001
100001
99999.7
100005
99951.6
100014
99981.6
100001
100040
100000
100000
100000
100000
100000
100000
100000
100000
100000
100000
99994.8
100001
99999.6
100001
100004
100045
100025
100021
99972.9
100028
100000
100000
100000
100000
100000
100000
100000
100000
100000
100000
99993.8
100003
100002
100002
100000
100114
100102
100017
99955.9
99933
100000
100000
100000
100000
100000
100000
100000
100000
100000
100000
99993.2
100002
100002
100002
100000
100081
100092
100095
100082
99795.3
100017
100017
100017
100017
100017
100017
100017
100017
100017
100017
99998.5
100001
100001
100001
100001
100342
100354
100246
100104
100023
100018
100013
100010
100010
100009
100010
100010
100010
100011
100015
100015
100079
100109
100127
100093
100037
100037
100018
100000
100005
100003
100001
100001
100001
100001
100001
100001
100001
100002
100002
100004
100004
100012
100018
100005
100041
100000
100007
100005
100001
100000
99999.7
100000
100000
100000
100000
100000
99999.9
100000
99999.9
100001
100000
100001
100001
100002
100018
99994.5
100002
100001
100000
99999.8
99999.9
100000
100000
100000
99999.9
99999.9
99999.8
99999.8
99999.8
99999.8
99999.6
100000
99998.9
99998.2
99983.5
100011
100012
99999.7
99999.7
99999.7
99999.9
99999.9
99999.7
99999.7
99999.7
99999.7
99999.8
99999.7
99999.7
99999.3
99999.8
99999.4
99998.7
100007
99991.2
100013
100011
99997
99999.2
99999.5
99999.6
99999.6
99999.6
99999.6
99999.6
99999.7
99999.8
99999.6
99999.6
99999.4
100000
99999.9
99999
100007
99991.4
99991.5
99999.9
99995
99999
99999.3
99999.4
99999.6
99999.8
99999.9
99999.9
100000
99999.9
99999.7
99999.7
99999.8
100001
99999.3
100004
99993.6
100001
99991.3
99999.3
99998.3
99999.6
99999.4
99999.5
99999.8
100000
100000
100000
100000
100000
99999.7
99999.8
100000
100001
100003
100004
99991.9
100004
99999
99996.9
100002
99997.3
99998.3
99998.4
99998.8
99999.1
99999.1
99999.1
99999.1
99999
99998.6
99998.5
99997.7
99999.9
100002
100001
99996.2
99998.2
99994.6
99992.8
100003
99994.9
100000
100000
100000
100000
100000
100000
100000
100000
100000
100000
99999.1
99999.5
99995.6
100001
99999.5
99986.8
99995.9
99992.7
100003
99992.4
100000
100000
100000
100000
100000
100000
100000
100000
100000
100000
99999.3
99999.2
99995.6
99996.6
100001
99941.6
99983.7
99988.3
100000
99994.1
100000
100000
100000
100000
100000
100000
100000
100000
100000
100000
100002
99998.3
100001
99996.3
100000
99972.8
99963.7
99968.1
99999.1
99995.1
100000
100000
100000
100000
100000
100000
100000
100000
100000
100000
100000
99998.9
99998.6
100011
100001
99946.2
100006
100007
100001
100034
100000
100000
100000
100000
100000
100000
100000
100000
100000
100000
100004
99997.5
100003
100003
99999.7
100010
99937.3
99983.7
99984.3
100044
100000
100000
100000
100000
100000
100000
100000
100000
100000
100000
100003
99997.5
100003
99996.4
100005
99977.3
99905.9
99909.4
99954.1
99987.5
100000
100000
100000
100000
100000
100000
100000
100000
100000
100000
99998.9
100001
100001
99999.7
100006
99941.3
100017
99971.9
99999.6
100039
100000
100000
100000
100000
100000
100000
100000
100000
100000
100000
99994.9
100002
99999.8
100001
100004
100055
100036
100024
99976.7
100032
100000
100000
100000
100000
100000
100000
100000
100000
100000
100000
99993.8
100003
100002
100002
100000
100117
100107
100023
99957.7
99934.6
100000
100000
100000
100000
100000
100000
100000
100000
100000
100000
99993.6
100002
100002
100002
100000
100080
100090
100097
100083
99814.1
100017
100017
100017
100017
100017
100017
100017
100017
100017
100017
99998.5
100001
100001
100001
100001
100316
100327
100226
100096
100021
100016
100012
100009
100009
100008
100009
100009
100009
100010
100013
100014
100073
100101
100118
100086
100032
100030
100017
99999.7
100005
100003
100001
100001
100001
100001
100001
100001
100001
100002
100002
100004
100003
100010
100015
100004
100038
99999.2
100005
100004
100001
99999.9
99999.7
100000
100000
100000
100000
100000
99999.9
100000
99999.9
100001
100000
100000
99999.9
100002
100017
99995.3
100003
100001
100000
99999.8
99999.9
100000
100000
100000
99999.9
99999.9
99999.8
99999.8
99999.8
99999.8
99999.6
100000
99998.8
99998.8
99982.1
100011
100013
99999.7
99999.8
99999.8
99999.9
99999.9
99999.8
99999.7
99999.7
99999.7
99999.8
99999.7
99999.7
99999.4
99999.9
99999.4
99999
100007
99991.3
100013
100012
99996.9
99999.3
99999.6
99999.7
99999.7
99999.6
99999.6
99999.6
99999.7
99999.8
99999.6
99999.7
99999.4
100000
99999.9
99999.1
100007
99994.4
99991.5
100000
99995
99999.1
99999.3
99999.5
99999.6
99999.7
99999.9
99999.9
99999.9
99999.9
99999.7
99999.7
99999.8
100001
99999.6
100004
99993.4
100003
99991
99999.3
99998.4
99999.6
99999.5
99999.6
99999.8
100000
100000
100000
100000
100000
99999.7
99999.8
100000
100001
100003
100004
99991.9
100003
100001
99997.5
100002
99996.9
99998
99998.1
99998.5
99998.8
99998.9
99998.8
99998.8
99998.7
99998.3
99998.1
99997.3
100000
100002
100001
99996.2
99998.4
99997.5
99993.6
100003
99993.6
100000
100000
100000
100000
100000
100000
100000
100000
100000
100000
99996.4
99999.5
99995.5
100001
99999.6
99988.8
99997
99993.9
100002
99994
100000
100000
100000
100000
100000
100000
100000
100000
100000
100000
99996.4
99999.2
99995.5
99996
100001
99940.1
99986.8
99989.5
100000
99994.5
100000
100000
100000
100000
100000
100000
100000
100000
100000
100000
100000
99998.4
100001
99996.5
100000
99977.8
99968.3
99965.8
99999.1
99992.5
100000
100000
100000
100000
100000
100000
100000
100000
100000
100000
99999.7
99998.9
99998.7
100011
100001
99943.1
100007
100008
100001
100032
100000
100000
100000
100000
100000
100000
100000
100000
100000
100000
100004
99997.7
100004
100003
99999.3
100012
99926.7
99993.6
99987.2
100051
100000
100000
100000
100000
100000
100000
100000
100000
100000
100000
100005
99997.7
100003
99996.7
100006
99975.7
99898.5
99905.2
99952.6
99974.6
100000
100000
100000
100000
100000
100000
100000
100000
100000
100000
100000
100001
100001
99999.8
100006
99931.2
100021
99962.3
99998.5
100051
100000
100000
100000
100000
100000
100000
100000
100000
100000
100000
99994.8
100002
99999.9
100001
100003
100065
100046
100026
99980.4
100038
100000
100000
100000
100000
100000
100000
100000
100000
100000
100000
99993.7
100003
100002
100001
100000
100119
100111
100028
99959.5
99923.1
100000
100000
100000
100000
100000
100000
100000
100000
100000
100000
99994.2
100002
100002
100001
100000
100079
100088
100098
100084
99830.2
100017
100017
100017
100017
100017
100017
100017
100017
100017
100017
99998.6
100001
100000
100001
100001
100288
100295
100203
100087
100019
100015
100010
100008
100008
100007
100008
100008
100008
100008
100012
100013
100067
100092
100107
100077
100027
100024
100016
99999.5
100005
100002
100001
100001
100001
100001
100001
100001
100001
100001
100002
100003
100002
100008
100013
100003
100034
99998
100004
100004
100001
99999.9
99999.7
100000
100000
100000
100000
100000
99999.9
99999.9
99999.9
100001
100000
99999.9
99998.8
100002
100016
99996.2
100004
100001
100000
99999.8
99999.9
100000
100000
100000
99999.9
99999.9
99999.9
99999.8
99999.9
99999.8
99999.6
100000
99998.7
99999.4
99981.6
100012
100013
99999.7
99999.8
99999.8
99999.9
99999.9
99999.8
99999.7
99999.7
99999.8
99999.8
99999.7
99999.8
99999.4
99999.9
99999.5
99999.4
100007
99990.4
100013
100012
99996.8
99999.3
99999.6
99999.7
99999.7
99999.6
99999.6
99999.7
99999.7
99999.8
99999.7
99999.7
99999.5
100000
100000
99999.5
100007
99997.9
99991.2
100000
99995.1
99999.1
99999.4
99999.5
99999.6
99999.7
99999.9
99999.9
99999.9
99999.9
99999.7
99999.7
99999.8
100001
99999.8
100004
99993.2
100005
99990.7
99999.3
99998.5
99999.5
99999.5
99999.6
99999.8
100000
100000
100000
100000
99999.9
99999.7
99999.8
100000
100001
100003
100005
99992
100003
100002
99998.1
100002
99996.4
99997.6
99997.8
99998.2
99998.6
99998.6
99998.5
99998.6
99998.5
99998
99997.8
99996.9
100000
100003
100002
99996.3
99998.6
100001
99994.4
100003
99992.8
100000
100000
100000
100000
100000
100000
100000
100000
100000
100000
99994.9
99999.6
99995.4
100001
99999.7
99990.7
99997.9
99995
100002
99996.3
100000
100000
100000
100000
100000
100000
100000
100000
100000
100000
99994
99999.3
99995.3
99995.5
100001
99938.7
99989.9
99990.9
99999.9
99994.7
100000
100000
100000
100000
100000
100000
100000
100000
100000
100000
99997.9
99998.6
100000
99996.7
100000
99983.3
99973.3
99963.6
99999
99990.1
100000
100000
100000
100000
100000
100000
100000
100000
100000
100000
99999.2
99998.9
99998.8
100011
100001
99940.4
100008
100009
100002
100030
100000
100000
100000
100000
100000
100000
100000
100000
100000
100000
100005
99997.9
100004
100004
99999.1
100013
99916.1
100003
99990.2
100062
100000
100000
100000
100000
100000
100000
100000
100000
100000
100000
100009
99998
100004
99997.1
100006
99974.2
99891
99901.1
99951.2
99955.8
100000
100000
100000
100000
100000
100000
100000
100000
100000
100000
100003
100001
100001
99999.9
100006
99921.7
100025
99952.7
99997.6
100083
100000
100000
100000
100000
100000
100000
100000
100000
100000
100000
99993.6
100002
100000
100001
100003
100075
100057
100028
99984.1
100050
100000
100000
100000
100000
100000
100000
100000
100000
100000
100000
99992.2
100003
100001
100001
100000
100120
100114
100034
99961.3
99883.2
100000
100000
100000
100000
100000
100000
100000
100000
100000
100000
99994.6
100002
100002
100001
100000
100078
100087
100100
100086
99841.9
100017
100017
100017
100017
100017
100017
100017
100017
100017
100017
99998.7
100001
100000
100001
100001
100256
100260
100177
100076
100017
100013
100009
100007
100007
100006
100007
100007
100007
100007
100010
100011
100059
100081
100095
100068
100023
100018
100014
99999.4
100004
100002
100001
100001
100001
100001
100001
100001
100001
100001
100001
100003
100002
100006
100010
100002
100030
99996.4
100002
100004
100001
99999.9
99999.7
100000
100000
100000
100000
100000
99999.9
99999.9
99999.9
100001
99999.9
99999.4
99997.9
100001
100014
99997.1
100004
100001
100000
99999.8
99999.9
100000
100000
100000
99999.9
99999.9
99999.9
99999.8
99999.9
99999.8
99999.6
100000
99998.8
100000
99981.4
100012
100013
99999.7
99999.8
99999.8
99999.9
99999.9
99999.8
99999.8
99999.7
99999.8
99999.8
99999.7
99999.8
99999.5
99999.9
99999.5
99999.6
100007
99989.3
100014
100012
99996.7
99999.4
99999.6
99999.7
99999.7
99999.6
99999.7
99999.7
99999.8
99999.8
99999.7
99999.7
99999.5
100000
100000
100000
100006
100002
99990.7
100001
99995.2
99999.2
99999.4
99999.5
99999.6
99999.7
99999.9
99999.9
99999.9
99999.9
99999.7
99999.7
99999.8
100001
100000
100005
99993
100006
99990.6
99999.3
99998.5
99999.5
99999.5
99999.6
99999.8
100000
100000
100000
100000
99999.9
99999.7
99999.8
100000
100001
100003
100005
99992.1
100003
100004
99998.6
100003
99996.2
99997.5
99997.7
99998.1
99998.4
99998.4
99998.3
99998.4
99998.3
99997.8
99997.6
99996.7
100000
100003
100002
99996.4
99998.6
100003
99995.3
100004
99992.4
100000
100000
100000
100000
100000
100000
100000
100000
100000
100000
99992.9
99999.6
99995.2
100001
99999.8
99992.6
99998.9
99996.1
100001
99998.9
100000
100000
100000
100000
100000
100000
100000
100000
100000
100000
99989.2
99999.3
99995.2
99994.8
100001
99937.3
99992.8
99992.4
99999.8
99993.8
100000
100000
100000
100000
100000
100000
100000
100000
100000
100000
99992.9
99998.7
100000
99997.2
100000
99989.1
99978.6
99961.9
99999
99986.5
100000
100000
100000
100000
100000
100000
100000
100000
100000
100000
99997.9
99999
99999
100011
100000
99938.2
100009
100009
100002
100032
100000
100000
100000
100000
100000
100000
100000
100000
100000
100000
100008
99998.1
100004
100004
99999.1
100014
99905.6
100012
99992.9
100081
99999.7
100000
100000
100000
100000
100000
100000
100000
100000
100000
100018
99998.2
100004
99997.5
100007
99972.9
99883.8
99897.2
99950.3
99925.3
100000
100000
100000
100000
100000
100000
100000
100000
100000
100000
100010
100001
100001
99999.9
100006
99912.9
100028
99943.5
99996.6
100153
100000
100000
100000
100000
100000
100000
100000
100000
100000
100000
99989.6
100002
100000
100000
100003
100084
100068
100030
99987.5
100076
100000
100000
100000
100000
100000
100000
100000
100000
100000
100000
99984.7
100003
100001
100001
100000
100121
100117
100039
99963.2
99781
100000
100000
100000
100000
100000
100000
100000
100000
100000
100000
99991.9
100001
100002
100001
100000
100077
100086
100101
100087
99845.5
100017
100017
100017
100017
100017
100017
100017
100017
100017
100017
99998.8
100001
100000
100001
100000
100221
100221
100148
100064
100015
100011
100008
100006
100005
100005
100005
100005
100006
100006
100009
100009
100050
100070
100081
100058
100019
100014
100013
99999.3
100004
100002
100001
100001
100001
100001
100001
100001
100001
100001
100001
100003
100001
100004
100008
100001
100026
99994.4
100002
100004
100001
99999.9
99999.7
100000
100000
100000
100000
100000
99999.9
99999.9
99999.9
100001
99999.6
99998.8
99997.2
100001
100012
99998
100005
100001
100000
99999.9
100000
100000
100000
100000
99999.9
99999.9
99999.9
99999.8
99999.9
99999.8
99999.7
100000
99998.9
100001
99982
100012
100013
99999.6
99999.8
99999.9
99999.9
99999.9
99999.8
99999.8
99999.8
99999.8
99999.8
99999.8
99999.8
99999.6
99999.9
99999.6
99999.9
100006
99988.2
100013
100011
99996.6
99999.4
99999.7
99999.8
99999.7
99999.7
99999.7
99999.7
99999.8
99999.8
99999.7
99999.8
99999.6
100000
100000
100001
100006
100005
99990.5
100001
99995.4
99999.2
99999.5
99999.6
99999.7
99999.8
99999.9
99999.9
99999.9
99999.9
99999.8
99999.8
99999.8
100001
100000
100005
99992.9
100008
99990.4
99999.3
99998.5
99999.5
99999.6
99999.6
99999.8
99999.9
100000
99999.9
99999.9
99999.9
99999.7
99999.8
99999.9
100001
100003
100005
99992.1
100003
100005
99999
100003
99996.3
99997.5
99997.8
99998.1
99998.4
99998.5
99998.4
99998.4
99998.3
99997.9
99997.7
99996.8
100000
100003
100002
99996.5
99998.6
100006
99996.2
100004
99999.9
99999.9
99999.9
99999.8
99999.7
99999.7
99999.7
99999.7
99999.7
99999.8
99999.9
99999.9
99999.7
99995.2
100001
99999.9
99994.5
99999.8
99997.1
100001
99999.6
99999.7
99999.7
99999.7
99999.7
99999.7
99999.7
99999.7
99999.7
99999.7
99999.7
99999.7
99999.4
99995.2
99994.3
100001
99936.1
99995.4
99994.1
99999.7
100000
100000
100000
100000
100000
100000
100000
100000
100000
100000
100000
100000
99998.9
99999.8
99997.8
100000
99995.5
99984
99960.1
99999
100000
100000
100000
100000
100000
100000
100000
100000
100000
100000
100000
100000
99999
99999.2
100011
100000
99935.6
100010
100009
100002
100000
100000
100000
100000
100000
100000
100000
100000
100000
100000
100000
99999.9
99998.3
100005
100004
99999.2
100015
99894.6
100022
99995.3
100000
99999.8
100000
100000
100000
100000
100000
100000
100000
100000
100000
100000
99998.5
100005
99997.9
100007
99971.9
99876.4
99893.1
99950.1
99998.5
99999.8
100000
100000
100000
100000
100000
100000
100000
100000
100000
100000
100001
100001
100000
100006
99904.5
100033
99934
99994.7
99998.2
99999.9
99999.9
100000
100000
100000
100000
100000
100000
100000
100000
100000
100003
100000
100000
100003
100093
100078
100031
99990.5
99999.7
100000
100000
100000
100000
100000
100000
100000
100000
100000
100000
99999.9
100003
100001
100001
100000
100122
100120
100045
99965.6
100001
100000
100000
100000
100000
100000
100000
100000
100000
100000
100000
100000
100001
100001
100001
100000
100076
100084
100103
100089
100001
99999.3
99999.4
99999.4
99999.4
99999.4
99999.4
99999.4
99999.4
99999.4
99999.4
99999.9
100001
100000
100000
100000
100183
100180
100118
100052
100012
100009
100006
100005
100004
100004
100004
100004
100004
100005
100007
100008
100041
100057
100066
100047
100015
100009
100011
99999.3
100003
100002
100001
100001
100001
100001
100001
100001
100001
100001
100001
100003
100001
100003
100006
100001
100021
99992.4
100001
100003
100001
99999.9
99999.8
100000
100000
100000
100000
100000
99999.9
99999.9
99999.9
100000
99999.2
99998.3
99996.9
100000
100009
99998.8
100005
100001
100000
99999.9
100000
100000
100000
100000
99999.9
99999.9
99999.9
99999.9
99999.9
99999.8
99999.7
99999.9
99999.1
100001
99983.7
100012
100012
99999.4
99999.9
99999.9
100000
100000
99999.9
99999.8
99999.8
99999.8
99999.9
99999.8
99999.9
99999.6
99999.9
99999.7
100000
100005
99987
100013
100010
99996.5
99999.5
99999.7
99999.8
99999.8
99999.7
99999.8
99999.8
99999.8
99999.9
99999.8
99999.8
99999.7
100000
100000
100001
100005
100007
99990.5
100001
99995.6
99999.3
99999.6
99999.7
99999.7
99999.8
99999.9
99999.9
99999.9
99999.9
99999.8
99999.8
99999.9
100001
100001
100005
99993.2
100009
99990
99999.3
99998.6
99999.5
99999.7
99999.7
99999.8
99999.9
99999.9
99999.9
99999.9
99999.9
99999.8
99999.8
99999.9
100001
100003
100005
99992
100003
100006
99999.3
100003
99996.7
99997.9
99998.1
99998.4
99998.6
99998.7
99998.6
99998.6
99998.6
99998.2
99998
99997.2
100000
100003
100002
99996.7
99998.6
100008
99997.1
100004
100000
100000
100000
99999.9
99999.8
99999.8
99999.8
99999.8
99999.9
100000
100000
100000
99999.8
99995.3
100001
100000
99996.2
100000
99997.9
100001
99999.6
99999.6
99999.7
99999.7
99999.7
99999.7
99999.7
99999.7
99999.7
99999.7
99999.7
99999.7
99999.5
99995.1
99993.9
100001
99934.2
99997.8
99995.8
99999.7
100000
100000
100000
100000
100000
100000
100000
100000
100000
100000
100000
100000
99999
99999.6
99998.3
100000
100003
99989.4
99957.2
99999.1
100000
100000
100000
100000
100000
100000
100000
100000
100000
100000
100000
100000
99999.1
99999.4
100011
99999.7
99930.4
100012
100010
100003
100000
100000
100000
100000
100000
100000
100000
100000
100000
100000
100000
99999.8
99998.5
100005
100004
99999.5
100016
99879.1
100032
99998
99999.9
99999.9
100000
100000
100000
100000
100000
100000
100000
100000
100000
100000
99998.7
100005
99998.3
100007
99970.3
99865
99885.3
99948.5
99997.9
99999.9
99999.9
100000
100000
100000
100000
100000
100000
100000
100000
100000
100001
100001
100000
100006
99892.7
100039
99921.8
99993.1
99996.3
99999.7
99999.9
99999.9
99999.9
99999.9
99999.9
99999.9
99999.9
99999.9
100000
100000
100003
100000
100000
100002
100106
100092
100034
99992.9
99998
100000
100000
100000
100000
100000
100000
100000
100000
100000
100000
99999.8
100003
100001
100001
100000
100123
100125
100052
99966.8
100001
100000
100000
100000
100000
100000
100000
100000
100000
100000
100000
100000
100001
100001
100001
100000
100075
100083
100106
100093
100002
99999.5
99999.8
99999.7
99999.7
99999.7
99999.7
99999.7
99999.7
99999.7
99999.7
100000
100001
100000
100000
100000
100144
100136
100086
100039
100010
100007
100005
100003
100003
100003
100003
100003
100003
100004
100005
100006
100031
100043
100050
100036
100011
100005
100008
99999.3
100003
100001
100001
100000
100001
100001
100001
100001
100001
100001
100001
100002
100000
100001
100003
100000
100017
99990.4
100001
100003
100000
99999.9
99999.8
100000
100000
100000
100000
100000
99999.9
99999.9
99999.9
100000
99998.8
99997.9
99996.7
100000
100006
99999.5
100004
100001
100000
99999.9
100000
100000
100000
100000
99999.9
99999.9
99999.9
99999.9
99999.9
99999.8
99999.8
99999.8
99999.2
100002
99986.4
100013
100010
99999.2
99999.9
99999.9
100000
100000
99999.9
99999.9
99999.9
99999.9
99999.9
99999.9
99999.9
99999.7
99999.9
99999.7
100000
100005
99985.8
100013
100009
99996.4
99999.6
99999.8
99999.8
99999.8
99999.8
99999.8
99999.8
99999.9
99999.9
99999.8
99999.8
99999.7
100000
100000
100001
100004
100009
99990.9
100001
99995.8
99999.4
99999.7
99999.7
99999.8
99999.8
99999.9
99999.9
99999.9
99999.9
99999.8
99999.8
99999.9
100001
100001
100005
99993.6
100011
99989.4
99999.4
99998.7
99999.5
99999.7
99999.8
99999.9
99999.9
100000
99999.9
99999.9
99999.9
99999.8
99999.9
99999.9
100000
100003
100005
99991.7
100002
100008
99999.5
100004
99997.5
99998.4
99998.6
99998.8
99999
99999
99999
99999
99998.9
99998.6
99998.5
99997.9
100000
100003
100002
99996.9
99999
100010
99997.9
100004
100000
100000
100000
100000
100000
100000
100000
100000
100000
100000
100000
100000
99999.8
99995.4
100000
100000
99997.8
100001
99998.6
100001
99999.5
99999.6
99999.7
99999.7
99999.7
99999.7
99999.7
99999.7
99999.7
99999.7
99999.7
99999.7
99999.6
99994.8
99993.2
100001
99929.8
99999.9
99997.5
99999.7
100000
100000
99999.9
100000
100000
100000
100000
100000
100000
100000
99999.9
100000
99999.2
99999.4
99998.9
99999.9
100013
99994.4
99950.8
99999.2
100000
100000
100000
100000
100000
100000
100000
100000
100000
100000
100000
100000
99999.1
99999.6
100011
99999.1
99920.6
100014
100011
100003
100000
100000
100000
100000
100000
100000
100000
100000
100000
100000
99999.9
99999.8
99998.8
100006
100003
99999.8
100017
99854.1
100047
100001
99999.7
99999.9
100000
100000
100000
100000
100000
100000
100000
100000
99999.9
100000
99999
100006
99998.8
100007
99967.4
99844.5
99869.8
99943.4
99997.6
99999.9
99999.9
99999.9
99999.9
99999.9
99999.9
99999.9
99999.9
99999.9
99999.9
100000
100001
100001
100000
100006
99873.2
100050
99902.9
99990.2
99994.8
99999.7
99999.8
99999.9
99999.9
99999.9
99999.9
99999.9
99999.9
99999.9
99999.9
99999.9
100003
100000
100000
100002
100126
100114
100040
99994
99996.2
99999.9
100000
100000
100000
100000
100000
100000
100000
100000
100000
99999.7
100003
100001
100001
100000
100126
100139
100063
99966.8
100001
100000
100000
100000
100000
100000
100000
100000
100000
100000
100000
100000
100001
100001
100000
100000
100074
100083
100113
100103
100003
99999.7
100000
99999.9
99999.9
99999.9
99999.9
99999.9
99999.9
99999.9
99999.9
100000
100001
100000
100000
100000
100103
100090
100053
100025
100007
100005
100003
100002
100002
100002
100002
100002
100002
100002
100004
100004
100021
100029
100033
100023
100008
99999.3
100003
99999.1
100001
100001
100000
100000
100000
100000
100000
100000
100000
100000
100000
100001
99999.5
99999.9
100001
99998.6
100012
99988.4
100001
100003
100000
99999.9
99999.9
100000
100000
100000
100000
100000
99999.9
100000
99999.9
100000
99998.4
99997.2
99996.4
99999.7
100003
100000
100003
100001
100000
99999.9
100000
100000
100000
100000
100000
99999.9
99999.9
99999.9
99999.9
99999.9
99999.9
99999.7
99999.2
100002
99989.3
100014
100007
99998.9
100000
99999.9
100000
100000
99999.9
99999.9
99999.9
99999.9
99999.9
99999.9
99999.9
99999.8
99999.8
99999.6
100000
100004
99985.1
100012
100008
99996.1
99999.8
99999.9
99999.9
99999.9
99999.9
99999.9
99999.9
99999.9
99999.9
99999.9
99999.9
99999.8
100000
100000
100001
100003
100012
99991.6
100001
99995.5
99999.6
99999.8
99999.8
99999.9
99999.9
99999.9
99999.9
100000
100000
99999.9
99999.9
99999.9
100000
100001
100004
99993.8
100013
99988.8
99999.6
99998.9
99999.6
99999.8
99999.8
99999.9
100000
100000
100000
99999.9
99999.9
99999.9
99999.9
99999.9
100000
100003
100005
99991.3
100001
100009
99999.7
100005
99998.6
99999.1
99999.2
99999.3
99999.4
99999.4
99999.4
99999.4
99999.4
99999.2
99999.1
99998.8
100000
100003
100002
99997.5
99999.6
100011
99998.7
100004
100000
100000
100000
100000
100000
100000
100000
100000
100000
100000
100000
100000
99999.8
99995.5
100000
100000
99999
100001
99999
100000
99999.5
99999.6
99999.6
99999.7
99999.7
99999.7
99999.7
99999.7
99999.7
99999.7
99999.7
99999.7
99999.7
99994.2
99992.4
100001
99927.1
100001
99998.7
99999.6
100000
100000
99999.9
100000
100000
100000
100000
100000
100000
100000
99999.9
100000
99999.4
99999.2
99999.3
99999.5
100021
99998.6
99946.2
99999.3
100000
100000
100000
100000
100000
100000
100000
100000
100000
100000
100000
99999.9
99999.3
99999.8
100011
99997.9
99919.5
100016
100012
100003
100000
100000
100000
100000
100000
100000
100000
100000
100000
99999.9
99999.9
99999.8
99999.1
100007
100003
99999.7
100018
99843.1
100058
100004
99999.6
99999.9
100000
100000
100000
100000
100000
100000
100000
99999.9
99999.9
100000
99999.3
100007
99999.3
100007
99968.1
99839.7
99867.7
99943.3
99997.3
99999.9
99999.9
99999.9
99999.9
99999.9
99999.9
99999.9
99999.9
99999.9
99999.9
100000
100001
100001
100000
100006
99863.8
100056
99891.7
99989
99994.2
99999.6
99999.8
99999.9
99999.9
99999.9
99999.9
99999.9
99999.9
99999.9
99999.9
99999.9
100004
100000
100000
100001
100132
100125
100041
99994.6
99995
99999.9
100000
100000
100000
100000
100000
100000
100000
100000
100000
99999.7
100003
100000
100001
100000
100115
100144
100064
99968.7
100000
100001
100001
100000
100000
100000
100000
100000
100000
100000
100000
100000
100000
100000
100000
100000
100075
100093
100117
100104
100004
99999.8
100000
100000
100000
100000
100000
100000
100000
100000
100000
100000
100000
100000
100000
100000
100049
100039
100020
100011
100004
100003
100002
100001
100001
100001
100001
100001
100001
100001
100002
100002
100010
100014
100015
100011
100003
99997.1
99996.7
99999.2
100000
99999.8
99999.9
99999.9
99999.9
99999.9
99999.9
99999.9
99999.9
99999.9
99999.9
100000
99999
99999.1
99999.2
99997.5
100006
99992.5
100001
100002
100000
100000
100000
100000
100000
100000
100000
100000
100000
100000
100000
100000
99998.7
99997.9
99997.4
99999.4
100000
100001
100002
100001
100000
100000
100000
100000
100000
100000
100000
100000
100000
100000
100000
100000
100000
99999.7
99999.1
100001
99993.6
100009
100004
99999.3
100000
100000
100000
100000
100000
100000
100000
100000
100000
100000
100000
99999.9
99999.8
99999.5
99999.9
100004
99990.9
100007
100005
99997.2
99999.9
99999.9
100000
100000
99999.9
100000
100000
100000
100000
100000
100000
99999.9
99999.9
99999.9
100001
100002
100008
99995.1
100001
99997.1
99999.8
99999.9
99999.9
99999.9
100000
100000
100000
100000
100000
100000
100000
100000
100000
100000
100003
99996.6
100008
99993.3
99999.8
99999.4
99999.8
99999.9
99999.9
100000
100000
100000
100000
100000
100000
100000
100000
100000
100000
100002
100004
99995.2
100000
100006
99999.9
100003
99999.7
99999.8
99999.8
99999.8
99999.9
99999.9
99999.9
99999.9
99999.9
99999.8
99999.8
99999.7
100000
100002
100001
99999.1
99999.9
100007
99999.5
100003
100000
100000
100000
100000
100000
100000
100000
100000
100000
100000
100000
100000
99999.9
99997.3
99999.9
100000
99999.9
100001
99999.4
99999.8
99999.5
99999.7
99999.7
99999.7
99999.7
99999.7
99999.7
99999.7
99999.8
99999.8
99999.8
99999.7
99999.8
99996.4
99995.3
100000
99966.4
100001
99999.5
99999.5
100000
100000
100000
100000
100000
100000
100000
100000
100000
100000
100000
100000
99999.8
99999.5
99999.7
99999
100013
100000
99974.7
99999.4
100000
100000
100000
100000
100000
100000
100000
100000
100000
100000
100000
100000
99999.7
100000
100008
99997.6
99967.7
100009
100006
100002
100000
100000
100000
100000
100000
100000
100000
100000
100000
100000
100000
99999.8
99999.6
100004
100002
99999.4
100009
99935.6
100028
100004
99999.7
99999.9
100000
100000
100000
100000
100000
100000
100000
100000
100000
100000
99999.7
100005
99999.9
100005
99987
99934.4
99944.7
99976.2
99998.5
99999.9
99999.9
100000
100000
100000
100000
100000
100000
100000
99999.9
100000
100000
100001
100000
100004
99938.8
100026
99952.4
99995.8
99997.1
99999.8
99999.9
99999.9
99999.9
99999.9
99999.9
99999.9
99999.9
99999.9
99999.9
99999.9
100003
100000
100000
100000
100055
100056
100017
99998.2
99997.2
100000
100000
100000
100000
100000
100000
100000
100000
100000
100000
99999.8
100002
100000
100000
100000
100046
100065
100024
99986.1
99999.8
100000
100000
100000
100000
100000
100000
100000
100000
100000
100000
100000
100000
100000
100000
100000
100039
100052
100056
100045
100002
99999.9
100000
100000
100000
100000
100000
100000
100000
100000
100000
100000
100000
100000
100000
100000
)
;

boundaryField
{
    aeration
    {
        type            fixedFluxPressure;
        gradient        nonuniform List<scalar> 
500
(
31.1996
25.055
25.5026
25.36
25.3067
25.2832
25.3284
25.4175
25.5562
25.7445
25.9826
26.268
26.5961
26.9646
27.3731
27.8225
28.3153
28.8552
29.4476
30.0906
30.8112
31.5247
32.586
32.682
41.1358
35.3243
30.6767
30.9534
30.5056
30.284
29.9927
29.7294
29.4634
29.2189
29.0545
29.1103
29.4504
29.9498
30.4958
31.0499
31.6107
32.1906
32.8082
33.4862
34.23
35.0817
35.9551
37.1453
37.8959
44.1267
45.8465
41.2706
41.3872
40.7106
40.3495
39.8846
39.4751
39.0899
38.7617
38.5266
38.4458
38.5729
38.9022
39.373
39.9262
40.522
41.145
41.7929
42.4812
43.2122
44.033
44.8729
46.3043
47.9129
53.6434
66.6131
57.4682
56.9996
55.4121
54.4259
53.4685
52.6685
52.0248
51.5174
51.1307
50.8653
50.7224
50.7049
50.8173
51.06
51.4254
51.908
52.5104
53.2495
54.143
55.2217
56.4176
58.0177
59.1801
69.198
96.7271
87.737
88.6784
88.389
88.3339
88.4201
88.6811
89.0654
89.537
90.0655
90.6344
91.2332
91.8535
92.4944
93.1553
93.8473
94.5885
95.3973
96.2917
97.2948
98.4822
99.819
101.783
101.521
115.693
477.036
465.001
478.959
488.693
500.236
511.427
522.875
534.477
546.408
558.836
571.916
585.683
599.991
614.564
629.103
642.974
656.261
669.064
681.44
693.351
705.086
715.703
730.928
729.918
785.317
694.326
722.756
757.587
785.266
815.979
844.319
871.847
897.563
921.489
943.146
961.796
976.264
986.316
993.601
1000.98
1015.12
1032.87
1051.64
1070.18
1087.62
1104.41
1117.96
1137.28
1139.42
1182.84
539.955
569.673
608.245
644.154
685.892
729.549
775.867
823.787
873.11
923.045
972.392
1020.62
1067.3
1108.98
1145.68
1177.99
1206.61
1231.75
1255.3
1277.37
1299.84
1318
1340.7
1351.96
1380.88
250.383
251.603
265.024
276.135
289.128
302.683
317.22
332.359
349.399
367.863
387.126
406.569
425.869
445.367
464.88
484.316
503.613
522.682
541.544
559.957
578.552
595.54
615.815
627.52
659.908
415.859
430.272
462.377
493.33
529.176
567.75
609.667
653.969
702.467
753.503
805.35
856.777
907.021
955.168
1000.57
1042.86
1081.87
1117.54
1150.21
1179.56
1207.22
1230.27
1256.56
1270.46
1309.55
189.48
186.11
193.939
199.569
206.178
212.875
220.013
227.259
235.51
244.424
253.726
263.342
273.231
283.386
293.664
304.07
314.595
325.21
335.903
346.581
357.471
367.742
380.106
387.105
408.705
176.372
172.087
178.909
183.61
189.119
194.729
200.66
206.719
213.52
220.942
228.764
236.734
244.944
253.444
262.009
270.672
279.465
288.378
297.406
306.471
315.774
324.597
335.306
341.424
360.279
178.432
175.178
181.834
186.287
191.541
196.775
202.22
207.601
213.635
220.183
226.958
233.883
240.954
248.191
255.445
262.753
270.145
277.621
285.204
292.786
300.657
307.939
317.237
322.066
337.59
197.674
198.851
205.803
209.924
215.09
219.763
224.5
229.417
234.613
240.04
245.708
251.523
257.412
263.334
269.256
275.161
281.054
286.931
292.83
298.633
304.728
310.049
317.785
320.413
332.581
182.924
181.796
186.884
189.285
192.421
195.155
197.968
200.768
203.664
206.723
209.992
213.429
216.957
220.517
224.061
227.584
231.087
234.575
238.061
241.525
245.107
248.365
253.545
253.967
267.175
130.822
124.734
126.766
127.079
127.762
128.522
129.475
130.568
131.781
133.089
134.47
135.901
137.373
138.892
140.468
142.111
143.836
145.656
147.59
149.651
151.944
154.303
158.065
158.523
172.562
77.3494
69.0305
68.7477
67.6129
66.7998
66.0906
65.5477
65.0762
64.7104
64.4604
64.3576
64.4335
64.6998
65.1365
65.7125
66.4048
67.2037
68.1118
69.1436
70.3183
71.695
73.1836
75.4659
76.1601
86.5113
64.5662
56.991
57.5338
57.0677
56.7122
56.3274
55.9707
55.6253
55.3087
55.0599
54.9648
55.1359
55.5889
56.2233
56.9528
57.7447
58.5988
59.5281
60.5533
61.6892
62.9864
64.314
66.3329
66.8773
76.3738
57.9309
51.629
52.1162
51.6355
51.3363
50.995
50.6812
50.3738
50.0872
49.8652
49.8163
50.0685
50.5837
51.2157
51.8949
52.6032
53.3425
54.1383
55.0255
56.0351
57.221
58.4718
60.2869
60.9444
69.2326
64.4376
55.5057
56.0237
55.5956
55.1382
54.7352
54.4177
54.1484
53.966
53.8752
53.8827
53.9941
54.2116
54.5345
54.9654
55.508
56.1714
56.9673
57.904
58.9883
60.2584
61.6349
63.958
65.9084
76.7017
)
;
        value           nonuniform List<scalar> 
500
(
100096
100189
100241
100284
100323
100354
100378
100396
100408
100414
100416
100414
100407
100396
100381
100363
100342
100316
100288
100256
100221
100183
100144
100103
100049
100076
100161
100227
100282
100327
100363
100390
100410
100424
100431
100433
100430
100423
100412
100397
100378
100354
100327
100295
100260
100221
100180
100136
100090
100039
100042
100094
100139
100177
100210
100237
100259
100277
100289
100297
100301
100301
100297
100289
100278
100264
100246
100226
100203
100177
100148
100118
100086
100053
100020
100016
100033
100047
100061
100073
100085
100095
100103
100110
100115
100118
100120
100120
100119
100115
100110
100104
100096
100087
100076
100064
100052
100039
100025
100011
100008
100014
100018
100022
100025
100027
100028
100030
100030
100030
100030
100029
100029
100027
100026
100025
100023
100021
100019
100017
100015
100012
100010
100007
100004
100005
100008
100011
100014
100016
100018
100019
100020
100021
100022
100022
100022
100021
100021
100020
100019
100018
100017
100015
100014
100012
100010
100008
100006
100003
100004
100007
100010
100012
100014
100015
100016
100017
100017
100018
100018
100017
100017
100016
100016
100015
100014
100013
100011
100010
100009
100007
100006
100004
100003
100004
100007
100009
100011
100013
100014
100014
100015
100015
100015
100015
100015
100014
100014
100013
100012
100011
100010
100009
100008
100007
100006
100005
100003
100002
100004
100007
100009
100011
100013
100014
100015
100015
100015
100015
100015
100015
100014
100013
100012
100011
100010
100009
100008
100007
100006
100005
100004
100002
100001
100004
100007
100010
100011
100013
100014
100014
100015
100015
100015
100015
100014
100013
100013
100012
100011
100010
100009
100008
100007
100006
100005
100004
100003
100002
100004
100007
100009
100011
100013
100014
100014
100015
100015
100015
100015
100014
100014
100013
100012
100011
100010
100009
100008
100007
100006
100005
100003
100002
100001
100004
100007
100010
100011
100013
100014
100015
100015
100015
100015
100015
100015
100014
100013
100012
100011
100010
100009
100008
100007
100006
100005
100003
100002
100001
100004
100007
100009
100011
100013
100014
100015
100015
100015
100015
100015
100015
100014
100013
100012
100012
100011
100009
100008
100007
100006
100005
100004
100002
100001
100003
100006
100008
100010
100012
100013
100014
100014
100015
100015
100015
100014
100014
100013
100013
100012
100011
100010
100009
100008
100006
100005
100004
100002
100001
100004
100007
100010
100012
100014
100016
100017
100018
100019
100019
100019
100019
100019
100018
100017
100016
100015
100014
100012
100011
100009
100007
100006
100004
100002
100005
100009
100012
100015
100017
100018
100020
100020
100021
100021
100021
100020
100020
100019
100018
100017
100016
100014
100013
100011
100010
100008
100006
100004
100002
100014
100029
100041
100052
100062
100070
100077
100082
100087
100090
100092
100092
100092
100090
100088
100084
100079
100073
100067
100059
100050
100041
100031
100021
100010
100022
100045
100062
100077
100091
100102
100111
100118
100123
100127
100128
100129
100128
100125
100121
100116
100109
100101
100092
100081
100070
100057
100044
100030
100014
100026
100054
100075
100094
100109
100122
100132
100140
100145
100148
100150
100150
100148
100145
100140
100134
100127
100118
100107
100095
100081
100066
100050
100033
100015
100021
100040
100054
100066
100077
100086
100094
100100
100105
100108
100110
100110
100109
100107
100103
100099
100093
100086
100077
100068
100058
100047
100036
100024
100011
)
;
    }
    xsides
    {
        type            fixedValue;
        value           uniform 100000;
    }
    zsides
    {
        type            fixedValue;
        value           uniform 100000;
    }
    outlet
    {
        type            fixedValue;
        value           uniform 100000;
    }
    semiConductor1
    {
        type            zeroGradient;
    }
    semiConductor1-shadow
    {
        type            zeroGradient;
    }
    semiConductor2
    {
        type            zeroGradient;
    }
    semiConductor2-shadow2
    {
        type            zeroGradient;
    }
}


// ************************************************************************* //
