/*--------------------------------*- C++ -*----------------------------------*\
| =========                 |                                                 |
| \\      /  F ield         | OpenFOAM: The Open Source CFD Toolbox           |
|  \\    /   O peration     | Version:  2.3.0                                 |
|   \\  /    A nd           | Web:      www.OpenFOAM.org                      |
|    \\/     M anipulation  |                                                 |
\*---------------------------------------------------------------------------*/
FoamFile
{
    version     2.0;
    format      ascii;
    class       volScalarField;
    location    "0.106";
    object      nut;
}
// * * * * * * * * * * * * * * * * * * * * * * * * * * * * * * * * * * * * * //

dimensions      [0 2 -1 0 0 0 0];

internalField   nonuniform List<scalar> 
545
(
7.62539
7.26139
6.68052
6.17942
5.83652
7.77305
7.27816
6.66274
6.14882
5.77922
8.02691
7.29177
6.6201
6.08534
5.67672
8.41077
7.2807
6.55166
5.99447
5.52002
8.97981
7.21814
6.47291
5.89709
5.29924
5.66128
5.5656
5.5352
5.52565
5.52268
5.52175
5.52147
5.52138
5.52135
5.52134
5.52134
5.52134
5.52134
5.52134
5.52134
5.52134
5.52134
5.52134
5.52134
5.52134
5.52134
5.52134
5.52134
5.52134
5.52134
5.52134
5.52134
5.52134
5.52134
5.52134
5.52134
5.52134
5.52134
5.52134
5.52134
5.52134
5.52134
5.52134
5.52134
5.52134
5.52134
5.52134
5.52134
5.52134
5.52134
5.61743
5.55218
5.53096
5.52432
5.52226
5.52163
5.52143
5.52137
5.52135
5.52134
5.52134
5.52134
5.52134
5.52134
5.52134
5.52134
5.52134
5.52134
5.52134
5.52134
5.52134
5.52134
5.52134
5.52134
5.52134
5.52134
5.52134
5.52134
5.52134
5.52134
5.52134
5.52134
5.52134
5.52134
5.52134
5.52134
5.52134
5.52134
5.52134
5.52134
5.52134
5.52134
5.52134
5.52134
5.52134
5.55362
5.52969
5.52375
5.52206
5.52156
5.52141
5.52136
5.52135
5.52134
5.52134
5.52134
5.52134
5.52134
5.52134
5.52134
5.52134
5.52134
5.52134
5.52134
5.52134
5.52134
5.52134
5.52134
5.52134
5.52134
5.52134
5.52134
5.52134
5.52134
5.52134
5.52134
5.52134
5.52134
5.52134
5.52134
5.52134
5.52134
5.52134
5.52134
5.52134
5.52134
5.52134
5.52134
5.52134
5.52134
5.47061
5.50345
5.51566
5.51957
5.52079
5.52117
5.52129
5.52132
5.52133
5.52134
5.52134
5.52134
5.52134
5.52134
5.52134
5.52134
5.52134
5.52134
5.52134
5.52134
5.52134
5.52134
5.52134
5.52134
5.52134
5.52134
5.52134
5.52134
5.52134
5.52134
5.52134
5.52134
5.52134
5.52134
5.52134
5.52134
5.52134
5.52134
5.52134
5.52134
5.52134
5.52134
5.52134
5.52134
5.52134
5.37385
5.48125
5.50924
5.51761
5.52018
5.52098
5.52123
5.5213
5.52133
5.52134
5.52134
5.52134
5.52134
5.52134
5.52134
5.52134
5.52134
5.52134
5.52134
5.52134
5.52134
5.52134
5.52134
5.52134
5.52134
5.52134
5.52134
5.52134
5.52134
5.52134
5.52134
5.52134
5.52134
5.52134
5.52134
5.52134
5.52134
5.52134
5.52134
5.52134
5.52134
5.52134
5.52134
5.52134
5.52134
5.38462
5.4745
5.50664
5.51678
5.51993
5.5209
5.5212
5.5213
5.52133
5.52134
5.52134
5.52134
5.52134
5.52134
5.52134
5.52134
5.52134
5.52134
5.52134
5.52134
5.52134
5.52134
5.52134
5.52134
5.52134
5.52134
5.52134
5.52134
5.52134
5.52134
5.52134
5.52134
5.52134
5.52134
5.52134
5.52134
5.52134
5.52134
5.52134
5.52134
5.52134
5.52134
5.52134
5.52134
5.52134
8.97981
7.21814
6.47291
5.89709
5.29924
8.41077
7.2807
6.55166
5.99447
5.52002
8.02691
7.29177
6.6201
6.08534
5.67672
7.77305
7.27816
6.66274
6.14882
5.77922
7.62539
7.26139
6.68052
6.17942
5.83652
5.37385
5.48125
5.50924
5.51761
5.52018
5.52098
5.52123
5.5213
5.52133
5.52134
5.52134
5.52134
5.52134
5.52134
5.52134
5.52134
5.52134
5.52134
5.52134
5.52134
5.52134
5.52134
5.52134
5.52134
5.52134
5.52134
5.52134
5.52134
5.52134
5.52134
5.52134
5.52134
5.52134
5.52134
5.52134
5.52134
5.52134
5.52134
5.52134
5.52134
5.52134
5.52134
5.52134
5.52134
5.52134
5.47061
5.50345
5.51566
5.51957
5.52079
5.52117
5.52129
5.52132
5.52133
5.52134
5.52134
5.52134
5.52134
5.52134
5.52134
5.52134
5.52134
5.52134
5.52134
5.52134
5.52134
5.52134
5.52134
5.52134
5.52134
5.52134
5.52134
5.52134
5.52134
5.52134
5.52134
5.52134
5.52134
5.52134
5.52134
5.52134
5.52134
5.52134
5.52134
5.52134
5.52134
5.52134
5.52134
5.52134
5.52134
5.55362
5.52969
5.52375
5.52206
5.52156
5.52141
5.52136
5.52135
5.52134
5.52134
5.52134
5.52134
5.52134
5.52134
5.52134
5.52134
5.52134
5.52134
5.52134
5.52134
5.52134
5.52134
5.52134
5.52134
5.52134
5.52134
5.52134
5.52134
5.52134
5.52134
5.52134
5.52134
5.52134
5.52134
5.52134
5.52134
5.52134
5.52134
5.52134
5.52134
5.52134
5.52134
5.52134
5.52134
5.52134
5.61743
5.55218
5.53096
5.52432
5.52226
5.52163
5.52143
5.52137
5.52135
5.52134
5.52134
5.52134
5.52134
5.52134
5.52134
5.52134
5.52134
5.52134
5.52134
5.52134
5.52134
5.52134
5.52134
5.52134
5.52134
5.52134
5.52134
5.52134
5.52134
5.52134
5.52134
5.52134
5.52134
5.52134
5.52134
5.52134
5.52134
5.52134
5.52134
5.52134
5.52134
5.52134
5.52134
5.52134
5.52134
5.66128
5.5656
5.5352
5.52565
5.52268
5.52175
5.52147
5.52138
5.52135
5.52134
5.52134
5.52134
5.52134
5.52134
5.52134
5.52134
5.52134
5.52134
5.52134
5.52134
5.52134
5.52134
5.52134
5.52134
5.52134
5.52134
5.52134
5.52134
5.52134
5.52134
5.52134
5.52134
5.52134
5.52134
5.52134
5.52134
5.52134
5.52134
5.52134
5.52134
5.52134
5.52134
5.52134
5.52134
5.52134
)
;

boundaryField
{
    AirInlet
    {
        type            fixedValue;
        value           uniform 0;
    }
    WaterInlet
    {
        type            fixedValue;
        value           uniform 0;
    }
    ChannelWall
    {
        type            fixedValue;
        value           uniform 0;
    }
    Outlet
    {
        type            calculated;
        value           nonuniform List<scalar> 
11
(
5.52134
5.52134
5.52134
5.52134
5.52134
5.52134
5.52134
5.52134
5.52134
5.52134
5.52134
)
;
    }
    FrontAndBack
    {
        type            empty;
    }
}


// ************************************************************************* //
