/*--------------------------------*- C++ -*----------------------------------*\
| =========                 |                                                 |
| \\      /  F ield         | OpenFOAM: The Open Source CFD Toolbox           |
|  \\    /   O peration     | Version:  2.3.0                                 |
|   \\  /    A nd           | Web:      www.OpenFOAM.org                      |
|    \\/     M anipulation  |                                                 |
\*---------------------------------------------------------------------------*/
FoamFile
{
    version     2.0;
    format      ascii;
    class       volScalarField;
    location    "0.284";
    object      k;
}
// * * * * * * * * * * * * * * * * * * * * * * * * * * * * * * * * * * * * * //

dimensions      [0 2 -2 0 0 0 0];

internalField   nonuniform List<scalar> 
545
(
167391
159401
146649
135649
128121
170632
159769
146259
134977
126863
176205
160068
145323
133584
124613
184631
159825
143821
131589
121174
197122
158451
142092
129451
116327
124273
122172
121503
121293
121227
121205
121198
121195
121194
121193
121192
121191
121190
121190
121189
121188
121188
121187
121186
121186
121185
121185
121184
121184
121183
121183
121182
121182
121181
121181
121181
121180
121180
121180
121179
121179
121179
121179
121179
121179
121178
121178
121178
121178
121178
123311
121877
121410
121264
121218
121203
121197
121195
121194
121193
121192
121191
121190
121190
121189
121188
121188
121187
121186
121186
121185
121185
121184
121183
121183
121183
121182
121182
121181
121181
121181
121180
121180
121180
121179
121179
121179
121179
121179
121178
121178
121178
121178
121178
121178
121910
121384
121252
121214
121202
121198
121196
121195
121194
121193
121192
121191
121190
121190
121189
121188
121188
121187
121186
121186
121185
121185
121184
121183
121183
121183
121182
121182
121181
121181
121181
121180
121180
121180
121179
121179
121179
121179
121179
121178
121178
121178
121178
121178
121178
120088
120807
121074
121159
121185
121193
121194
121194
121193
121193
121192
121191
121190
121190
121189
121188
121188
121187
121186
121186
121185
121185
121184
121183
121183
121183
121182
121182
121181
121181
121181
121180
121180
121180
121179
121179
121179
121179
121179
121178
121178
121178
121178
121178
121178
117964
120320
120934
121116
121172
121188
121193
121194
121193
121193
121192
121191
121190
121190
121189
121188
121188
121187
121186
121186
121185
121185
121184
121183
121183
121183
121182
121182
121181
121181
121181
121180
121180
121180
121179
121179
121179
121179
121179
121178
121178
121178
121178
121178
121178
118200
120172
120877
121098
121166
121187
121192
121194
121193
121193
121192
121191
121190
121190
121189
121188
121188
121187
121186
121186
121185
121185
121184
121183
121183
121183
121182
121182
121181
121181
121181
121180
121180
121180
121179
121179
121179
121179
121179
121178
121178
121178
121178
121178
121178
197122
158451
142092
129451
116327
184631
159825
143821
131589
121174
176205
160068
145323
133584
124613
170632
159769
146259
134977
126863
167391
159401
146649
135649
128121
117964
120320
120934
121116
121172
121188
121193
121194
121193
121193
121192
121191
121190
121190
121189
121188
121188
121187
121186
121186
121185
121185
121184
121183
121183
121183
121182
121182
121181
121181
121181
121180
121180
121180
121179
121179
121179
121179
121179
121178
121178
121178
121178
121178
121178
120088
120807
121074
121159
121185
121193
121194
121194
121193
121193
121192
121191
121190
121190
121189
121188
121188
121187
121186
121186
121185
121185
121184
121183
121183
121183
121182
121182
121181
121181
121181
121180
121180
121180
121179
121179
121179
121179
121179
121178
121178
121178
121178
121178
121178
121910
121384
121252
121214
121202
121198
121196
121195
121194
121193
121192
121191
121190
121190
121189
121188
121188
121187
121186
121186
121185
121185
121184
121183
121183
121183
121182
121182
121181
121181
121181
121180
121180
121180
121179
121179
121179
121179
121179
121178
121178
121178
121178
121178
121178
123311
121877
121410
121264
121218
121203
121197
121195
121194
121193
121192
121191
121190
121190
121189
121188
121188
121187
121186
121186
121185
121185
121184
121183
121183
121183
121182
121182
121181
121181
121181
121180
121180
121180
121179
121179
121179
121179
121179
121178
121178
121178
121178
121178
121178
124273
122172
121503
121293
121227
121205
121198
121195
121194
121193
121192
121191
121190
121190
121189
121188
121188
121187
121186
121186
121185
121185
121184
121184
121183
121183
121182
121182
121181
121181
121181
121180
121180
121180
121179
121179
121179
121179
121179
121179
121178
121178
121178
121178
121178
)
;

boundaryField
{
    AirInlet
    {
        type            fixedValue;
        value           uniform 0.1;
    }
    WaterInlet
    {
        type            fixedValue;
        value           uniform 0.1;
    }
    ChannelWall
    {
        type            fixedValue;
        value           uniform 0.1;
    }
    Outlet
    {
        type            inletOutlet;
        inletValue      uniform 0.1;
        value           nonuniform List<scalar> 
11
(
121178
121178
121178
121178
121178
121178
121178
121178
121178
121178
121178
)
;
    }
    FrontAndBack
    {
        type            empty;
    }
}


// ************************************************************************* //
