/*--------------------------------*- C++ -*----------------------------------*\
| =========                 |                                                 |
| \\      /  F ield         | OpenFOAM: The Open Source CFD Toolbox           |
|  \\    /   O peration     | Version:  2.3.0                                 |
|   \\  /    A nd           | Web:      www.OpenFOAM.org                      |
|    \\/     M anipulation  |                                                 |
\*---------------------------------------------------------------------------*/
FoamFile
{
    version     2.0;
    format      ascii;
    class       volScalarField;
    location    "0.05";
    object      rho;
}
// * * * * * * * * * * * * * * * * * * * * * * * * * * * * * * * * * * * * * //

dimensions      [1 -3 0 0 0 0 0];

internalField   nonuniform List<scalar> 
6000
(
870.645
874.409
873.79
873.813
876.283
878.446
880.963
881.412
882.841
882.758
883.859
883.283
883.805
883.296
883.52
883.521
883.301
883.826
883.292
883.881
882.776
882.858
881.427
880.975
878.453
876.286
873.824
873.802
874.426
870.644
870.618
872.24
872.333
873.878
873.971
875.534
875.627
877.207
877.299
878.896
878.99
880.539
880.698
881.934
882.421
882.424
881.944
880.7
880.553
878.992
878.897
877.3
877.208
875.628
875.534
873.972
873.878
872.333
872.239
870.617
885.858
911.848
907.33
898.436
888.868
882.984
881.1
881.057
881.546
882.021
882.502
882.877
883.26
883.541
883.804
883.816
883.553
883.272
882.889
882.514
882.032
881.556
881.067
881.113
883.008
888.912
898.482
907.357
911.867
885.875
936.761
1003.13
1002.56
983.743
955.692
933.467
921.699
917.194
915.954
915.797
915.914
916.073
916.214
916.32
916.391
916.404
916.332
916.223
916.084
915.925
915.808
915.965
917.212
921.74
933.561
955.876
983.959
1002.69
1003.13
936.702
1016.67
1110.69
1124.87
1102.95
1060.83
1020.85
994.705
981.39
975.912
974.098
973.708
973.793
973.989
974.168
974.266
974.273
974.172
973.99
973.798
973.717
974.111
975.934
981.436
994.806
1021.07
1061.29
1103.61
1125.42
1110.75
1016.3
1103.03
1199.81
1224.37
1208.39
1167.89
1121.91
1085.67
1063.07
1051.5
1046.49
1044.67
1044.22
1044.25
1044.4
1044.49
1044.49
1044.39
1044.25
1044.22
1044.69
1046.51
1051.55
1063.17
1085.84
1122.22
1168.52
1209.55
1225.57
1200.46
1102.56
1179.05
1259.92
1279.53
1266.48
1238.67
1204.5
1171.14
1145.4
1129.33
1120.82
1116.85
1115.23
1114.68
1114.55
1114.53
1114.53
1114.54
1114.67
1115.24
1116.88
1120.86
1129.41
1145.5
1171.26
1204.65
1238.9
1267.21
1280.73
1261.57
1179.9
1238.34
1296.04
1300.72
1282.52
1264.5
1247.57
1227.47
1207.59
1192.16
1182.22
1176.62
1173.76
1172.41
1171.83
1171.61
1171.61
1171.82
1172.41
1173.77
1176.65
1182.26
1192.21
1207.62
1227.41
1247.31
1263.84
1281.38
1300.68
1297.76
1241.45
1277.61
1312.72
1302.17
1280.07
1266.7
1260.08
1251.03
1240.06
1229.39
1221.01
1215.38
1212.01
1210.15
1209.2
1208.81
1208.81
1209.2
1210.14
1212.01
1215.39
1221.01
1229.38
1239.97
1250.79
1259.54
1265.59
1278.08
1301.21
1313.5
1280.99
1299.88
1312.98
1296.28
1273.15
1266.06
1262.21
1257.46
1251.72
1245.48
1239.76
1235.32
1232.3
1230.44
1229.4
1228.95
1228.95
1229.4
1230.42
1232.29
1235.31
1239.74
1245.42
1251.58
1257.2
1261.74
1265.06
1269.63
1293.59
1313.73
1302.23
1310.22
1310.73
1283.13
1266.85
1265.84
1262.98
1259.39
1255.58
1251.63
1247.84
1244.66
1242.3
1240.73
1239.81
1239.39
1239.39
1239.8
1240.71
1242.27
1244.63
1247.79
1251.55
1255.47
1259.23
1262.71
1265.18
1265.55
1278.05
1307.84
1311.72
1309.58
1297.32
1272.52
1267.7
1266.77
1263.78
1260.51
1257.48
1254.59
1251.9
1249.62
1247.86
1246.65
1245.91
1245.57
1245.56
1245.9
1246.63
1247.84
1249.58
1251.86
1254.54
1257.43
1260.47
1263.79
1266.56
1266.5
1267.16
1291.95
1310.08
1302.57
1286.46
1274.67
1272.1
1268.69
1264.63
1261.42
1258.83
1256.55
1254.53
1252.88
1251.62
1250.73
1250.17
1249.91
1249.9
1250.16
1250.7
1251.59
1252.85
1254.51
1256.54
1258.85
1261.54
1265.07
1269.42
1271.51
1269.68
1278.07
1300.34
1294.09
1288.01
1283.11
1277.24
1269.62
1264.9
1261.98
1259.72
1257.88
1256.41
1255.24
1254.37
1253.76
1253.38
1253.19
1253.19
1253.37
1253.74
1254.35
1255.23
1256.42
1257.95
1259.85
1262.33
1265.92
1272.23
1279.25
1278.8
1278.5
1285.12
1294.44
1297.47
1290.75
1276.66
1268.88
1264.72
1262.03
1260.11
1258.63
1257.64
1256.86
1256.3
1255.92
1255.68
1255.56
1255.56
1255.67
1255.91
1256.3
1256.88
1257.69
1258.76
1260.36
1262.58
1265.96
1272.61
1285.96
1293.08
1285.58
1285.56
1302.48
1302.79
1278.55
1268.41
1266.69
1264.09
1261.95
1260.26
1259.08
1258.39
1257.88
1257.54
1257.31
1257.17
1257.1
1257.1
1257.16
1257.3
1257.54
1257.91
1258.46
1259.25
1260.59
1262.56
1265.6
1271
1283.82
1303.53
1303.26
1285.98
1315.38
1292.48
1264.93
1264.61
1264.27
1263.31
1261.8
1260.42
1259.55
1258.97
1258.61
1258.38
1258.23
1258.15
1258.12
1258.12
1258.16
1258.24
1258.39
1258.65
1259.05
1259.7
1260.76
1262.34
1264.46
1266.62
1264.74
1290.93
1319.31
1296.77
1316.6
1265.6
1265.24
1264.93
1264.58
1263.12
1261.68
1260.66
1260.04
1259.56
1259.27
1259.1
1259.01
1258.97
1258.95
1258.95
1258.97
1259.02
1259.12
1259.3
1259.62
1260.11
1260.86
1261.85
1262.74
1262.19
1262.51
1262.68
1319
1321.99
1289.56
1265.92
1265.58
1268.9
1267.4
1263.44
1261.57
1260.89
1260.5
1260.02
1259.85
1259.76
1259.72
1259.71
1259.71
1259.71
1259.71
1259.73
1259.77
1259.87
1260.09
1260.51
1260.74
1261.18
1261.51
1261.85
1262.19
1262.46
1262.55
1334.39
1266.6
1266.26
1277.31
1286.12
1272.57
1263.95
1261.44
1260.67
1260.39
1260.39
1260.33
1260.3
1260.23
1260.25
1260.26
1260.26
1260.24
1260.24
1260.32
1260.32
1260.33
1260.29
1260.33
1260.53
1261.26
1262.38
1262.53
1262.77
1262.81
1320.09
1266.95
1277.95
1316.43
1297.47
1271.51
1263.85
1261.13
1260.19
1259.97
1260.07
1260.21
1260.35
1260.55
1260.62
1260.66
1260.66
1260.62
1260.54
1260.34
1260.19
1259.99
1259.8
1259.78
1260.12
1261.63
1266.35
1269.88
1263.11
1262.89
1269.11
1267.32
1325.11
1325.33
1266.42
1264.71
1262.31
1260.37
1259.58
1259.42
1259.55
1259.79
1260.02
1260.21
1260.34
1260.4
1260.4
1260.34
1260.2
1260
1259.75
1259.48
1259.27
1259.29
1259.86
1262.11
1270.95
1287.76
1283.83
1263.41
1263.88
1298.37
1332.36
1264.76
1256.08
1255.88
1259.51
1259.11
1258.81
1258.82
1259.01
1259.26
1259.51
1259.71
1259.85
1259.92
1259.92
1259.85
1259.71
1259.5
1259.24
1258.97
1258.77
1258.79
1259.42
1261.67
1267.62
1291.11
1318.31
1291.7
1264.3
1344.76
1331.52
1255.99
1255.84
1255.58
1256.46
1257.68
1257.93
1258.18
1258.46
1258.75
1259.02
1259.22
1259.37
1259.44
1259.44
1259.37
1259.23
1259.02
1258.76
1258.47
1258.22
1258.14
1258.48
1259.64
1257.92
1256.27
1318.43
1338.44
1269.88
1345.15
1255.6
1255.73
1255.56
1255.25
1254.92
1256.38
1257.02
1257.49
1257.9
1258.25
1258.54
1258.77
1258.91
1258.99
1258.99
1258.92
1258.77
1258.56
1258.27
1257.94
1257.59
1257.3
1257.13
1256.8
1253.61
1253.82
1253.8
1338.56
1324.66
1342.17
1255.88
1255.53
1255.25
1254.92
1254.59
1255.33
1256.16
1256.79
1257.31
1257.73
1258.06
1258.3
1258.46
1258.54
1258.54
1258.46
1258.31
1258.07
1257.75
1257.35
1256.89
1256.38
1255.74
1254.49
1253.31
1253.58
1253.78
1311.29
1346.52
1311.32
1256.2
1255.86
1256.22
1254.76
1254.26
1254.6
1255.42
1256.13
1256.71
1257.18
1257.54
1257.81
1257.98
1258.06
1258.06
1257.98
1257.82
1257.56
1257.2
1256.74
1256.17
1255.48
1254.55
1252.83
1252.99
1253.3
1253.46
1253.66
1346.4
1259.79
1256.52
1268.74
1260.5
1252.45
1253.93
1254.11
1254.8
1255.5
1256.12
1256.62
1257.01
1257.29
1257.47
1257.56
1257.56
1257.47
1257.29
1257.01
1256.62
1256.11
1255.47
1254.67
1253.63
1252.33
1252.66
1252.98
1253.28
1253.64
1335.56
1260.17
1285.49
1268.28
1250.83
1250.49
1253.42
1253.59
1254.2
1254.9
1255.53
1256.05
1256.45
1256.75
1256.93
1257.02
1257.03
1256.94
1256.75
1256.45
1256.04
1255.5
1254.81
1253.96
1252.96
1252
1252.45
1254.5
1253.61
1253.95
1303.34
1291.04
1285.46
1250.85
1249.96
1250.22
1251.73
1252.87
1253.55
1254.28
1254.93
1255.47
1255.88
1256.18
1256.38
1256.47
1256.47
1256.38
1256.19
1255.88
1255.45
1254.88
1254.17
1253.32
1252.39
1251.68
1252.24
1257.25
1265.55
1254.27
1273.07
1324.94
1250.9
1248.58
1250.26
1249.94
1249.66
1251.98
1252.84
1253.63
1254.32
1254.88
1255.31
1255.61
1255.71
1255.81
1255.83
1255.76
1255.62
1255.3
1254.85
1254.27
1253.54
1252.68
1251.78
1251.14
1250.99
1252.87
1266.99
1277.76
1276.98
1321.85
1247.56
1250.3
1249.58
1249.68
1249.38
1251.05
1252.12
1253
1253.73
1254.31
1254.75
1255.06
1255.14
1255.24
1255.23
1255.12
1255.06
1254.74
1254.28
1253.68
1252.92
1252.04
1251.09
1250.27
1248.71
1249.02
1249.29
1286.82
1294.88
1307.65
1250
1248.95
1249.7
1249.39
1249.09
1250.23
1251.45
1252.42
1253.19
1253.8
1254.26
1254.58
1254.83
1254.93
1254.92
1254.81
1254.57
1254.24
1253.77
1253.14
1252.36
1251.43
1250.39
1249.32
1248.4
1248.72
1248.99
1249.12
1305.09
1279.89
1248.28
1249.71
1249.4
1249.09
1248.79
1249.6
1250.9
1251.94
1252.76
1253.39
1253.87
1254.2
1254.52
1254.62
1254.61
1254.5
1254.18
1253.84
1253.35
1252.71
1251.9
1250.92
1249.79
1248.59
1248.09
1248.4
1248.7
1249.02
1298.92
1248.42
1249.02
1250.06
1251.84
1248.87
1248.48
1249.16
1250.48
1251.57
1252.43
1253.09
1253.58
1253.92
1254.21
1254.31
1254.31
1254.19
1253.9
1253.55
1253.05
1252.38
1251.54
1250.51
1249.32
1248.08
1247.78
1248.96
1249.02
1249.34
1287.04
1249.02
1249.36
1266.52
1261.97
1249.32
1248.17
1248.87
1250.14
1251.25
1252.14
1252.83
1253.33
1253.68
1253.9
1254
1254
1253.88
1253.65
1253.3
1252.79
1252.11
1251.24
1250.16
1248.93
1247.7
1247.46
1251.32
1254.19
1249.65
1274.42
1249.02
1273.08
1290.54
1261.98
1249.33
1247.87
1248.57
1249.79
1250.9
1251.8
1252.5
1253.01
1253.36
1253.57
1253.67
1253.66
1253.55
1253.34
1252.99
1252.48
1251.8
1250.9
1249.8
1248.52
1247.32
1247.15
1253.52
1266.62
1255.49
1264.96
1250.01
1320.14
1290.72
1242.24
1248.32
1247.37
1248.13
1249.32
1250.42
1251.32
1252.01
1252.51
1252.84
1253.05
1253.14
1253.14
1253.04
1252.84
1252.51
1252.02
1251.35
1250.45
1249.33
1248.03
1246.82
1246.59
1248.18
1274.18
1277.42
1265.46
1304.48
1320.24
1241.4
1241.49
1246.22
1246.48
1247.48
1248.7
1249.78
1250.65
1251.3
1251.76
1252.07
1252.26
1252.35
1252.36
1252.27
1252.09
1251.79
1251.34
1250.7
1249.83
1248.72
1247.4
1246.11
1245.49
1240.57
1242.38
1300.74
1274.86
1330.52
1271.33
1241.37
1241.29
1241.84
1245.33
1246.69
1247.95
1249.01
1249.82
1250.42
1250.83
1251.1
1251.26
1251.34
1251.34
1251.28
1251.13
1250.87
1250.47
1249.88
1249.06
1247.98
1246.66
1245.23
1244.05
1240.36
1240.36
1300.75
1295.85
1330.37
1241.25
1241.22
1241.08
1240.83
1244.11
1245.84
1247.16
1248.18
1248.93
1249.46
1249.81
1250.03
1250.16
1250.23
1250.23
1250.18
1250.06
1249.85
1249.5
1248.98
1248.22
1247.18
1245.86
1244.29
1242.5
1240.13
1240.29
1270.38
1312.01
1312.56
1241.35
1241.07
1240.83
1240.56
1243.04
1245.02
1246.38
1247.38
1248.07
1248.54
1248.84
1249.02
1249.12
1249.17
1249.17
1249.13
1249.03
1248.86
1248.56
1248.1
1247.4
1246.41
1245.08
1243.38
1241.06
1239.89
1240.12
1240.07
1309.1
1287.78
1241.15
1240.86
1240.56
1240.28
1242.22
1244.28
1245.68
1246.65
1247.3
1247.72
1247.98
1248.12
1248.2
1248.23
1248.23
1248.2
1248.12
1247.98
1247.72
1247.31
1246.65
1245.7
1244.37
1242.57
1239.97
1239.64
1239.89
1240.05
1299.43
1271.96
1241.23
1240.9
1240.42
1239.98
1241.66
1243.65
1245.05
1246
1246.62
1247
1247.22
1247.34
1247.39
1247.41
1247.41
1247.39
1247.33
1247.21
1246.99
1246.61
1245.99
1245.06
1243.72
1241.87
1239.29
1239.37
1239.64
1239.91
1288
1264.82
1241.57
1246.57
1241.15
1239.69
1241.28
1243.12
1244.48
1245.4
1245.99
1246.35
1246.54
1246.64
1246.68
1246.69
1246.69
1246.68
1246.63
1246.53
1246.33
1245.97
1245.38
1244.47
1243.14
1241.28
1238.93
1239.09
1239.37
1239.66
1278.94
1266.38
1249.99
1250.5
1241.2
1239.4
1240.95
1242.65
1243.95
1244.84
1245.4
1245.73
1245.9
1245.99
1246.02
1246.03
1246.03
1246.02
1245.98
1245.89
1245.71
1245.38
1244.82
1243.92
1242.61
1240.78
1238.63
1238.8
1239.86
1239.94
1272.76
1270.38
1254.13
1250.38
1240.43
1238.98
1240.53
1242.16
1243.43
1244.29
1244.83
1245.13
1245.29
1245.36
1245.39
1245.41
1245.41
1245.4
1245.37
1245.29
1245.12
1244.81
1244.27
1243.4
1242.11
1240.33
1238.34
1238.52
1241.98
1240.23
1270.13
1270.09
1253.24
1247.58
1238.93
1238.32
1240
1241.65
1242.91
1243.75
1244.26
1244.55
1244.69
1244.76
1244.79
1244.8
1244.81
1244.8
1244.78
1244.71
1244.55
1244.26
1243.74
1242.9
1241.63
1239.9
1237.99
1238.21
1243.32
1244.37
1270.22
1264.08
1262.93
1242.98
1236.78
1237.57
1239.43
1241.14
1242.4
1243.22
1243.71
1243.97
1244.11
1244.17
1244.2
1244.21
1244.22
1244.21
1244.19
1244.13
1243.99
1243.72
1243.22
1242.4
1241.15
1239.44
1237.54
1237.52
1243.2
1247.4
1270.28
1273.48
1273.76
1219.06
1235.42
1236.96
1238.91
1240.66
1241.91
1242.7
1243.17
1243.42
1243.54
1243.59
1243.62
1243.63
1243.63
1243.63
1243.62
1243.56
1243.44
1243.19
1242.72
1241.91
1240.67
1238.93
1236.94
1236.22
1242.09
1252.62
1268.76
1294.35
1252.56
1216.88
1234.77
1236.45
1238.5
1240.23
1241.45
1242.21
1242.64
1242.87
1242.97
1243.02
1243.04
1243.05
1243.05
1243.05
1243.04
1243
1242.89
1242.66
1242.21
1241.43
1240.18
1238.4
1236.26
1234.52
1220.48
1268.51
1272.01
1300.81
1216.26
1218.31
1233.08
1235.75
1238.07
1239.81
1240.99
1241.72
1242.13
1242.33
1242.42
1242.45
1242.46
1242.46
1242.47
1242.47
1242.46
1242.43
1242.34
1242.13
1241.71
1240.96
1239.73
1237.92
1235.7
1233.67
1215.94
1253.35
1283.55
1293.92
1217.7
1216.39
1228.8
1234.78
1237.56
1239.36
1240.53
1241.23
1241.61
1241.79
1241.86
1241.88
1241.89
1241.88
1241.88
1241.88
1241.88
1241.85
1241.78
1241.6
1241.21
1240.49
1239.29
1237.5
1235.14
1233.02
1216.62
1215.06
1294.27
1278.08
1216.51
1218.29
1223.55
1233.64
1236.95
1238.87
1240.05
1240.73
1241.08
1241.24
1241.3
1241.31
1241.31
1241.3
1241.3
1241.3
1241.3
1241.28
1241.22
1241.07
1240.71
1240.03
1238.86
1237.08
1234.47
1231.27
1214.8
1215.96
1292.64
1265.24
1218.2
1217.8
1221.03
1232.49
1236.28
1238.34
1239.55
1240.21
1240.55
1240.69
1240.74
1240.74
1240.74
1240.73
1240.72
1240.72
1240.72
1240.71
1240.67
1240.53
1240.21
1239.56
1238.42
1236.61
1233.68
1227.54
1215.95
1214.44
1283.93
1260.81
1217.69
1218.81
1221.77
1231.56
1235.62
1237.79
1239.03
1239.69
1240.01
1240.13
1240.17
1240.17
1240.17
1240.16
1240.15
1240.15
1240.16
1240.15
1240.11
1239.99
1239.7
1239.08
1237.95
1236.08
1232.77
1222.93
1215.01
1215.82
1269.86
1259.22
1218.81
1219.74
1223.68
1231.16
1235.07
1237.28
1238.51
1239.16
1239.46
1239.58
1239.61
1239.61
1239.6
1239.59
1239.59
1239.59
1239.59
1239.59
1239.56
1239.45
1239.17
1238.58
1237.45
1235.47
1231.71
1219.6
1216.48
1215.02
1258.61
1256.33
1219.19
1221.24
1225.85
1231.21
1234.68
1236.83
1238.02
1238.64
1238.92
1239.02
1239.05
1239.05
1239.04
1239.03
1239.03
1239.03
1239.04
1239.04
1239.01
1238.9
1238.64
1238.06
1236.91
1234.82
1230.69
1220.09
1216.47
1216.4
1255.24
1254.91
1219.58
1221.23
1227.45
1231.25
1234.39
1236.42
1237.56
1238.14
1238.4
1238.49
1238.51
1238.5
1238.49
1238.49
1238.49
1238.49
1238.5
1238.5
1238.47
1238.38
1238.13
1237.55
1236.39
1234.22
1230.01
1221.64
1217.46
1216.47
1254.46
1255.85
1219.86
1220.3
1227.74
1231.18
1234.08
1236.02
1237.12
1237.67
1237.91
1237.98
1237.99
1237.99
1237.98
1237.97
1237.97
1237.98
1237.99
1237.99
1237.98
1237.89
1237.65
1237.08
1235.93
1233.76
1229.91
1223.83
1220.66
1217.14
1252.03
1259.2
1220.33
1220.39
1227.75
1230.87
1233.71
1235.61
1236.7
1237.23
1237.45
1237.51
1237.52
1237.51
1237.5
1237.5
1237.5
1237.51
1237.52
1237.53
1237.53
1237.45
1237.22
1236.66
1235.52
1233.41
1229.98
1226.04
1221.35
1217.57
1252.47
1267.18
1228.75
1220.24
1227.71
1230.5
1233.29
1235.18
1236.26
1236.79
1237
1237.06
1237.07
1237.06
1237.06
1237.06
1237.06
1237.08
1237.09
1237.1
1237.1
1237.03
1236.81
1236.25
1235.12
1233.07
1229.9
1226.95
1221.52
1222.64
1259.83
1276.37
1239.6
1216.3
1226.43
1230.09
1232.83
1234.7
1235.78
1236.31
1236.52
1236.59
1236.61
1236.61
1236.61
1236.61
1236.62
1236.63
1236.64
1236.65
1236.65
1236.58
1236.35
1235.8
1234.67
1232.65
1229.66
1226.95
1222.43
1243.2
1275.75
1276.25
1224.18
1212.26
1222.39
1229.6
1232.32
1234.17
1235.22
1235.74
1235.96
1236.04
1236.07
1236.08
1236.09
1236.1
1236.1
1236.11
1236.12
1236.12
1236.11
1236.04
1235.81
1235.27
1234.15
1232.14
1229.27
1226.28
1221
1251.62
1283.81
1270.88
1212.12
1211.68
1219.16
1229.06
1231.79
1233.57
1234.58
1235.08
1235.29
1235.37
1235.41
1235.43
1235.44
1235.45
1235.45
1235.45
1235.45
1235.45
1235.43
1235.36
1235.16
1234.65
1233.57
1231.68
1229
1223.53
1209.81
1219.01
1270.79
1261.41
1211.86
1211.99
1214.61
1228.54
1231.27
1232.93
1233.87
1234.31
1234.5
1234.57
1234.61
1234.62
1234.63
1234.63
1234.63
1234.63
1234.63
1234.62
1234.6
1234.55
1234.38
1233.94
1232.98
1231.3
1228.89
1219.89
1209.31
1209.82
1259.96
1250.07
1212.14
1211.86
1212.13
1227.21
1230.68
1232.3
1233.13
1233.49
1233.63
1233.68
1233.69
1233.7
1233.7
1233.7
1233.7
1233.69
1233.69
1233.68
1233.68
1233.65
1233.53
1233.18
1232.36
1230.81
1228.48
1212.51
1209.69
1209.58
1250.69
1238.57
1212.05
1212.07
1211.97
1225.34
1230.16
1231.64
1232.37
1232.66
1232.74
1232.75
1232.74
1232.72
1232.72
1232.7
1232.7
1232.7
1232.7
1232.71
1232.72
1232.72
1232.65
1232.39
1231.68
1230.32
1226.78
1209.81
1209.6
1209.81
1240.1
1228.19
1212.39
1212.05
1212.32
1224.03
1229.77
1231.03
1231.63
1231.83
1231.86
1231.82
1231.78
1231.76
1231.72
1231.72
1231.71
1231.72
1231.74
1231.77
1231.79
1231.82
1231.79
1231.59
1231.01
1229.87
1224.93
1209.84
1209.85
1209.9
1228.05
1223.73
1212.51
1212.44
1212.14
1223.21
1229.15
1230.38
1230.89
1231.04
1231.02
1230.97
1230.91
1230.88
1230.86
1230.83
1230.87
1230.84
1230.87
1230.89
1230.93
1230.97
1230.96
1230.81
1230.31
1229.16
1223.46
1210.07
1209.9
1210.18
1224.1
1228.04
1212.68
1212.22
1212.33
1222.86
1228.33
1229.67
1230.17
1230.29
1230.27
1230.21
1230.07
1229.99
1229.98
1229.78
1229.78
1229.98
1229.99
1230.01
1230.18
1230.22
1230.22
1230.08
1229.57
1228.28
1223.17
1209.82
1210.14
1210.19
1229.51
1235.68
1212.42
1212.45
1214.53
1222.68
1227.68
1229.05
1229.56
1229.69
1229.66
1229.58
1229.57
1229.55
1229.51
1229.56
1229.54
1229.49
1229.51
1229.54
1229.53
1229.6
1229.62
1229.48
1228.97
1227.63
1222.7
1214.45
1209.86
1210.3
1237.15
1240.21
1212.68
1215
1218.53
1222.5
1227.22
1228.6
1229.14
1229.3
1229.38
1229.37
1229.37
1229.35
1229.32
1229.37
1229.36
1229.29
1229.32
1229.35
1229.33
1229.33
1229.27
1229.1
1228.57
1227.22
1222.51
1218.3
1216.24
1210.07
1240.36
1240.18
1212.5
1221.07
1218.94
1221.96
1226.73
1228.27
1228.89
1229.1
1229.19
1229.18
1229.17
1229.16
1229.13
1229.17
1229.15
1229.11
1229.12
1229.15
1229.13
1229.14
1229.07
1228.88
1228.27
1226.77
1222.09
1218.73
1221.51
1210.41
1240.66
1236.09
1226.96
1230.3
1219.36
1220.7
1226.15
1227.97
1228.71
1228.96
1228.99
1228.98
1228.98
1228.96
1228.93
1228.97
1228.96
1228.92
1228.92
1228.95
1228.93
1228.94
1228.92
1228.69
1227.97
1226.18
1220.72
1219.06
1229.96
1226.59
1235.97
1236.26
1286.52
1260.14
1223.35
1220.89
1225.54
1227.6
1228.41
1228.69
1228.75
1228.75
1228.75
1228.7
1228.74
1228.75
1228.73
1228.72
1228.71
1228.71
1228.71
1228.72
1228.66
1228.39
1227.58
1225.53
1220.91
1222.89
1259.69
1286.83
1236.12
1266.43
1304.26
1296.3
1229.63
1221.84
1225.05
1226.98
1227.81
1228.05
1228.11
1228.1
1228.13
1228.12
1228.2
1228.08
1228.08
1228.19
1228.1
1228.11
1228.11
1228.1
1228.04
1227.78
1226.94
1225.01
1221.68
1229.63
1298.28
1305.12
1264.26
1304.2
1304.2
1289.33
1226.75
1222.69
1224.47
1226.06
1226.75
1226.94
1226.97
1226.93
1226.96
1227.08
1226.85
1227.08
1227.09
1226.91
1227.06
1227.06
1226.97
1226.99
1226.93
1226.72
1226.02
1224.44
1222.72
1226.77
1291.09
1305.02
1304.11
1287.76
1201.56
1257.98
1221.78
1222.12
1223.44
1224.77
1225.29
1225.42
1225.4
1225.33
1225.37
1225.25
1225.37
1225.34
1225.37
1225.37
1225.42
1225.39
1225.37
1225.45
1225.41
1225.29
1224.74
1223.45
1222.21
1221.98
1257.76
1212.1
1290.7
1257.42
1142.56
1214.66
1219.04
1220.43
1221.97
1223.26
1223.69
1223.76
1223.71
1223.63
1223.67
1223.49
1223.7
1223.43
1223.46
1223.73
1223.55
1223.59
1223.68
1223.74
1223.76
1223.7
1223.27
1222
1220.5
1219.18
1214.06
1141.15
1257.57
1234.14
1142.49
1175.79
1217.44
1218.49
1220.47
1221.71
1222.12
1222.18
1222.09
1222.04
1221.95
1222.09
1221.82
1222
1221.99
1221.89
1221.95
1222
1222.05
1222.09
1222.18
1222.14
1221.75
1220.5
1218.47
1217.49
1174.24
1141.17
1234.37
1212.54
1141.19
1158.5
1216.24
1217.49
1219.43
1220.52
1220.84
1220.88
1220.8
1220.83
1220.63
1220.67
1220.55
1220.7
1220.68
1220.5
1220.63
1220.66
1220.78
1220.79
1220.86
1220.87
1220.55
1219.46
1217.44
1216.28
1157.26
1139.7
1213.04
1190.65
1142.16
1153.73
1214.89
1217.04
1218.7
1219.53
1219.79
1219.83
1219.73
1219.7
1219.58
1219.5
1219.62
1219.41
1219.42
1219.57
1219.57
1219.56
1219.64
1219.7
1219.82
1219.82
1219.56
1218.72
1217.03
1214.95
1154.02
1140.79
1190.91
1181.6
1139.89
1150.05
1213.43
1216.77
1218.38
1219.05
1219.21
1219.14
1219.1
1219.05
1219.01
1218.93
1218.95
1218.89
1218.9
1218.95
1218.94
1218.98
1219.02
1219.07
1219.17
1219.23
1219.09
1218.42
1216.8
1213.48
1151.64
1138.22
1180.83
1184.37
1142.16
1150.27
1211.3
1216.02
1217.73
1218.29
1218.41
1218.37
1218.36
1218.28
1218.32
1218.31
1218.3
1218.24
1218.23
1218.31
1218.28
1218.27
1218.3
1218.36
1218.4
1218.43
1218.31
1217.76
1216.07
1211.29
1151.86
1140.68
1183.79
1190.4
1140.19
1154.18
1209.71
1215.1
1217
1217.6
1217.79
1217.77
1217.74
1217.62
1217.63
1217.55
1217.24
1216.8
1216.78
1217.24
1217.52
1217.61
1217.67
1217.76
1217.8
1217.81
1217.61
1217.02
1215.14
1209.65
1155.76
1138.63
1189.97
1199.9
1142.21
1162.08
1207.93
1213.61
1215.82
1216.53
1216.61
1216.57
1216.46
1216.24
1215.97
1215.51
1214.87
1214.45
1214.44
1214.85
1215.47
1215.98
1216.26
1216.46
1216.58
1216.62
1216.53
1215.82
1213.61
1207.86
1163.49
1140.62
1199.69
1210.15
1140.02
1173.24
1206.49
1211.55
1213.77
1214.4
1214.64
1214.52
1214.15
1213.85
1213.56
1213.38
1213.37
1213.49
1213.49
1213.37
1213.37
1213.57
1213.82
1214.12
1214.49
1214.63
1214.39
1213.76
1211.53
1206.42
1174.57
1138.5
1209.86
1216.73
1142.8
1184.04
1206.21
1210.14
1212.49
1213.22
1213.34
1213.14
1212.98
1212.98
1213.02
1213.15
1213.22
1213.34
1213.35
1213.23
1213.15
1213.04
1212.98
1212.98
1213.12
1213.31
1213.19
1212.46
1210.1
1206.17
1185.14
1141.24
1216.64
1214.17
1144.54
1190.43
1205.48
1209.51
1211.41
1211.96
1212.1
1212.24
1212.38
1212.53
1212.67
1212.81
1212.96
1213.1
1213.09
1212.95
1212.8
1212.66
1212.51
1212.37
1212.23
1212.09
1211.95
1211.38
1209.47
1205.48
1191.39
1141.28
1213.93
1206.3
1163.52
1196.18
1205.16
1210.55
1212
1212.32
1212.29
1212.38
1212.53
1212.68
1212.9
1213.07
1213.13
1213.25
1213.24
1213.14
1213.08
1212.91
1212.68
1212.51
1212.37
1212.29
1212.32
1211.99
1210.52
1205.19
1196.78
1160.57
1206.04
1190.7
1159.62
1197.85
1203.26
1211.14
1212.52
1212.97
1213.17
1213.34
1213.5
1213.65
1213.7
1213.7
1213.79
1213.88
1213.94
1213.78
1213.69
1213.68
1213.65
1213.53
1213.35
1213.18
1212.98
1212.52
1211.1
1203.3
1198.05
1158.19
1190.3
1167.47
1151.83
1197.15
1198.45
1210.57
1212.36
1213.11
1213.47
1213.61
1213.68
1213.62
1213.74
1213.84
1214.07
1214.49
1214.46
1214.05
1213.84
1213.7
1213.62
1213.7
1213.63
1213.48
1213.12
1212.36
1210.56
1198.54
1197.15
1151.33
1167.49
1144.69
1145.15
1195.58
1193.48
1210.03
1212.63
1213.61
1213.87
1213.77
1213.6
1213.52
1213.61
1213.97
1214.52
1214.69
1214.68
1214.5
1213.94
1213.59
1213.51
1213.58
1213.78
1213.88
1213.62
1212.63
1210.05
1193.6
1195.56
1145.15
1144.51
1144.57
1144.29
1190.95
1188.42
1208.27
1211.65
1212.61
1212.68
1212.58
1212.68
1212.86
1213.05
1213.29
1213.31
1213.09
1213.09
1213.31
1213.3
1213.04
1212.88
1212.68
1212.6
1212.7
1212.62
1211.65
1208.28
1188.46
1190.73
1144.21
1144.44
1144.15
1144.54
1183.6
1182.43
1202.5
1206.64
1207.84
1208.2
1208.59
1209.06
1209.33
1209.25
1208.71
1207.74
1206.71
1206.74
1207.78
1208.78
1209.3
1209.38
1209.09
1208.61
1208.2
1207.85
1206.65
1202.52
1182.05
1182.65
1144.43
1143.9
1143.77
1143.68
1179.67
1181.24
1195.93
1200.45
1202.64
1203.7
1204.19
1203.97
1203.18
1201.77
1199.78
1198.1
1196.93
1196.98
1198.19
1199.89
1201.87
1203.22
1203.98
1204.18
1203.68
1202.64
1200.48
1196.03
1181.19
1179.67
1143.73
1143.7
1143.69
1143.71
1177.13
1185.47
1194.48
1198.34
1199.93
1200.07
1199.22
1197.05
1194.88
1192.98
1192.09
1192.18
1193.22
1193.23
1192.21
1192.13
1193.04
1194.92
1197.11
1199.24
1200.06
1199.92
1198.34
1194.5
1185.56
1179.03
1143.7
1143.7
1143.71
1143.39
1170.26
1189.07
1191.86
1195.04
1195.05
1193.31
1191.13
1189.02
1188.71
1189.32
1191.01
1193.17
1195.31
1195.3
1193.21
1190.97
1189.32
1188.68
1189.04
1191.14
1193.34
1195.07
1195.05
1191.81
1189.11
1173.3
1143.15
1143.71
1154.53
1144
1158.98
1186.91
1184.93
1187.2
1186.37
1185.58
1185.61
1186.54
1188.33
1191.03
1193.51
1196.15
1197.84
1197.88
1196.13
1193.55
1191
1188.34
1186.57
1185.62
1185.59
1186.38
1187.19
1184.87
1187
1159.86
1143.91
1153.22
1165.42
1143.37
1155.34
1183.16
1182.87
1183.05
1183.64
1184.7
1186.04
1188.24
1190.38
1191.98
1193.21
1193.81
1193.56
1193.65
1193.89
1193.42
1192.13
1190.53
1188.42
1186.11
1184.72
1183.67
1183.12
1182.94
1183.22
1153.97
1143.26
1164.74
1188.79
1144.56
1155.81
1181.52
1182.73
1183.97
1185.06
1186.03
1186.95
1187.73
1187.57
1186.04
1183.69
1180.13
1177.18
1177.33
1180.64
1184.45
1186.73
1188.12
1188.22
1187.37
1186.31
1185.29
1184.09
1182.81
1181.89
1154.43
1144.49
1188.52
1220.59
1143.54
1157.21
1176.83
1184.08
1184.29
1184.45
1183.63
1181.89
1179.03
1174.7
1170.15
1166.43
1162.96
1160.88
1160.92
1163.22
1167.02
1171.04
1175.62
1180.05
1182.74
1184.31
1184.92
1184.66
1184.38
1177.9
1156.17
1143.34
1220.33
1220.49
1146.13
1159.24
1165.83
1180.05
1178.7
1175.9
1171.82
1167.68
1163.71
1160.3
1158
1156.65
1155.61
1155.43
1155.43
1155.75
1156.65
1157.96
1160.21
1163.88
1168.17
1172.77
1176.68
1179.43
1180.71
1166.99
1158.71
1145.53
1220.18
1200.73
1153.92
1158.67
1157.53
1166.46
1164.14
1160.99
1158.16
1156.48
1155.48
1155.17
1155.06
1155.05
1155.07
1155
1154.93
1154.94
1154.98
1155.03
1155.15
1155.73
1156.77
1158.56
1161.2
1164.56
1166.9
1157.78
1158.21
1153.52
1200.46
1154
1153.97
1154.29
1154.2
1154.82
1154.58
1154.46
1154.53
1154.59
1154.7
1154.64
1154.78
1154.73
1154.84
1154.68
1154.67
1154.61
1154.51
1154.41
1154.3
1154.22
1154.11
1154.04
1154
1154.3
1154.7
1153.8
1153.8
1153.6
1153.64
1154.07
1153.99
1154.06
1154.11
1154.2
1154.26
1154.36
1154.42
1154.53
1154.59
1154.7
1154.63
1154.87
1154.67
1154.75
1154.64
1154.51
1154.41
1154.3
1154.22
1154.11
1154.04
1153.95
1153.91
1153.83
1153.8
1153.73
1153.71
1153.63
1153.72
1186.94
1163.71
1158.17
1154.2
1154.25
1154.36
1154.41
1154.53
1154.53
1154.69
1154.58
1154.87
1154.63
1155
1154.67
1154.71
1154.57
1154.44
1154.39
1154.27
1154.21
1154.09
1154.04
1153.95
1153.9
1153.83
1153.8
1156.61
1161.6
1183.87
1270.21
1247.51
1227.58
1165.76
1170.2
1170.95
1173.24
1172.54
1169.68
1164.36
1165.24
1166.27
1166.99
1169.64
1172
1171.18
1170.81
1170.1
1168.56
1167.72
1167.49
1170.73
1173.39
1171.92
1169.56
1169.33
1167.47
1233.72
1244.14
1274.14
1298.95
1299.99
1307.46
1269.91
1279.7
1279.74
1279.08
1276.66
1269.81
1259.78
1270.13
1272.97
1274.39
1279.9
1286.96
1285.12
1284.28
1278.77
1273.67
1271.8
1269.74
1270.18
1276.77
1274.13
1271.31
1278.64
1282.43
1307.67
1285.65
1291.36
1196.1
1282.27
1307.68
1307.7
1307.69
1307.7
1307.71
1307.71
1307.71
1307.72
1307.71
1307.72
1307.72
1307.72
1307.72
1307.72
1307.72
1307.72
1307.72
1307.72
1307.71
1307.72
1307.71
1307.71
1307.7
1307.7
1307.69
1307.69
1281.67
1192.59
783.83
1068.8
1225.78
1261.68
1252.24
1277.35
1292.05
1297.84
1307.48
1307.69
1307.7
1307.7
1307.7
1307.7
1307.7
1307.7
1307.7
1307.7
1307.7
1307.69
1307.7
1305.92
1303.4
1292.64
1285.12
1263.24
1254.85
1221.86
1078.5
792.917
328.513
568.409
784.082
885.738
932.827
983.203
1040.13
1066.37
1092.69
1110.25
1123.88
1128.03
1131.22
1138.29
1146.37
1143.67
1143.91
1135.55
1124.24
1120.82
1113.81
1090.82
1069.32
1039.42
1001.2
931.52
877.692
772.222
577.155
333.807
111.826
155.179
232.16
303.6
379.276
437.374
479.273
517.777
540.995
562.169
569.132
575.738
585.633
609.305
616.711
605.721
617.386
601.765
573.638
564.496
554.137
534.742
511.173
486.03
436.245
381.561
298.879
217.287
168.453
106.582
40.9853
32.9111
26.4039
34.7687
64.3975
81.9466
87.8156
101.077
109.071
116.961
113.825
115.964
121.599
135.974
140.189
132.995
140.919
131.621
116.636
111.723
107.798
104.102
98.5438
90.8601
73.9708
62.5026
34.4614
27.1761
35.3287
34.841
12.7995
14.1764
9.4708
4.82838
7.35706
6.76091
5.41888
5.97152
6.53071
7.22427
6.54621
6.65629
7.26709
8.99673
9.85548
8.87534
9.89392
8.46162
6.79111
6.29018
5.95805
5.86926
5.7127
5.40561
4.71898
5.53081
6.4689
9.88718
11.6971
9.22538
4.90962
9.37822
8.66398
4.80757
3.27922
2.06813
1.03192
0.747477
0.76338
0.772883
0.763404
0.769547
0.783129
0.831921
0.99743
1.01099
1.0012
0.801231
0.758831
0.762117
0.751584
0.752065
0.75698
1.13014
1.92438
3.03451
6.59559
9.62323
6.81837
3.25784
3.39321
7.65927
7.88103
4.84276
3.29675
2.08285
0.916155
0.730538
0.732094
0.730899
0.732327
0.732596
0.73411
0.746531
0.890514
0.941944
0.884721
0.74777
0.745507
0.747254
0.744781
0.747025
0.745279
0.940022
1.92072
3.16733
6.61972
9.10848
6.5345
3.32292
3.43142
6.54677
6.56052
4.55412
3.40176
1.99343
0.992804
0.743445
0.73343
0.735876
0.7334
0.737341
0.737558
0.753176
0.898068
0.948373
0.848966
0.749883
0.751928
0.748849
0.751612
0.748799
0.752755
0.988779
1.93503
3.38219
6.00827
7.76225
6.25815
3.73074
3.42646
5.08452
5.29976
4.44591
3.33984
1.83507
1.11896
0.799429
0.741341
0.735887
0.739904
0.73821
0.742796
0.764856
0.904471
0.923427
0.8307
0.757328
0.75521
0.756398
0.755148
0.756746
0.791428
1.10049
1.9141
3.27293
5.00808
5.93223
5.00775
3.67082
3.33961
4.52978
4.83234
4.00832
3.02894
1.98825
1.33596
0.947656
0.763191
0.74444
0.740544
0.745658
0.744903
0.770154
0.890022
0.922244
0.857545
0.75907
0.762947
0.75945
0.764365
0.783106
0.972529
1.34539
1.89139
3.18534
4.24521
4.48466
4.1974
3.28586
3.32625
3.95231
3.49874
3.25954
3.38581
2.56934
1.66095
0.976875
0.781073
0.75161
0.750119
0.745841
0.752008
0.771679
0.873772
0.968351
0.87972
0.768503
0.767676
0.76753
0.772234
0.865412
1.32941
1.74145
1.93652
2.98549
4.09836
4.07976
3.43838
2.61794
2.44385
2.50349
2.44492
3.28641
3.73343
3.16872
1.68684
0.976436
0.79361
0.762497
0.752113
0.756833
0.752703
0.760963
0.893562
0.978961
0.882922
0.773549
0.7736
0.773232
0.782589
0.871661
1.32257
2.04494
2.41911
2.90044
3.50591
3.96877
3.50304
2.35929
1.52866
2.06867
2.81749
3.53144
3.76261
3.04521
1.63626
1.01707
0.803177
0.767201
0.763522
0.758435
0.764185
0.766231
0.888323
0.985161
0.848639
0.780454
0.779353
0.780327
0.791531
0.842234
1.15743
1.95574
3.04263
3.28787
2.91732
2.95534
3.19878
2.38559
1.51974
2.44101
3.17527
3.54273
3.3381
2.58194
1.64385
1.0507
0.817757
0.771987
0.767958
0.771394
0.767413
0.781322
0.859996
0.949628
0.815613
0.78436
0.786806
0.787366
0.785244
0.805177
1.0881
1.79918
2.89949
3.31339
3.29402
2.3559
2.17351
1.86886
1.60256
2.55801
2.96603
2.76097
2.53269
2.35031
1.63131
1.05102
0.826845
0.784792
0.780001
0.784991
0.803262
0.801632
0.841069
0.911658
0.834866
0.794521
0.794095
0.78983
0.773964
0.803078
1.05288
1.65895
2.53
2.98689
3.19272
2.59111
1.74697
1.3343
1.54089
2.25839
2.09236
1.98372
2.32694
2.11802
1.51777
1.02289
0.827453
0.798988
0.788512
0.804907
0.828021
0.828048
0.849096
0.933318
0.867788
0.80123
0.80657
0.790822
0.78218
0.806018
1.01745
1.51022
2.1568
2.45653
2.45953
2.37104
1.91227
1.23416
1.30077
1.75466
1.77021
1.96931
2.0802
1.81566
1.33505
0.970133
0.822261
0.807215
0.801368
0.820054
0.837927
0.846993
0.869271
0.976836
0.918561
0.836394
0.827094
0.804979
0.79421
0.813512
0.975319
1.35676
1.85439
2.06693
1.90343
1.92643
1.81912
1.2574
1.13935
1.52706
1.7526
1.803
1.72958
1.48148
1.14215
0.915793
0.819744
0.806679
0.816786
0.833167
0.847639
0.857047
0.89696
1.03542
0.985289
0.895781
0.864484
0.823878
0.804378
0.825739
0.92957
1.19102
1.58266
1.75013
1.6664
1.65295
1.58902
1.18328
1.09688
1.34911
1.51412
1.48656
1.33764
1.17582
0.995077
0.881772
0.824353
0.806914
0.830663
0.852042
0.856195
0.864843
0.907152
1.08912
1.07647
0.987442
0.922296
0.854027
0.819489
0.839992
0.900526
1.03833
1.28411
1.42114
1.42753
1.42788
1.34941
1.11253
1.0911
1.17347
1.24958
1.20679
1.08518
1.00146
0.924627
0.869285
0.830764
0.822627
0.849909
0.875559
0.864435
0.867248
0.909184
1.16289
1.20135
1.09692
0.97872
0.87838
0.834079
0.855858
0.892613
0.949052
1.0449
1.12236
1.18773
1.22009
1.18157
1.09262
1.10405
1.09935
1.13203
1.08973
1.01116
0.951681
0.905536
0.869721
0.848036
0.838109
0.878264
0.902443
0.872531
0.866055
0.914338
1.31265
1.3239
1.15266
1.01206
0.896411
0.853493
0.869743
0.889654
0.913385
0.950077
0.997571
1.06933
1.12035
1.11467
1.10072
1.11995
1.0851
1.09314
1.05978
1.00471
0.948688
0.906325
0.881437
0.866983
0.883187
0.922553
0.927252
0.878581
0.872447
0.92412
1.53669
1.36843
1.16593
1.02944
0.922203
0.875994
0.868609
0.882256
0.904883
0.937093
0.984768
1.04811
1.09793
1.09766
1.11517
1.13241
1.09549
1.07912
1.05586
1.00854
0.957844
0.920346
0.904771
0.910958
0.942621
0.966496
0.940842
0.885249
0.875865
0.945404
1.66694
1.3718
1.16168
1.04002
0.942208
0.898776
0.871116
0.88291
0.913424
0.950905
1.00133
1.05635
1.0957
1.09836
1.12827
1.14095
1.11288
1.08407
1.058
1.01699
0.972582
0.945173
0.940408
0.957136
0.980617
0.98266
0.95287
0.891541
0.88333
0.988254
1.68152
1.32932
1.11035
1.03834
0.951503
0.912618
0.897345
0.908791
0.936657
0.975782
1.0261
1.07296
1.09576
1.10814
1.13813
1.14648
1.12712
1.10064
1.06866
1.03165
0.993245
0.968673
0.962296
0.976519
0.995685
0.996141
0.95731
0.900884
0.891369
1.06439
1.68969
1.21813
1.01664
1.01502
0.971912
0.935303
0.929212
0.948625
0.976035
1.01118
1.05427
1.08513
1.10051
1.12226
1.14482
1.14997
1.13673
1.11682
1.0859
1.04696
1.00895
0.983765
0.977028
0.986183
0.998443
0.994631
0.951506
0.911036
0.908459
1.17589
1.66667
1.08585
0.951461
0.983603
0.992439
0.977466
0.970731
0.992052
1.02206
1.05002
1.07451
1.09406
1.11443
1.13426
1.14911
1.15215
1.14303
1.12855
1.10291
1.06238
1.01611
0.989634
0.983487
0.982699
0.978467
0.966006
0.93399
0.921392
0.95166
1.30738
1.59625
1.01951
0.936306
0.970377
1.01144
1.0348
1.03368
1.03568
1.0582
1.07563
1.08899
1.10999
1.129
1.14223
1.15176
1.15353
1.14723
1.13666
1.11651
1.0804
1.03063
0.989188
0.980091
0.970817
0.948795
0.927754
0.914769
0.936219
1.03663
1.41978
1.49312
1.02091
0.94413
0.973815
1.03165
1.06602
1.0899
1.08419
1.08027
1.08697
1.10692
1.12613
1.13881
1.14724
1.1534
1.15442
1.15012
1.14244
1.1271
1.09842
1.05326
1.00522
0.971621
0.956887
0.939584
0.922438
0.919974
0.964651
1.15646
1.47568
1.41563
1.03729
0.961276
0.989044
1.05051
1.09701
1.12673
1.11658
1.09263
1.10326
1.12372
1.13686
1.14499
1.15042
1.1544
1.155
1.1521
1.14665
1.1364
1.12163
1.08708
1.03572
0.990247
0.958266
0.948867
0.937766
0.936385
1.01307
1.26011
1.49356
1.40695
1.06116
0.981535
1.01097
1.06812
1.12277
1.15181
1.12699
1.10241
1.12022
1.1351
1.14372
1.14896
1.15247
1.15502
1.15538
1.15347
1.1497
1.14333
1.14197
1.12682
1.07652
1.02179
0.979026
0.967248
0.958484
0.959972
1.05697
1.29776
1.50976
1.42456
1.0976
1.00828
1.03596
1.08509
1.13439
1.14993
1.11768
1.11586
1.13262
1.14258
1.14818
1.15154
1.1538
1.15541
1.15563
1.1544
1.15188
1.1481
1.15332
1.15473
1.11819
1.06095
1.00869
0.991931
0.989598
0.992329
1.07819
1.31438
1.52183
1.44479
1.14009
1.04052
1.06201
1.09718
1.12487
1.12087
1.11353
1.129
1.141
1.14749
1.15107
1.15321
1.15465
1.15566
1.15579
1.15502
1.15338
1.15083
1.15942
1.17188
1.14849
1.10064
1.04575
1.02484
1.03624
1.03616
1.09682
1.32177
1.52282
1.46574
1.17248
1.06889
1.08363
1.10039
1.1041
1.10651
1.12428
1.13866
1.14655
1.15069
1.15295
1.15429
1.15519
1.15581
1.1559
1.15543
1.1544
1.15244
1.15993
1.18139
1.17202
1.13482
1.09329
1.0714
1.09027
1.09409
1.11979
1.31536
1.50996
1.47763
1.19664
1.09196
1.09412
1.09713
1.09971
1.11801
1.13534
1.14509
1.15016
1.15275
1.15415
1.15498
1.15553
1.15591
1.15597
1.15569
1.15507
1.15377
1.1588
1.1822
1.18556
1.16024
1.12908
1.12038
1.14402
1.15703
1.15588
1.31015
1.48065
1.45829
1.20221
1.09963
1.09228
1.09821
1.11133
1.13066
1.14291
1.1493
1.15248
1.15406
1.1549
1.15541
1.15575
1.15597
1.15602
1.15585
1.1555
1.15474
1.15764
1.17412
1.18541
1.17487
1.15349
1.1484
1.1805
1.20379
1.21078
1.31114
1.42939
1.38797
1.1738
1.09137
1.08959
1.10618
1.12477
1.13972
1.14797
1.15201
1.15394
1.15488
1.15538
1.15568
1.15588
1.15602
1.15605
1.15596
1.15575
1.15528
1.15575
1.16366
1.17869
1.17448
1.16171
1.16924
1.20791
1.23342
1.25275
1.31081
1.35941
1.28049
1.1376
1.0975
1.10528
1.12114
1.13565
1.146
1.15127
1.15372
1.15484
1.15538
1.15567
1.15585
1.15597
1.15605
1.15607
1.15602
1.15591
1.15562
1.15497
1.15631
1.16985
1.1762
1.16583
1.17231
1.21638
1.25211
1.27874
1.30661
1.29324
1.2042
1.14035
1.12449
1.12901
1.13594
1.14368
1.15019
1.15336
1.15476
1.15538
1.15568
1.15585
1.15595
1.15602
1.15607
1.15609
1.15606
1.156
1.15585
1.15537
1.1543
1.16153
1.17909
1.1766
1.17484
1.19484
1.23633
1.28009
1.2962
1.26041
1.19632
1.16699
1.15714
1.1526
1.14743
1.14916
1.15285
1.15461
1.15537
1.1557
1.15586
1.15596
1.15602
1.15606
1.15608
1.1561
1.15608
1.15605
1.15598
1.15574
1.15493
1.15575
1.17872
1.19152
1.18533
1.17991
1.20573
1.25129
1.27831
1.26465
1.21523
1.19427
1.18274
1.16768
1.1546
1.15256
1.15442
1.15533
1.15572
1.15589
1.15597
1.15602
1.15606
1.15608
1.15609
1.1561
1.1561
1.15608
1.15605
1.15594
1.15556
1.15461
1.17091
1.20245
1.20053
1.19033
1.20098
1.23569
1.27125
1.2776
1.23237
1.20783
1.196
1.17444
1.15747
1.15441
1.15529
1.15573
1.15591
1.15599
1.15604
1.15606
1.15608
1.15609
1.1561
1.15611
1.15611
1.1561
1.15609
1.15604
1.15588
1.15533
1.1591
1.19614
1.20852
1.19937
1.19878
1.23317
1.26557
1.27284
1.22479
1.19905
1.19069
1.16944
1.15669
1.15531
1.15574
1.15593
1.15601
1.15605
1.15608
1.15609
1.1561
1.1561
1.1561
1.15611
1.15612
1.15611
1.15611
1.15609
1.15603
1.15582
1.15547
1.16942
1.19235
1.1896
1.18263
1.2106
1.23051
1.22404
1.18864
1.17351
1.16953
1.15923
1.15569
1.15577
1.15596
1.15603
1.15607
1.15609
1.1561
1.15611
1.15611
1.15611
1.1561
1.15611
1.15612
1.15612
1.15612
1.15612
1.15609
1.15602
1.15581
1.15638
1.16426
1.16643
1.16226
1.17214
1.1763
1.16842
1.15934
1.15709
1.15681
1.15579
1.15584
1.15599
1.15606
1.15609
1.1561
1.15611
1.15611
1.15612
1.15612
1.15611
1.15611
1.15612
1.15613
1.15613
1.15613
1.15613
1.15612
1.1561
1.15604
1.15588
1.15601
1.15627
1.15558
1.15597
1.1557
1.15485
1.15499
1.15544
1.15575
1.15592
1.15603
1.15608
1.1561
1.15612
1.15612
1.15612
1.15612
1.15612
1.15612
1.15612
1.15611
1.15612
1.15613
1.15613
1.15614
1.15614
1.15614
1.15613
1.15611
1.15607
1.156
1.15592
1.1558
1.15563
1.15552
1.15557
1.15576
1.15591
1.15601
1.15607
1.1561
1.15612
1.15613
1.15613
1.15613
1.15613
1.15613
1.15613
1.15613
1.15612
1.15611
1.15613
1.15613
1.15614
1.15614
1.15614
1.15614
1.15614
1.15614
1.15613
1.15611
1.15609
1.15606
1.15602
1.15599
1.156
1.15604
1.15608
1.15611
1.15612
1.15613
1.15614
1.15614
1.15614
1.15614
1.15614
1.15614
1.15614
1.15613
1.15613
1.15612
1.15613
1.15614
1.15614
1.15615
1.15615
1.15615
1.15615
1.15615
1.15615
1.15615
1.15614
1.15613
1.15612
1.15612
1.15612
1.15613
1.15614
1.15614
1.15615
1.15615
1.15615
1.15615
1.15615
1.15615
1.15615
1.15614
1.15614
1.15614
1.15613
1.15613
1.15614
1.15614
1.15615
1.15615
1.15615
1.15616
1.15616
1.15616
1.15616
1.15616
1.15616
1.15615
1.15615
1.15615
1.15615
1.15615
1.15615
1.15616
1.15616
1.15616
1.15616
1.15615
1.15615
1.15615
1.15615
1.15615
1.15615
1.15614
1.15614
1.15613
1.15614
1.15615
1.15615
1.15615
1.15616
1.15616
1.15616
1.15616
1.15616
1.15616
1.15616
1.15616
1.15616
1.15616
1.15616
1.15616
1.15616
1.15616
1.15616
1.15616
1.15616
1.15616
1.15616
1.15616
1.15616
1.15615
1.15615
1.15615
1.15614
1.15614
1.15614
1.15615
1.15616
1.15616
1.15616
1.15616
1.15616
1.15617
1.15617
1.15617
1.15617
1.15617
1.15617
1.15617
1.15617
1.15617
1.15617
1.15617
1.15617
1.15617
1.15616
1.15616
1.15616
1.15616
1.15616
1.15616
1.15616
1.15615
1.15615
1.15614
1.15615
1.15615
1.15616
1.15616
1.15616
1.15617
1.15617
1.15617
1.15617
1.15617
1.15617
1.15617
1.15617
1.15617
1.15617
1.15617
1.15617
1.15617
1.15617
1.15617
1.15617
1.15617
1.15617
1.15617
1.15616
1.15616
1.15616
1.15616
1.15615
1.15614
1.15615
1.15616
1.15616
1.15617
1.15617
1.15617
1.15617
1.15617
1.15617
1.15617
1.15618
1.15618
1.15618
1.15618
1.15618
1.15618
1.15617
1.15617
1.15617
1.15617
1.15617
1.15617
1.15617
1.15617
1.15617
1.15617
1.15616
1.15616
1.15615
1.15615
1.15615
1.15616
1.15616
1.15617
1.15617
1.15617
1.15617
1.15618
1.15618
1.15618
1.15618
1.15618
1.15618
1.15618
1.15618
1.15618
1.15618
1.15618
1.15618
1.15618
1.15618
1.15617
1.15617
1.15617
1.15617
1.15617
1.15617
1.15616
1.15616
1.15615
1.15615
1.15616
1.15617
1.15617
1.15617
1.15618
1.15618
1.15618
1.15618
1.15618
1.15618
1.15618
1.15618
1.15618
1.15618
1.15618
1.15618
1.15618
1.15618
1.15618
1.15618
1.15618
1.15618
1.15618
1.15617
1.15617
1.15617
1.15616
1.15616
1.15615
1.15615
1.15616
1.15617
1.15617
1.15618
1.15618
1.15618
1.15618
1.15618
1.15618
1.15618
1.15618
1.15618
1.15618
1.15618
1.15618
1.15618
1.15618
1.15618
1.15618
1.15618
1.15618
1.15618
1.15618
1.15618
1.15617
1.15617
1.15617
1.15616
1.15615
1.15615
1.15616
1.15617
1.15618
1.15618
1.15618
1.15618
1.15618
1.15619
1.15619
1.15619
1.15619
1.15619
1.15619
1.15619
1.15619
1.15619
1.15619
1.15619
1.15619
1.15618
1.15618
1.15618
1.15618
1.15618
1.15618
1.15617
1.15617
1.15616
1.15615
1.15616
1.15617
1.15617
1.15618
1.15618
1.15618
1.15618
1.15619
1.15619
1.15619
1.15619
1.15619
1.15619
1.15619
1.15619
1.15619
1.15619
1.15619
1.15619
1.15619
1.15619
1.15619
1.15619
1.15618
1.15618
1.15618
1.15618
1.15617
1.15616
1.15615
1.15616
1.15617
1.15617
1.15618
1.15618
1.15619
1.15619
1.15619
1.15619
1.15619
1.15619
1.15619
1.15619
1.15619
1.15619
1.15619
1.15619
1.15619
1.15619
1.15619
1.15619
1.15619
1.15619
1.15619
1.15618
1.15618
1.15618
1.15617
1.15617
1.15616
1.15616
1.15617
1.15618
1.15618
1.15618
1.15619
1.15619
1.15619
1.15619
1.15619
1.15619
1.15619
1.15619
1.15619
1.15619
1.15619
1.15619
1.15619
1.15619
1.15619
1.15619
1.15619
1.15619
1.15619
1.15619
1.15618
1.15618
1.15618
1.15617
1.15616
1.15616
1.15617
1.15618
1.15618
1.15619
1.15619
1.15619
1.15619
1.15619
1.15619
1.1562
1.1562
1.1562
1.1562
1.1562
1.1562
1.1562
1.1562
1.1562
1.15619
1.15619
1.15619
1.15619
1.15619
1.15619
1.15619
1.15618
1.15618
1.15617
1.15616
1.15617
1.15618
1.15618
1.15619
1.15619
1.15619
1.15619
1.15619
1.1562
1.1562
1.1562
1.1562
1.1562
1.1562
1.1562
1.1562
1.1562
1.1562
1.1562
1.1562
1.1562
1.1562
1.15619
1.15619
1.15619
1.15619
1.15618
1.15618
1.15617
1.15616
1.15617
1.15618
1.15618
1.15619
1.15619
1.15619
1.15619
1.1562
1.1562
1.1562
1.1562
1.1562
1.1562
1.1562
1.1562
1.1562
1.1562
1.1562
1.1562
1.1562
1.1562
1.1562
1.1562
1.15619
1.15619
1.15619
1.15619
1.15618
1.15618
1.15616
1.15617
1.15618
1.15618
1.15619
1.15619
1.15619
1.1562
1.1562
1.1562
1.1562
1.1562
1.1562
1.1562
1.1562
1.1562
1.1562
1.1562
1.1562
1.1562
1.1562
1.1562
1.1562
1.1562
1.1562
1.15619
1.15619
1.15619
1.15618
1.15618
1.15617
1.15617
1.15618
1.15619
1.15619
1.15619
1.1562
1.1562
1.1562
1.1562
1.1562
1.1562
1.1562
1.1562
1.1562
1.1562
1.1562
1.1562
1.1562
1.1562
1.1562
1.1562
1.1562
1.1562
1.1562
1.1562
1.15619
1.15619
1.15619
1.15618
1.15617
1.15617
1.15618
1.15619
1.15619
1.15619
1.1562
1.1562
1.1562
1.1562
1.1562
1.1562
1.1562
1.1562
1.1562
1.1562
1.1562
1.1562
1.1562
1.1562
1.1562
1.1562
1.1562
1.1562
1.1562
1.1562
1.15619
1.15619
1.15619
1.15618
1.15617
1.15617
1.15618
1.15619
1.15619
1.1562
1.1562
1.1562
1.1562
1.1562
1.1562
1.1562
1.1562
1.1562
1.1562
1.1562
1.1562
1.1562
1.1562
1.1562
1.1562
1.1562
1.1562
1.1562
1.1562
1.1562
1.1562
1.15619
1.15619
1.15618
1.15617
1.15617
1.15618
1.15619
1.15619
1.1562
1.1562
1.1562
1.1562
1.1562
1.1562
1.1562
1.1562
1.1562
1.15621
1.15621
1.15621
1.15621
1.1562
1.1562
1.1562
1.1562
1.1562
1.1562
1.1562
1.1562
1.1562
1.15619
1.15619
1.15618
1.15617
1.15617
1.15618
1.15619
1.15619
1.1562
1.1562
1.1562
1.1562
1.1562
1.1562
1.1562
1.1562
1.15621
1.15621
1.15621
1.15621
1.15621
1.15621
1.1562
1.1562
1.1562
1.1562
1.1562
1.1562
1.1562
1.1562
1.15619
1.15619
1.15618
1.15617
1.15616
1.15618
1.15619
1.15619
1.1562
1.1562
1.1562
1.1562
1.1562
1.1562
1.1562
1.1562
1.1562
1.15621
1.15621
1.15621
1.15621
1.15621
1.1562
1.1562
1.1562
1.1562
1.1562
1.1562
1.1562
1.1562
1.15619
1.15619
1.15618
1.15617
1.15616
1.15618
1.15619
1.15619
1.15619
1.1562
1.1562
1.1562
1.1562
1.1562
1.1562
1.1562
1.1562
1.1562
1.1562
1.1562
1.1562
1.1562
1.1562
1.1562
1.1562
1.1562
1.1562
1.1562
1.1562
1.1562
1.15619
1.15619
1.15618
1.15616
1.15616
1.15618
1.15618
1.15619
1.15619
1.1562
1.1562
1.1562
1.1562
1.1562
1.1562
1.1562
1.1562
1.1562
1.1562
1.1562
1.1562
1.1562
1.1562
1.1562
1.1562
1.1562
1.1562
1.1562
1.1562
1.15619
1.15619
1.15619
1.15618
1.15616
1.15615
1.15617
1.15618
1.15619
1.15619
1.15619
1.1562
1.1562
1.1562
1.1562
1.1562
1.1562
1.1562
1.1562
1.1562
1.1562
1.1562
1.1562
1.1562
1.1562
1.1562
1.1562
1.1562
1.1562
1.1562
1.15619
1.15619
1.15618
1.15617
1.15616
1.15615
1.15617
1.15618
1.15618
1.15619
1.15619
1.15619
1.1562
1.1562
1.1562
1.1562
1.1562
1.1562
1.1562
1.1562
1.1562
1.1562
1.1562
1.1562
1.1562
1.1562
1.1562
1.1562
1.15619
1.15619
1.15619
1.15619
1.15618
1.15617
1.15615
1.15614
1.15616
1.15617
1.15618
1.15619
1.15619
1.15619
1.15619
1.15619
1.15619
1.1562
1.1562
1.1562
1.1562
1.1562
1.1562
1.1562
1.1562
1.1562
1.1562
1.1562
1.15619
1.15619
1.15619
1.15619
1.15619
1.15618
1.15618
1.15617
1.15615
1.15614
1.15616
1.15617
1.15618
1.15618
1.15618
1.15619
1.15619
1.15619
1.15619
1.15619
1.15619
1.15619
1.15619
1.15619
1.15619
1.15619
1.15619
1.15619
1.15619
1.15619
1.15619
1.15619
1.15619
1.15619
1.15618
1.15618
1.15617
1.15616
1.15614
1.15614
1.15616
1.15617
1.15617
1.15618
1.15618
1.15618
1.15618
1.15619
1.15619
1.15619
1.15619
1.15619
1.15619
1.15619
1.15619
1.15619
1.15619
1.15619
1.15619
1.15619
1.15619
1.15619
1.15618
1.15618
1.15618
1.15617
1.15617
1.15616
1.15614
1.15613
1.15615
1.15616
1.15617
1.15617
1.15618
1.15618
1.15618
1.15618
1.15618
1.15618
1.15618
1.15618
1.15619
1.15619
1.15619
1.15619
1.15619
1.15618
1.15618
1.15618
1.15618
1.15618
1.15618
1.15618
1.15617
1.15617
1.15616
1.15615
1.15613
1.15613
1.15615
1.15616
1.15616
1.15617
1.15617
1.15617
1.15618
1.15618
1.15618
1.15618
1.15618
1.15618
1.15618
1.15618
1.15618
1.15618
1.15618
1.15618
1.15618
1.15618
1.15618
1.15618
1.15617
1.15617
1.15617
1.15616
1.15616
1.15615
1.15613
1.15613
1.15614
1.15615
1.15616
1.15616
1.15617
1.15617
1.15617
1.15617
1.15617
1.15617
1.15617
1.15617
1.15618
1.15618
1.15618
1.15618
1.15618
1.15618
1.15617
1.15617
1.15617
1.15617
1.15617
1.15617
1.15616
1.15616
1.15615
1.15614
1.15613
1.15612
1.15614
1.15615
1.15615
1.15616
1.15616
1.15616
1.15616
1.15617
1.15617
1.15617
1.15617
1.15617
1.15617
1.15617
1.15617
1.15617
1.15617
1.15617
1.15617
1.15617
1.15617
1.15617
1.15616
1.15616
1.15616
1.15615
1.15615
1.15614
1.15612
1.15612
1.15613
1.15614
1.15614
1.15615
1.15615
1.15615
1.15616
1.15616
1.15616
1.15616
1.15616
1.15616
1.15616
1.15616
1.15616
1.15616
1.15616
1.15616
1.15616
1.15616
1.15616
1.15616
1.15616
1.15615
1.15615
1.15615
1.15614
1.15613
1.15612
1.1561
1.15612
1.15613
1.15614
1.15614
1.15614
1.15615
1.15615
1.15615
1.15615
1.15615
1.15616
1.15616
1.15616
1.15616
1.15616
1.15616
1.15616
1.15616
1.15616
1.15615
1.15615
1.15615
1.15615
1.15615
1.15614
1.15614
1.15613
1.15612
1.1561
1.1561
1.15611
1.15612
1.15613
1.15613
1.15614
1.15614
1.15614
1.15614
1.15615
1.15615
1.15615
1.15615
1.15615
1.15615
1.15615
1.15615
1.15615
1.15615
1.15615
1.15615
1.15615
1.15614
1.15614
1.15614
1.15614
1.15613
1.15612
1.15612
1.1561
1.15608
1.1561
1.15611
1.15612
1.15612
1.15613
1.15613
1.15613
1.15613
1.15614
1.15614
1.15614
1.15614
1.15614
1.15614
1.15614
1.15614
1.15614
1.15614
1.15614
1.15614
1.15614
1.15614
1.15613
1.15613
1.15613
1.15612
1.15611
1.1561
1.15608
1.15607
1.15609
1.1561
1.15611
1.15611
1.15612
1.15612
1.15612
1.15613
1.15613
1.15613
1.15613
1.15613
1.15613
1.15613
1.15613
1.15613
1.15613
1.15613
1.15613
1.15613
1.15613
1.15613
1.15612
1.15612
1.15612
1.15611
1.1561
1.15609
1.15608
1.15606
1.15608
1.15609
1.1561
1.1561
1.15611
1.15611
1.15611
1.15612
1.15612
1.15612
1.15612
1.15612
1.15612
1.15612
1.15612
1.15612
1.15612
1.15612
1.15612
1.15612
1.15612
1.15611
1.15611
1.15611
1.1561
1.1561
1.15609
1.15608
1.15606
1.15605
1.15607
1.15608
1.15609
1.15609
1.15609
1.1561
1.1561
1.1561
1.15611
1.15611
1.15611
1.15611
1.15611
1.15611
1.15611
1.15611
1.15611
1.15611
1.15611
1.15611
1.15611
1.1561
1.1561
1.1561
1.15609
1.15609
1.15608
1.15607
1.15605
1.15603
1.15605
1.15606
1.15607
1.15607
1.15608
1.15608
1.15609
1.15609
1.15609
1.1561
1.1561
1.1561
1.1561
1.1561
1.1561
1.1561
1.1561
1.1561
1.1561
1.1561
1.15609
1.15609
1.15609
1.15608
1.15608
1.15607
1.15606
1.15605
1.15603
)
;

boundaryField
{
    inlet
    {
        type            calculated;
        value           nonuniform List<scalar> 
30
(
871.002
874.766
874.148
874.17
876.64
878.803
881.319
881.769
883.197
883.114
884.216
883.639
884.161
883.652
883.877
883.877
883.657
884.182
883.649
884.237
883.133
883.214
881.784
881.332
878.81
876.644
874.182
874.16
874.782
871.001
)
;
    }
    outlet
    {
        type            calculated;
        value           nonuniform List<scalar> 
30
(
1.15602
1.15605
1.15606
1.15607
1.15607
1.15608
1.15608
1.15609
1.15609
1.15609
1.1561
1.1561
1.1561
1.1561
1.1561
1.1561
1.1561
1.1561
1.1561
1.1561
1.1561
1.15609
1.15609
1.15609
1.15608
1.15608
1.15607
1.15606
1.15605
1.15603
)
;
    }
    walls
    {
        type            calculated;
        value           nonuniform List<scalar> 
400
(
870.645
870.618
885.858
936.761
1016.67
1103.03
1179.05
1238.34
1277.61
1299.88
1310.22
1309.58
1302.57
1294.09
1294.44
1302.48
1315.38
1316.6
1289.56
1266.6
1266.95
1267.32
1298.37
1344.76
1345.15
1342.17
1311.32
1259.79
1260.17
1291.04
1324.94
1321.85
1307.65
1279.89
1248.42
1249.02
1249.02
1250.01
1304.48
1330.52
1330.37
1312.56
1287.78
1271.96
1264.82
1266.38
1270.38
1270.09
1264.08
1273.48
1294.35
1300.81
1293.92
1278.08
1265.24
1260.81
1259.22
1256.33
1254.91
1255.85
1259.2
1267.18
1276.37
1276.25
1270.88
1261.41
1250.07
1238.57
1228.19
1223.73
1228.04
1235.68
1240.21
1240.18
1236.09
1236.26
1266.43
1304.2
1287.76
1257.42
1234.14
1212.54
1190.65
1181.6
1184.37
1190.4
1199.9
1210.15
1216.73
1214.17
1206.3
1190.7
1167.47
1144.69
1144.57
1144.15
1143.77
1143.69
1143.71
1154.53
1165.42
1188.79
1220.59
1220.49
1200.73
1154
1154.07
1186.94
1270.21
1298.95
1196.1
783.83
328.513
111.826
40.9853
12.7995
4.90962
3.39321
3.43142
3.42646
3.33961
3.32625
2.44385
1.52866
1.51974
1.60256
1.54089
1.30077
1.13935
1.09688
1.0911
1.10405
1.11995
1.13241
1.14095
1.14648
1.14997
1.15215
1.15353
1.15442
1.155
1.15538
1.15563
1.15579
1.1559
1.15597
1.15602
1.15605
1.15607
1.15609
1.1561
1.1561
1.15611
1.15611
1.15611
1.15612
1.15612
1.15613
1.15613
1.15614
1.15614
1.15614
1.15615
1.15615
1.15615
1.15615
1.15615
1.15615
1.15616
1.15616
1.15616
1.15616
1.15617
1.15617
1.15617
1.15617
1.15617
1.15617
1.15617
1.15617
1.15616
1.15616
1.15616
1.15615
1.15615
1.15614
1.15614
1.15614
1.15613
1.15613
1.15613
1.15612
1.15612
1.1561
1.1561
1.15608
1.15607
1.15606
1.15605
1.15603
870.644
870.617
885.875
936.702
1016.3
1102.56
1179.9
1241.45
1280.99
1302.23
1311.72
1310.08
1300.34
1285.12
1285.56
1285.98
1296.77
1321.99
1334.39
1320.09
1269.11
1263.88
1264.3
1269.88
1324.66
1346.52
1346.4
1335.56
1303.34
1273.07
1276.98
1294.88
1305.09
1298.92
1287.04
1274.42
1264.96
1265.46
1274.86
1295.85
1312.01
1309.1
1299.43
1288
1278.94
1272.76
1270.13
1270.22
1270.28
1268.76
1272.01
1283.55
1294.27
1292.64
1283.93
1269.86
1258.61
1255.24
1254.46
1252.03
1252.47
1259.83
1275.75
1283.81
1270.79
1259.96
1250.69
1240.1
1228.05
1224.1
1229.51
1237.15
1240.36
1240.66
1235.97
1236.12
1264.26
1304.11
1290.7
1257.57
1234.37
1213.04
1190.91
1180.83
1183.79
1189.97
1199.69
1209.86
1216.64
1213.93
1206.04
1190.3
1167.49
1144.51
1144.44
1143.9
1143.7
1143.7
1143.71
1153.22
1164.74
1188.52
1220.33
1220.18
1200.46
1153.64
1153.72
1183.87
1274.14
1291.36
1192.59
792.917
333.807
106.582
34.841
9.22538
3.25784
3.32292
3.73074
3.67082
3.28586
2.61794
2.35929
2.38559
1.86886
1.3343
1.23416
1.2574
1.18328
1.11253
1.09262
1.10072
1.11517
1.12827
1.13813
1.14482
1.14911
1.15176
1.1534
1.1544
1.15502
1.15541
1.15566
1.15581
1.15591
1.15597
1.15602
1.15605
1.15607
1.15608
1.15609
1.1561
1.1561
1.1561
1.15611
1.15611
1.15611
1.15612
1.15613
1.15613
1.15614
1.15614
1.15614
1.15615
1.15615
1.15615
1.15615
1.15615
1.15615
1.15616
1.15616
1.15616
1.15616
1.15616
1.15617
1.15617
1.15617
1.15617
1.15617
1.15617
1.15617
1.15616
1.15616
1.15616
1.15615
1.15615
1.15614
1.15614
1.15613
1.15613
1.15613
1.15612
1.15612
1.1561
1.1561
1.15608
1.15608
1.15606
1.15605
1.15603
)
;
    }
    frontAndBackPlanes
    {
        type            empty;
    }
}


// ************************************************************************* //
