/*--------------------------------*- C++ -*----------------------------------*\
| =========                 |                                                 |
| \\      /  F ield         | OpenFOAM: The Open Source CFD Toolbox           |
|  \\    /   O peration     | Version:  2.3.0                                 |
|   \\  /    A nd           | Web:      www.OpenFOAM.org                      |
|    \\/     M anipulation  |                                                 |
\*---------------------------------------------------------------------------*/
FoamFile
{
    version     2.0;
    format      ascii;
    class       surfaceScalarField;
    location    "0.7";
    object      phi;
}
// * * * * * * * * * * * * * * * * * * * * * * * * * * * * * * * * * * * * * //

dimensions      [0 3 -1 0 0 0 0];

internalField   nonuniform List<scalar> 
4432
(
-3.55358e-06
3.55358e-06
-7.22011e-06
3.66652e-06
-9.63909e-06
2.41898e-06
-1.12921e-05
1.65302e-06
-1.20998e-05
8.07654e-07
-1.13624e-05
-7.37413e-07
-8.90838e-06
-2.45398e-06
-5.80671e-06
-3.10168e-06
-3.39273e-06
-2.41397e-06
-2.1925e-06
-1.20023e-06
-2.08609e-06
-1.06411e-07
-2.87835e-06
7.9226e-07
-4.24129e-06
1.36294e-06
-6.04072e-06
1.79943e-06
-8.34909e-06
2.30838e-06
-1.10942e-05
2.74512e-06
-1.34158e-05
2.3216e-06
-1.5246e-05
1.83019e-06
-1.91736e-05
3.92759e-06
-2.4828e-05
5.65436e-06
-2.45946e-05
-2.33346e-07
-1.47229e-05
-9.87176e-06
-1.47229e-05
-4.57527e-06
8.12885e-06
-7.80438e-06
6.89563e-06
-9.65937e-06
4.27397e-06
-1.12634e-05
3.25701e-06
-1.23463e-05
1.89058e-06
-1.18622e-05
-1.22147e-06
-9.41566e-06
-4.90055e-06
-6.09405e-06
-6.42329e-06
-3.45754e-06
-5.05047e-06
-2.12428e-06
-2.53349e-06
-1.74908e-06
-4.8161e-07
-1.91755e-06
9.6073e-07
-2.46242e-06
1.90781e-06
-3.30496e-06
2.64197e-06
-4.54901e-06
3.55244e-06
-6.65948e-06
4.85557e-06
-1.0219e-05
5.88112e-06
-1.5095e-05
6.70617e-06
-1.97136e-05
8.54623e-06
-2.14203e-05
7.36102e-06
-1.83056e-05
-3.34805e-06
-1.04938e-05
-1.76835e-05
-2.52167e-05
-3.72852e-06
1.18574e-05
-6.35316e-06
9.52027e-06
-8.33173e-06
6.25253e-06
-1.04537e-05
5.379e-06
-1.20545e-05
3.4914e-06
-1.18551e-05
-1.42092e-06
-9.67413e-06
-7.08152e-06
-6.57675e-06
-9.52067e-06
-4.01573e-06
-7.61149e-06
-2.64605e-06
-3.90317e-06
-2.3336e-06
-7.94063e-07
-2.5741e-06
1.20123e-06
-2.99773e-06
2.33144e-06
-3.30669e-06
2.95092e-06
-3.34059e-06
3.58636e-06
-3.32917e-06
4.84413e-06
-4.15281e-06
6.70477e-06
-6.32562e-06
8.87898e-06
-8.55149e-06
1.07721e-05
-9.27632e-06
8.08585e-06
-7.76121e-06
-4.86317e-06
-4.04999e-06
-2.13947e-05
-2.92667e-05
-2.3192e-06
1.41766e-05
-4.21394e-06
1.1415e-05
-6.05068e-06
8.08927e-06
-7.9197e-06
7.24802e-06
-9.07654e-06
4.64824e-06
-8.7786e-06
-1.71886e-06
-7.38688e-06
-8.47324e-06
-5.71568e-06
-1.11919e-05
-4.27085e-06
-9.05633e-06
-3.37487e-06
-4.79915e-06
-3.16274e-06
-1.00619e-06
-3.4811e-06
1.51959e-06
-3.95244e-06
2.80279e-06
-4.23496e-06
3.23343e-06
-4.07226e-06
3.42368e-06
-3.30668e-06
4.07854e-06
-1.9828e-06
5.38089e-06
-5.1332e-07
7.4095e-06
1.18039e-06
9.07838e-06
2.88139e-06
6.38486e-06
2.80752e-06
-4.78931e-06
2.04539e-06
-2.06326e-05
-2.72213e-05
-5.02195e-07
1.46788e-05
-9.94231e-07
1.1907e-05
-2.01159e-06
9.10662e-06
-2.7005e-06
7.93694e-06
-2.37591e-06
4.32365e-06
-1.55293e-06
-2.54184e-06
-1.5456e-06
-8.48057e-06
-2.52295e-06
-1.02145e-05
-3.50576e-06
-8.07352e-06
-3.98325e-06
-4.32166e-06
-4.17436e-06
-8.15078e-07
-4.50349e-06
1.84872e-06
-4.90013e-06
3.19944e-06
-5.08121e-06
3.4145e-06
-4.80707e-06
3.14955e-06
-4.02226e-06
3.29373e-06
-2.43745e-06
3.79608e-06
2.04378e-07
4.76767e-06
4.0892e-06
5.19355e-06
7.7089e-06
2.76516e-06
7.85815e-06
-4.93856e-06
4.93515e-06
-1.77096e-05
-2.22861e-05
1.80099e-06
1.28778e-05
3.12828e-06
1.05797e-05
3.93115e-06
8.30375e-06
5.20478e-06
6.66331e-06
6.9827e-06
2.54573e-06
7.53585e-06
-3.09499e-06
5.61207e-06
-6.55679e-06
2.00457e-06
-6.60703e-06
-1.75263e-06
-4.31632e-06
-4.13253e-06
-1.94176e-06
-5.14629e-06
1.98679e-07
-5.62338e-06
2.3258e-06
-5.93044e-06
3.50651e-06
-5.90302e-06
3.38707e-06
-5.36948e-06
2.61603e-06
-4.44992e-06
2.37416e-06
-3.08748e-06
2.43363e-06
-9.02185e-07
2.58238e-06
2.46341e-06
1.82795e-06
6.19559e-06
-9.67021e-07
7.23615e-06
-5.97912e-06
5.11882e-06
-1.55923e-05
-1.71673e-05
3.49862e-06
9.37914e-06
7.39838e-06
6.67999e-06
1.13207e-05
4.38139e-06
1.51512e-05
2.83287e-06
1.73922e-05
3.04694e-07
1.58938e-05
-1.59654e-06
1.10559e-05
-1.71895e-06
5.19689e-06
-7.48002e-07
-1.46485e-07
1.02706e-06
-3.86283e-06
1.77459e-06
-5.80859e-06
2.14444e-06
-6.73641e-06
3.25362e-06
-7.04956e-06
3.81967e-06
-6.79552e-06
3.13303e-06
-5.89809e-06
1.7186e-06
-4.7098e-06
1.18587e-06
-3.32339e-06
1.04722e-06
-1.55279e-06
8.11783e-07
6.78205e-07
-4.03053e-07
3.28001e-06
-3.56883e-06
4.58668e-06
-7.28579e-06
4.03653e-06
-1.50422e-05
-1.31308e-05
6.57509e-06
2.80405e-06
1.40406e-05
-7.85493e-07
1.91902e-05
-7.68242e-07
2.17519e-05
2.7115e-07
2.08187e-05
1.23791e-06
1.61279e-05
3.09424e-06
9.7343e-06
4.67466e-06
3.9499e-06
5.0364e-06
-4.2052e-07
5.39748e-06
-3.5131e-06
4.86718e-06
-5.63169e-06
4.26303e-06
-7.14522e-06
4.76714e-06
-7.91057e-06
4.58503e-06
-7.78267e-06
3.00513e-06
-6.63544e-06
5.7137e-07
-5.14414e-06
-3.05433e-07
-3.57485e-06
-5.22069e-07
-1.83527e-06
-9.27802e-07
-6.03705e-08
-2.17795e-06
1.56429e-06
-5.19349e-06
2.58178e-06
-8.30328e-06
2.80755e-06
-1.52679e-05
-1.03232e-05
-2.81221e-05
2.81221e-05
-5.07876e-05
2.26655e-05
-4.68959e-05
-3.89166e-06
-3.34383e-05
-1.34576e-05
-2.14325e-05
-1.20058e-05
-1.06853e-05
-1.07472e-05
1.45302e-05
-2.52155e-05
2.28609e-05
-8.33066e-06
-6.23138e-06
2.90923e-05
-6.23468e-05
5.61154e-05
-0.000110368
4.80215e-05
-0.000129678
1.93092e-05
-0.000128371
-1.30694e-06
-0.000118856
-9.5148e-06
-0.000105241
-1.36145e-05
-8.4704e-05
-2.05374e-05
-4.80144e-05
-3.66896e-05
-4.75355e-07
-4.7539e-05
-4.75352e-07
-3.34813e-05
6.16034e-05
-4.19076e-05
3.10918e-05
-3.13951e-05
-1.44041e-05
-1.87414e-05
-2.61113e-05
-8.0839e-06
-2.26633e-05
2.32733e-06
-2.11584e-05
1.92768e-05
-4.21649e-05
-1.66304e-06
1.26091e-05
-6.77601e-05
9.51894e-05
-0.00012908
0.000117435
-0.00015471
7.36516e-05
-0.000154996
1.9595e-05
-0.000148572
-7.73081e-06
-0.000138918
-1.91684e-05
-0.000124767
-2.77654e-05
-0.000104531
-4.07736e-05
-7.05724e-05
-7.06482e-05
-2.3039e-05
-9.50724e-05
-2.35144e-05
-2.33798e-05
8.49831e-05
-2.32816e-05
3.09936e-05
-1.29123e-05
-2.47735e-05
-1.11828e-06
-3.79053e-05
5.30278e-06
-2.90844e-05
5.62977e-06
-2.14854e-05
-2.66207e-06
-3.38731e-05
-5.23733e-05
6.23204e-05
-0.000118324
0.00016114
-0.000163116
0.000162227
-0.000185668
9.62034e-05
-0.000190992
2.49198e-05
-0.000185568
-1.31548e-05
-0.000172276
-3.24606e-05
-0.000153324
-4.67178e-05
-0.000128171
-6.59267e-05
-9.07518e-05
-0.000108067
-3.94521e-05
-0.000146372
-6.29665e-05
-9.19571e-06
9.41788e-05
9.0055e-07
2.08974e-05
6.72715e-06
-3.06e-05
1.56454e-05
-4.68236e-05
1.70576e-05
-3.04965e-05
5.3056e-06
-9.73343e-06
-2.35946e-05
-4.97293e-06
-8.17381e-05
0.000120464
-0.000141275
0.000220677
-0.000164838
0.00018579
-0.000184186
0.000115552
-0.000200033
4.07668e-05
-0.000193004
-2.0184e-05
-0.00017623
-4.92348e-05
-0.00016283
-6.01177e-05
-0.000146853
-8.19038e-05
-0.000107755
-0.000147165
-4.66477e-05
-0.000207479
-0.000109614
3.69501e-06
9.04838e-05
1.61343e-05
8.45802e-06
2.54481e-05
-3.99138e-05
3.17714e-05
-5.31468e-05
2.71974e-05
-2.59226e-05
4.67671e-06
1.27873e-05
-3.72554e-05
3.69592e-05
-9.58462e-05
0.000179055
-0.000140892
0.000265723
-0.000156781
0.000201679
-0.000175288
0.000134059
-0.000171664
3.71424e-05
-0.000148183
-4.36646e-05
-0.000121755
-7.56634e-05
-0.000100684
-8.11887e-05
-0.000114335
-6.82531e-05
-0.000112421
-0.000149079
-4.53393e-05
-0.000274561
-0.000154954
2.18517e-05
6.86321e-05
3.13084e-05
-9.98708e-07
4.1499e-05
-5.01044e-05
4.64034e-05
-5.80512e-05
3.6783e-05
-1.63021e-05
6.30228e-06
4.3268e-05
-4.00316e-05
8.32931e-05
-9.3716e-05
0.000232739
-0.000128327
0.000300334
-0.000136707
0.000210059
-0.000146041
0.000143392
-0.000121511
1.26127e-05
-8.24667e-05
-8.27086e-05
-3.33967e-05
-0.000124734
1.14825e-05
-0.000126068
-7.00657e-06
-4.97636e-05
-7.08029e-05
-8.52829e-05
-3.87558e-05
-0.000306608
-0.000193709
3.15552e-05
3.7077e-05
4.37607e-05
-1.32043e-05
5.40483e-05
-6.0392e-05
5.7763e-05
-6.17659e-05
4.47458e-05
-3.28499e-06
1.0112e-05
7.79018e-05
-3.3062e-05
0.000126467
-7.10321e-05
0.000270709
-9.50848e-05
0.000324387
-0.000112589
0.000227563
-0.000110979
0.000141782
-8.14672e-05
-1.68993e-05
-4.05278e-05
-0.000123648
1.04831e-05
-0.000175744
7.91247e-05
-0.00019471
0.000116645
-8.72841e-05
1.54236e-05
1.59384e-05
-2.9404e-05
-0.00026178
-0.000223113
2.99696e-05
7.10738e-06
4.9395e-05
-3.26296e-05
5.85218e-05
-6.95189e-05
6.00017e-05
-6.32457e-05
4.36494e-05
1.30673e-05
1.2977e-05
0.000108574
-2.3278e-05
0.000162722
-3.61272e-05
0.000283558
-5.95417e-05
0.000347801
-8.35532e-05
0.000251575
-8.24401e-05
0.000140669
-4.98951e-05
-4.94443e-05
-7.15408e-06
-0.000166389
3.37393e-05
-0.000216638
6.92716e-05
-0.000230242
0.000131201
-0.000149213
0.000109752
3.73872e-05
-1.73474e-05
-0.000134681
-0.000240461
3.57421e-06
-7.70164e-07
-1.93052e-06
4.71924e-06
-7.78254e-06
5.08378e-06
-1.06648e-05
3.15342e-06
-1.1554e-05
2.1271e-06
-1.23786e-05
3.91881e-06
-1.33106e-05
5.60673e-06
-1.36554e-05
5.38113e-06
-1.29902e-05
4.73229e-06
-1.22658e-05
4.14278e-06
-1.2664e-05
4.66125e-06
-1.44098e-05
6.51298e-06
-1.62697e-05
6.44489e-06
-1.61203e-05
2.85574e-06
-1.31314e-05
-2.4175e-06
-1.00326e-05
-3.40426e-06
-7.47308e-06
-3.08159e-06
-4.63895e-06
-3.76193e-06
-1.44339e-06
-5.37352e-06
1.44989e-06
-8.08677e-06
4.57879e-06
-1.14322e-05
6.59653e-06
-1.72857e-05
-1.74909e-05
1.37642e-05
-0.000114164
0.000113394
-0.000122414
1.29693e-05
-0.000101292
-1.6039e-05
-8.69904e-05
-1.11479e-05
-8.06598e-05
-4.20347e-06
-7.82757e-05
1.53473e-06
-7.64508e-05
3.78175e-06
-7.02508e-05
-8.18855e-07
-5.90281e-05
-6.49036e-06
-4.53635e-05
-9.52185e-06
-3.21294e-05
-8.57279e-06
-2.32709e-05
-2.34556e-06
-1.66157e-05
-2.10267e-07
-1.03972e-05
-3.36285e-06
-6.30699e-06
-6.50767e-06
-4.57876e-06
-5.13248e-06
-3.22239e-06
-4.43796e-06
-1.77705e-07
-6.80662e-06
2.8218e-06
-8.37303e-06
3.55551e-06
-8.82048e-06
4.99497e-06
-1.28716e-05
8.16701e-06
-2.04577e-05
-2.35833e-05
1.42594e-05
-6.62929e-05
0.000179687
-0.000119157
6.58337e-05
-0.000164272
2.9076e-05
-0.000204976
2.95559e-05
-0.000233484
2.43041e-05
-0.000248123
1.61735e-05
-0.000249795
5.45432e-06
-0.000239555
-1.10596e-05
-0.000211734
-3.4311e-05
-0.000174043
-4.72133e-05
-0.000119884
-6.27308e-05
-8.59055e-05
-3.63245e-05
-7.27883e-05
-1.33276e-05
-6.67132e-05
-9.43786e-06
-5.59558e-05
-1.72651e-05
-4.06422e-05
-2.0446e-05
-2.93804e-05
-1.56998e-05
-1.79041e-05
-1.82829e-05
-1.11854e-05
-1.50918e-05
-7.78209e-06
-1.22237e-05
-6.47446e-06
-1.41793e-05
-3.46337e-06
-2.34688e-05
-2.23931e-05
-4.65354e-06
-3.12149e-05
0.000210902
-7.72443e-05
0.000111863
-0.000120311
7.21424e-05
-0.000145685
5.49299e-05
-0.000158228
3.68474e-05
-0.00016456
2.25048e-05
-0.000170488
1.1383e-05
-0.000188108
6.56011e-06
-0.000226812
4.39254e-06
-0.000268298
-5.72669e-06
-0.000316599
-1.44302e-05
-0.000352957
3.33815e-08
-0.000375986
9.7016e-06
-0.000379677
-5.74653e-06
-0.000359948
-3.69942e-05
-0.000317389
-6.30047e-05
-0.000256689
-7.64005e-05
-0.000207221
-6.77503e-05
-0.000168212
-5.41014e-05
-0.000139591
-4.08446e-05
-0.000122646
-3.11242e-05
-0.000118093
-2.80214e-05
-4.88407e-05
-9.16458e-05
1.34419e-05
0.00019746
-1.96117e-05
0.000144917
-4.10305e-05
9.35613e-05
-4.8628e-05
6.25273e-05
-5.15351e-05
3.97546e-05
-5.21167e-05
2.30864e-05
-4.95394e-05
8.80578e-06
-5.42506e-05
1.12712e-05
-7.71385e-05
2.72804e-05
-0.000120022
3.71566e-05
-0.000170586
3.61337e-05
-0.000210888
4.03357e-05
-0.000239845
3.86585e-05
-0.000268406
2.28141e-05
-0.000305721
3.20916e-07
-0.000318104
-5.06213e-05
-0.000304418
-9.00865e-05
-0.00028605
-8.61188e-05
-0.000276006
-6.41447e-05
-0.000288691
-2.81605e-05
-0.000311393
-8.4218e-06
-0.000332829
-6.58558e-06
-5.14407e-05
-0.000330229
4.03178e-05
0.000157142
2.88155e-05
0.000156419
1.66468e-05
0.00010573
1.24127e-05
6.67614e-05
5.79485e-06
4.63725e-05
-8.7232e-06
3.76045e-05
-2.62148e-05
2.62974e-05
-3.92815e-05
2.43379e-05
-4.71898e-05
3.51887e-05
-6.00483e-05
5.0015e-05
-8.326e-05
5.93452e-05
-0.000110084
6.71601e-05
-0.000147718
7.62923e-05
-0.000206953
8.20488e-05
-0.000270395
6.37634e-05
-0.00032064
-3.7657e-07
-0.000329792
-8.09346e-05
-0.000332371
-8.35402e-05
-0.00032431
-7.22057e-05
-0.000306457
-4.60127e-05
-0.000275451
-3.94286e-05
-0.00023838
-4.36559e-05
-5.70907e-05
-0.00023273
3.22484e-05
0.000124893
4.63078e-05
0.00014236
4.34471e-05
0.000108591
3.52126e-05
7.49959e-05
2.38311e-05
5.77541e-05
8.70458e-06
5.27311e-05
-1.09705e-05
4.59724e-05
-3.09019e-05
4.42693e-05
-4.38635e-05
4.81502e-05
-5.1106e-05
5.72576e-05
-6.03067e-05
6.85459e-05
-7.05358e-05
7.73891e-05
-7.96886e-05
8.54451e-05
-9.18356e-05
9.41959e-05
-0.000107161
7.90884e-05
-0.000130312
2.27749e-05
-0.000177469
-3.37778e-05
-0.000220661
-4.03482e-05
-0.000247758
-4.51083e-05
-0.000238262
-5.55092e-05
-0.000200161
-7.75299e-05
-0.000174189
-6.96271e-05
-5.85242e-05
-0.000172756
1.33312e-05
0.000111562
3.61023e-05
0.000119589
4.12087e-05
0.000103485
3.37379e-05
8.24669e-05
2.13673e-05
7.01248e-05
8.01562e-06
6.60828e-05
-8.4135e-06
6.24015e-05
-2.57196e-05
6.15754e-05
-3.91994e-05
6.163e-05
-4.7588e-05
6.56462e-05
-5.33274e-05
7.42853e-05
-5.75237e-05
8.15855e-05
-5.70856e-05
8.50071e-05
-5.16337e-05
8.87439e-05
-5.63953e-05
8.385e-05
-9.32424e-05
5.96219e-05
-0.00016435
3.73296e-05
-0.000233373
2.86751e-05
-0.000274773
-3.70875e-06
-0.000278197
-5.20848e-05
-0.000253987
-0.00010174
-0.000210251
-0.000113363
-9.57568e-05
-0.000173019
2.69315e-06
0.000108869
2.0448e-05
0.000101834
2.66735e-05
9.72593e-05
2.21263e-05
8.70143e-05
1.27264e-05
7.95248e-05
2.66175e-06
7.61474e-05
-9.30193e-06
7.43651e-05
-2.15615e-05
7.38349e-05
-3.27353e-05
7.28037e-05
-4.11728e-05
7.40837e-05
-4.60113e-05
7.91238e-05
-4.88532e-05
8.44274e-05
-5.05056e-05
8.66594e-05
-4.99201e-05
8.81584e-05
-5.35184e-05
8.74482e-05
-7.44481e-05
8.05516e-05
-0.000113958
7.68389e-05
-0.000159599
7.43162e-05
-0.000212759
4.94515e-05
-0.000262997
-1.84649e-06
-0.000291774
-7.29628e-05
-0.000282689
-0.000122448
-0.000134251
-0.000244195
4.31961e-07
0.000108437
1.00588e-05
9.22072e-05
1.38604e-05
9.34577e-05
1.14288e-05
8.94461e-05
5.65658e-06
8.5297e-05
-9.29356e-07
8.27334e-05
-8.62099e-06
8.20568e-05
-1.68444e-05
8.20583e-05
-2.56274e-05
8.15868e-05
-3.35423e-05
8.19985e-05
-3.87197e-05
8.43012e-05
-4.18855e-05
8.75932e-05
-4.55187e-05
9.02927e-05
-5.01038e-05
9.27433e-05
-5.70601e-05
9.44046e-05
-7.10427e-05
9.45341e-05
-9.25942e-05
9.83903e-05
-0.000122858
0.00010458
-0.000168356
9.49491e-05
-0.000217759
4.75568e-05
-0.000257723
-3.29988e-05
-0.000277106
-0.000103066
-0.000150607
-0.000260751
3.69665e-07
0.000108068
4.74443e-06
8.78326e-05
6.52483e-06
9.16774e-05
5.23488e-06
9.07361e-05
1.98144e-06
8.85504e-05
-2.13288e-06
8.68477e-05
-6.93224e-06
8.68562e-05
-1.23894e-05
8.75155e-05
-1.88155e-05
8.80129e-05
-2.54157e-05
8.85987e-05
-3.09164e-05
8.98018e-05
-3.53838e-05
9.20605e-05
-4.04924e-05
9.54012e-05
-4.73439e-05
9.95947e-05
-5.64813e-05
0.000103542
-6.88182e-05
0.000106871
-8.45119e-05
0.000114084
-0.000108068
0.000128137
-0.000148621
0.000135502
-0.000202683
0.000101619
-0.000250882
1.51998e-05
-0.000274672
-7.92756e-05
-0.000157988
-0.000267291
1.72285e-07
0.000107895
2.13669e-06
8.58681e-05
3.05564e-06
9.07584e-05
2.35679e-06
9.14349e-05
4.623e-07
9.04449e-05
-2.20921e-06
8.95192e-05
-5.31318e-06
8.99602e-05
-8.88489e-06
9.10872e-05
-1.32103e-05
9.23384e-05
-1.81367e-05
9.35252e-05
-2.3289e-05
9.49541e-05
-2.86151e-05
9.73866e-05
-3.47058e-05
0.000101492
-4.22591e-05
0.000107148
-5.1876e-05
0.000113159
-6.40399e-05
0.000119035
-7.88287e-05
0.000128873
-9.98827e-05
0.000149191
-0.000137583
0.000173203
-0.000197355
0.000161391
-0.000260243
7.80878e-05
-0.000302159
-3.736e-05
-0.000131571
-0.000328575
-6.90165e-08
0.000107964
8.99148e-07
8.49e-05
1.50474e-06
9.01528e-05
1.12275e-06
9.18168e-05
-4.41804e-08
9.16119e-05
-1.84201e-06
9.13171e-05
-3.92099e-06
9.20392e-05
-6.26217e-06
9.34285e-05
-9.10015e-06
9.51764e-05
-1.26298e-05
9.70548e-05
-1.69621e-05
9.92863e-05
-2.21059e-05
0.00010253
-2.80999e-05
0.000107486
-3.51962e-05
0.000114244
-4.40745e-05
0.000122037
-5.5564e-05
0.000130524
-6.95197e-05
0.000142828
-8.63817e-05
0.000166053
-0.000113538
0.000200359
-0.000163337
0.00021119
-0.000221061
0.000135812
-0.000277702
1.92813e-05
-5.901e-05
-0.000350263
-1.02476e-07
0.000108067
4.59302e-07
8.43382e-05
9.1402e-07
8.96981e-05
7.0805e-07
9.20229e-05
-1.14157e-08
9.23315e-05
-1.19568e-06
9.25015e-05
-2.60055e-06
9.34442e-05
-4.17519e-06
9.50032e-05
-6.07381e-06
9.70751e-05
-8.55734e-06
9.95383e-05
-1.18475e-05
0.000102577
-1.5987e-05
0.00010667
-2.08583e-05
0.000112357
-2.64932e-05
0.000119879
-3.34707e-05
0.000129015
-4.2726e-05
0.00013978
-5.40941e-05
0.000154196
-6.55632e-05
0.000177522
-7.97831e-05
0.000214579
-0.000113073
0.000244479
-0.00016566
0.000188399
-0.000215952
6.95731e-05
5.76851e-06
-0.000280731
3.75081e-08
0.000108029
4.34445e-07
8.39413e-05
8.29749e-07
8.93029e-05
7.92118e-07
9.20607e-05
4.31672e-07
9.2692e-05
-2.72143e-07
9.32054e-05
-1.16766e-06
9.43398e-05
-2.1964e-06
9.60319e-05
-3.4274e-06
9.8306e-05
-5.04369e-06
0.000101155
-7.20907e-06
0.000104742
-9.93709e-06
0.000109397
-1.30851e-05
0.000115505
-1.65791e-05
0.000123373
-2.07379e-05
0.000133174
-2.62048e-05
0.000145247
-3.28605e-05
0.000160852
-3.82928e-05
0.000182954
-4.00747e-05
0.000216361
-5.09703e-05
0.000255375
-0.000102291
0.00023972
-0.000166748
0.000134029
6.37076e-05
-0.000224687
3.01803e-07
0.000107728
6.38415e-07
8.36048e-05
1.06294e-06
8.88785e-05
1.22457e-06
9.18992e-05
1.18651e-06
9.27302e-05
9.15925e-07
9.3476e-05
4.9696e-07
9.47587e-05
-3.59152e-08
9.65649e-05
-6.63533e-07
9.89335e-05
-1.46453e-06
0.000101956
-2.5004e-06
0.000105778
-3.7246e-06
0.000110622
-4.96957e-06
0.00011675
-6.0898e-06
0.000124493
-7.06027e-06
0.000134144
-8.00063e-06
0.000146187
-8.50908e-06
0.00016136
-6.59586e-06
0.000181041
1.87074e-06
0.000207895
1.38999e-05
0.000243346
-8.70133e-06
0.000262322
-7.57885e-05
0.000201116
0.000119532
-0.000131613
5.79977e-07
0.000107148
9.63349e-07
8.32215e-05
1.48602e-06
8.83559e-05
1.86499e-06
9.15203e-05
2.14091e-06
9.24543e-05
2.27898e-06
9.33379e-05
2.33077e-06
9.47069e-05
2.34363e-06
9.65521e-05
2.34268e-06
9.89345e-05
2.35708e-06
0.000101941
2.42809e-06
0.000105707
2.64114e-06
0.000110408
3.15677e-06
0.000116234
4.26417e-06
0.000123386
6.21031e-06
0.000132198
9.37889e-06
0.000143018
1.44578e-05
0.000156281
2.31233e-05
0.000172375
3.86313e-05
0.000192387
6.38137e-05
0.000218163
8.37329e-05
0.000242402
5.15058e-05
0.000233344
0.000173838
-2.79994e-06
8.46706e-07
0.000106301
1.34077e-06
8.27274e-05
2.01573e-06
8.7681e-05
2.6323e-06
9.09037e-05
3.21227e-06
9.18743e-05
3.73756e-06
9.28127e-05
4.2546e-06
9.41899e-05
4.8025e-06
9.60042e-05
5.44105e-06
9.8296e-05
6.22287e-06
0.00010116
7.24511e-06
0.000104684
8.66358e-06
0.00010899
1.06873e-05
0.00011421
1.35903e-05
0.000120483
1.77952e-05
0.000127993
2.387e-05
0.000136943
3.273e-05
0.000147421
4.5818e-05
0.000159287
6.57327e-05
0.000172472
9.6003e-05
0.000187893
0.000134619
0.000203786
0.000157297
0.000210666
0.000185869
0.000145265
1.08549e-06
0.000105216
1.72245e-06
8.20905e-05
2.58071e-06
8.68228e-05
3.43837e-06
9.0046e-05
4.30906e-06
9.10036e-05
5.19809e-06
9.19237e-05
6.14612e-06
9.32419e-05
7.1971e-06
9.49531e-05
8.41527e-06
9.70781e-05
9.8973e-06
9.96776e-05
1.17622e-05
0.000102819
1.41685e-05
0.000106584
1.7334e-05
0.000111045
2.1557e-05
0.00011626
2.72497e-05
0.0001223
3.50211e-05
0.000129172
4.56782e-05
0.000136764
6.02742e-05
0.000144691
8.04628e-05
0.000152283
0.000108982
0.000159374
0.00014785
0.000164917
0.000190816
0.000167701
0.000154771
0.000221914
1.29911e-06
0.000103916
2.08686e-06
8.13028e-05
3.13813e-06
8.57715e-05
4.22913e-06
8.8955e-05
5.3689e-06
8.98639e-05
6.57846e-06
9.07141e-05
7.89884e-06
9.19217e-05
9.38982e-06
9.34621e-05
1.11226e-05
9.53455e-05
1.31918e-05
9.76082e-05
1.5714e-05
0.000100297
1.8857e-05
0.00010344
2.28338e-05
0.000107068
2.79146e-05
0.000111179
3.44623e-05
0.000115753
4.29479e-05
0.000120686
5.39733e-05
0.000125739
6.81897e-05
0.000130475
8.63404e-05
0.000134133
0.000109754
0.00013596
0.000139957
0.000134715
0.000176785
0.000130873
0.000119611
0.000211944
1.48863e-06
0.000102428
2.42218e-06
8.03695e-05
3.65905e-06
8.45348e-05
4.96691e-06
8.76472e-05
6.34843e-06
8.84825e-05
7.83431e-06
8.92283e-05
9.47328e-06
9.02828e-05
1.13236e-05
9.16119e-05
1.34588e-05
9.32103e-05
1.5973e-05
9.50938e-05
1.89867e-05
9.72832e-05
2.26454e-05
9.97818e-05
2.71344e-05
0.000102579
3.26836e-05
0.00010563
3.95791e-05
0.000108857
4.8161e-05
0.000112105
5.88019e-05
0.000115098
7.18586e-05
0.000117418
8.7552e-05
0.00011844
0.000106099
0.000117414
0.000127604
0.00011321
0.000152666
0.000105811
9.39314e-05
0.000178346
1.65301e-06
0.000100775
2.72e-06
7.93028e-05
4.12314e-06
8.31317e-05
5.62226e-06
8.61481e-05
7.21225e-06
8.68925e-05
8.9305e-06
8.75101e-05
1.08241e-05
8.83889e-05
1.29553e-05
8.94807e-05
1.53929e-05
9.07726e-05
1.82274e-05
9.22591e-05
2.15652e-05
9.39455e-05
2.55343e-05
9.58124e-05
3.02906e-05
9.78226e-05
3.60152e-05
9.99053e-05
4.29191e-05
0.000101954
5.12247e-05
0.000103799
6.1148e-05
0.000105174
7.28495e-05
0.000105717
8.63429e-05
0.000104946
0.000101446
0.000102311
0.000117575
9.70805e-05
0.000134555
8.8831e-05
7.71309e-05
0.000151355
1.79229e-06
9.89827e-05
2.9757e-06
7.81195e-05
4.52034e-06
8.15871e-05
6.17956e-06
8.44888e-05
7.93999e-06
8.5132e-05
9.84127e-06
8.5609e-05
1.1932e-05
8.62981e-05
1.42675e-05
8.71453e-05
1.69164e-05
8.81234e-05
1.99566e-05
8.92189e-05
2.34815e-05
9.04207e-05
2.75993e-05
9.16945e-05
3.24341e-05
9.29879e-05
3.81206e-05
9.42187e-05
4.48052e-05
9.52688e-05
5.26274e-05
9.59764e-05
6.16966e-05
9.6105e-05
7.20549e-05
9.53584e-05
8.36391e-05
9.33618e-05
9.6226e-05
8.97238e-05
0.000109257
8.4049e-05
0.000122132
7.59562e-05
6.50716e-05
0.000134192
1.90747e-06
9.70754e-05
3.18809e-06
7.68389e-05
4.84486e-06
7.99303e-05
6.6293e-06
8.27044e-05
8.52157e-06
8.32397e-05
1.05585e-05
8.3572e-05
1.27885e-05
8.40681e-05
1.52619e-05
8.46718e-05
1.80405e-05
8.53448e-05
2.11915e-05
8.6068e-05
2.47943e-05
8.6818e-05
2.89356e-05
8.75531e-05
3.37089e-05
8.82144e-05
3.92109e-05
8.87166e-05
4.55368e-05
8.89428e-05
5.27666e-05
8.87465e-05
6.09433e-05
8.79284e-05
7.00491e-05
8.62525e-05
7.99778e-05
8.34331e-05
9.05214e-05
7.91801e-05
0.000101305
7.32658e-05
0.000111787
6.54741e-05
5.54622e-05
0.000121396
1.99913e-06
9.50764e-05
3.35629e-06
7.54818e-05
5.09471e-06
7.81918e-05
6.96983e-06
8.08292e-05
8.95467e-06
8.1255e-05
1.10827e-05
8.14439e-05
1.33992e-05
8.17518e-05
1.59502e-05
8.21207e-05
1.87892e-05
8.25058e-05
2.19731e-05
8.28841e-05
2.55661e-05
8.32247e-05
2.96353e-05
8.34841e-05
3.42492e-05
8.36005e-05
3.94732e-05
8.34925e-05
4.53644e-05
8.30516e-05
5.19618e-05
8.21491e-05
5.92685e-05
8.06217e-05
6.72359e-05
7.82849e-05
7.57429e-05
7.49259e-05
8.45929e-05
7.03301e-05
9.35129e-05
6.43457e-05
0.000102123
5.68638e-05
4.76144e-05
0.000109971
2.06915e-06
9.30072e-05
3.48087e-06
7.40701e-05
5.27153e-06
7.64011e-05
7.20283e-06
7.88978e-05
9.24265e-06
7.92153e-05
1.14202e-05
7.92663e-05
1.37769e-05
7.93952e-05
1.63525e-05
7.9545e-05
1.91941e-05
7.96642e-05
2.23475e-05
7.97309e-05
2.58623e-05
7.97098e-05
2.97901e-05
7.95564e-05
3.4179e-05
7.92116e-05
3.90708e-05
7.86007e-05
4.44945e-05
7.76277e-05
5.04614e-05
7.61822e-05
5.69513e-05
7.41318e-05
6.39007e-05
7.13353e-05
7.11917e-05
6.76348e-05
7.86479e-05
6.28738e-05
8.60497e-05
5.69439e-05
9.31234e-05
4.97901e-05
4.12171e-05
9.95207e-05
2.12116e-06
9.08861e-05
3.56298e-06
7.26282e-05
5.37646e-06
7.45876e-05
7.33246e-06
7.6942e-05
9.39278e-06
7.7155e-05
1.15826e-05
7.70766e-05
1.3937e-05
7.70409e-05
1.64939e-05
7.69881e-05
1.92889e-05
7.68693e-05
2.23607e-05
7.66589e-05
2.57481e-05
7.63223e-05
2.94874e-05
7.58172e-05
3.361e-05
7.50888e-05
3.81407e-05
7.40697e-05
4.30902e-05
7.26781e-05
4.84513e-05
7.0821e-05
5.41904e-05
6.83926e-05
6.02411e-05
6.52845e-05
6.64941e-05
6.13817e-05
7.27976e-05
5.65702e-05
7.89707e-05
5.07708e-05
8.48048e-05
4.39558e-05
3.59948e-05
9.0027e-05
2.16032e-06
8.87258e-05
3.60338e-06
7.11851e-05
5.41303e-06
7.2778e-05
7.36301e-06
7.49923e-05
9.41384e-06
7.51043e-05
1.1582e-05
7.49088e-05
1.39e-05
7.47227e-05
1.64002e-05
7.44881e-05
1.9111e-05
7.41585e-05
2.20633e-05
7.37064e-05
2.52854e-05
7.31e-05
2.88034e-05
7.22992e-05
3.26366e-05
7.12552e-05
3.67958e-05
6.99102e-05
4.12803e-05
6.81936e-05
4.60723e-05
6.60289e-05
5.11311e-05
6.33337e-05
5.63917e-05
6.00238e-05
6.17564e-05
5.60169e-05
6.70952e-05
5.12314e-05
7.22582e-05
4.56078e-05
7.70829e-05
3.9131e-05
3.17203e-05
8.13573e-05
2.1936e-06
8.65321e-05
3.6045e-06
6.97741e-05
5.38397e-06
7.09985e-05
7.30208e-06
7.30743e-05
9.31624e-06
7.30903e-05
1.14344e-05
7.27908e-05
1.36873e-05
7.24699e-05
1.61005e-05
7.20749e-05
1.86971e-05
7.15617e-05
2.15013e-05
7.09021e-05
2.45333e-05
7.00679e-05
2.78102e-05
6.90222e-05
3.13421e-05
6.77231e-05
3.51322e-05
6.61198e-05
3.91712e-05
6.41545e-05
4.34351e-05
6.17649e-05
4.78815e-05
5.88872e-05
5.24488e-05
5.54565e-05
5.70508e-05
5.14149e-05
6.15771e-05
4.67051e-05
6.59024e-05
4.12825e-05
6.98961e-05
3.51373e-05
2.82235e-05
7.33929e-05
2.22704e-06
8.4305e-05
3.57299e-06
6.8428e-05
5.29486e-06
6.92765e-05
7.15876e-06
7.12103e-05
9.11351e-06
7.11356e-05
1.11577e-05
7.07465e-05
1.33213e-05
7.03064e-05
1.56242e-05
6.97721e-05
1.80851e-05
6.91009e-05
2.07215e-05
6.82656e-05
2.35488e-05
6.72406e-05
2.65752e-05
6.59955e-05
2.98065e-05
6.44916e-05
3.32389e-05
6.26873e-05
3.68581e-05
6.05352e-05
4.06373e-05
5.79856e-05
4.45359e-05
5.49886e-05
4.84962e-05
5.14961e-05
5.24443e-05
4.74668e-05
5.62865e-05
4.28628e-05
5.99163e-05
3.76527e-05
6.32261e-05
3.18274e-05
2.53647e-05
6.60851e-05
2.26062e-06
8.20443e-05
3.51867e-06
6.71698e-05
5.15449e-06
6.76407e-05
6.9449e-06
6.94198e-05
8.8188e-06
6.92618e-05
1.077e-05
6.87953e-05
1.28257e-05
6.8251e-05
1.50009e-05
6.75969e-05
1.73115e-05
6.67903e-05
1.977e-05
6.58071e-05
2.23854e-05
6.4625e-05
2.51629e-05
6.32177e-05
2.8102e-05
6.15524e-05
3.11952e-05
5.9594e-05
3.44261e-05
5.73043e-05
3.77675e-05
5.46441e-05
4.11804e-05
5.15756e-05
4.46145e-05
4.8062e-05
4.80058e-05
4.40754e-05
5.12762e-05
3.95923e-05
5.43367e-05
3.45922e-05
5.70968e-05
2.90674e-05
2.30086e-05
5.94531e-05
2.28852e-06
7.97558e-05
3.44755e-06
6.60106e-05
4.97225e-06
6.61161e-05
6.67068e-06
6.77215e-05
8.44592e-06
6.74866e-05
1.0288e-05
6.69535e-05
1.22203e-05
6.63187e-05
1.42558e-05
6.55612e-05
1.64069e-05
6.46393e-05
1.86824e-05
6.35316e-05
2.1087e-05
6.22203e-05
2.3622e-05
6.06826e-05
2.62836e-05
5.88908e-05
2.90618e-05
5.68157e-05
3.19392e-05
5.44268e-05
3.48895e-05
5.16938e-05
3.78778e-05
4.85871e-05
4.086e-05
4.50797e-05
4.37832e-05
4.11521e-05
4.65843e-05
3.67912e-05
4.91913e-05
3.19853e-05
5.15295e-05
2.67293e-05
2.10204e-05
5.35179e-05
2.30598e-06
7.74496e-05
3.3579e-06
6.49587e-05
4.75205e-06
6.47219e-05
6.34108e-06
6.61324e-05
8.0022e-06
6.58253e-05
9.72023e-06
6.52356e-05
1.15166e-05
6.45221e-05
1.34022e-05
6.36755e-05
1.53872e-05
6.26544e-05
1.74771e-05
6.14417e-05
1.96725e-05
6.00249e-05
2.1973e-05
5.8382e-05
2.43717e-05
5.64921e-05
2.68573e-05
5.433e-05
2.94128e-05
5.1871e-05
3.20143e-05
4.90921e-05
3.46313e-05
4.597e-05
3.72264e-05
4.24846e-05
3.97569e-05
3.86216e-05
4.2175e-05
3.43732e-05
4.44251e-05
2.97353e-05
4.64484e-05
2.47062e-05
1.92855e-05
4.81835e-05
2.31264e-06
7.51369e-05
3.246e-06
6.40255e-05
4.49265e-06
6.34752e-05
5.95608e-06
6.46689e-05
7.4879e-06
6.42935e-05
9.06701e-06
6.36566e-05
1.07146e-05
6.28744e-05
1.24397e-05
6.19505e-05
1.42505e-05
6.08437e-05
1.61485e-05
5.95436e-05
1.81334e-05
5.80399e-05
2.02015e-05
5.6314e-05
2.23451e-05
5.43485e-05
2.45527e-05
5.21221e-05
2.6808e-05
4.96156e-05
2.90899e-05
4.681e-05
3.13725e-05
4.36873e-05
3.36256e-05
4.02316e-05
3.58158e-05
3.64315e-05
3.79077e-05
3.22813e-05
3.98609e-05
2.77822e-05
4.163e-05
2.29372e-05
1.7747e-05
4.31687e-05
2.30729e-06
7.28297e-05
3.11186e-06
6.32209e-05
4.19323e-06
6.23939e-05
5.51473e-06
6.33474e-05
6.89956e-06
6.29088e-05
8.32388e-06
6.22323e-05
9.80864e-06
6.13896e-05
1.136e-05
6.03992e-05
1.29838e-05
5.92199e-05
1.46791e-05
5.78482e-05
1.64446e-05
5.62742e-05
1.82749e-05
5.44837e-05
2.01619e-05
5.24614e-05
2.2094e-05
5.01898e-05
2.40566e-05
4.76529e-05
2.60314e-05
4.48352e-05
2.79966e-05
4.17221e-05
2.9928e-05
3.83003e-05
3.18005e-05
3.4559e-05
3.35869e-05
3.04951e-05
3.52573e-05
2.6112e-05
3.67764e-05
2.14184e-05
1.64177e-05
3.81058e-05
2.28132e-06
7.05485e-05
2.95618e-06
6.2546e-05
3.85613e-06
6.1494e-05
5.01801e-06
6.21856e-05
6.23641e-06
6.16906e-05
7.49012e-06
6.09786e-05
8.79654e-06
6.00833e-05
1.01592e-05
5.90365e-05
1.15813e-05
5.77977e-05
1.30597e-05
5.63697e-05
1.45923e-05
5.47417e-05
1.61741e-05
5.29019e-05
1.77967e-05
5.08387e-05
1.94484e-05
4.85379e-05
2.11163e-05
4.59849e-05
2.27846e-05
4.31668e-05
2.44355e-05
4.00713e-05
2.6049e-05
3.66869e-05
2.76056e-05
3.30024e-05
2.9082e-05
2.90189e-05
3.04547e-05
2.47394e-05
3.16943e-05
2.01788e-05
1.53412e-05
3.27708e-05
2.21719e-06
6.83313e-05
2.77413e-06
6.1989e-05
3.48385e-06
6.07845e-05
4.47008e-06
6.11995e-05
5.50489e-06
6.06558e-05
6.57514e-06
5.99084e-05
7.69002e-06
5.89685e-05
8.85177e-06
5.78748e-05
1.0059e-05
5.65904e-05
1.13084e-05
5.51204e-05
1.25978e-05
5.34524e-05
1.3923e-05
5.15767e-05
1.52749e-05
4.94867e-05
1.66425e-05
4.71701e-05
1.8015e-05
4.46123e-05
1.93791e-05
4.18027e-05
2.07192e-05
3.87312e-05
2.20191e-05
3.5387e-05
2.32613e-05
3.17603e-05
2.44255e-05
2.78546e-05
2.54913e-05
2.36737e-05
2.64357e-05
1.92344e-05
1.4538e-05
2.72389e-05
2.09969e-06
6.62315e-05
2.55658e-06
6.15323e-05
3.07604e-06
6.02652e-05
3.87781e-06
6.03978e-05
4.7194e-06
5.98142e-05
5.59959e-06
5.90283e-05
6.51514e-06
5.80531e-05
7.4699e-06
5.692e-05
8.45649e-06
5.56038e-05
9.47416e-06
5.41029e-05
1.05192e-05
5.24074e-05
1.15881e-05
5.05078e-05
1.26732e-05
4.84015e-05
1.37636e-05
4.60797e-05
1.48505e-05
4.35254e-05
1.59247e-05
4.07285e-05
1.6971e-05
3.7685e-05
1.79752e-05
3.43828e-05
1.89213e-05
3.08143e-05
1.97941e-05
2.6982e-05
2.05726e-05
2.28952e-05
2.12478e-05
1.85592e-05
1.39844e-05
2.18013e-05
1.92156e-06
6.431e-05
2.28828e-06
6.11657e-05
2.63052e-06
5.99231e-05
3.25009e-06
5.97782e-05
3.89782e-06
5.91665e-05
4.58871e-06
5.83376e-05
5.30581e-06
5.7336e-05
6.05387e-06
5.61719e-05
6.82585e-06
5.48319e-05
7.61821e-06
5.33106e-05
8.42984e-06
5.15958e-05
9.25587e-06
4.96817e-05
1.00879e-05
4.75693e-05
1.09202e-05
4.52474e-05
1.17464e-05
4.26991e-05
1.25554e-05
3.99195e-05
1.33378e-05
3.69026e-05
1.40777e-05
3.3643e-05
1.47627e-05
3.01294e-05
1.53789e-05
2.63658e-05
1.5914e-05
2.23601e-05
1.63614e-05
1.81117e-05
1.36347e-05
1.6711e-05
1.66081e-06
6.26493e-05
1.94682e-06
6.08798e-05
2.14321e-06
5.97266e-05
2.59173e-06
5.93297e-05
3.055e-06
5.87033e-05
3.5642e-06
5.78284e-05
4.0909e-06
5.68093e-05
4.6422e-06
5.56206e-05
5.21172e-06
5.42624e-05
5.79506e-06
5.27272e-05
6.39116e-06
5.09996e-05
6.99364e-06
4.90791e-05
7.59761e-06
4.69652e-05
8.19884e-06
4.46462e-05
8.79285e-06
4.21051e-05
9.36892e-06
3.93435e-05
9.91776e-06
3.63537e-05
1.04263e-05
3.31344e-05
1.08854e-05
2.96703e-05
1.12812e-05
2.59699e-05
1.16074e-05
2.20338e-05
1.18566e-05
1.78625e-05
1.34673e-05
1.20239e-05
1.38761e-06
6.12616e-05
1.58489e-06
6.06824e-05
1.65786e-06
5.96537e-05
1.95383e-06
5.90338e-05
2.24983e-06
5.84074e-05
2.5984e-06
5.74798e-05
2.95116e-06
5.64564e-05
3.32864e-06
5.52431e-05
3.71621e-06
5.38748e-05
4.1146e-06
5.23288e-05
4.52046e-06
5.05936e-05
4.92682e-06
4.86726e-05
5.3323e-06
4.65596e-05
5.73282e-06
4.42456e-05
6.12178e-06
4.17161e-05
6.49202e-06
3.89732e-05
6.83067e-06
3.60151e-05
7.13122e-06
3.28339e-05
7.38093e-06
2.94207e-05
7.5702e-06
2.57806e-05
7.69016e-06
2.19138e-05
7.73493e-06
1.78176e-05
1.35054e-05
7.69681e-06
8.21009e-07
9.03197e-07
9.0176e-07
1.00971e-06
1.11725e-06
1.26635e-06
1.41059e-06
1.57291e-06
1.73683e-06
1.90692e-06
2.07774e-06
2.24773e-06
2.41509e-06
2.57775e-06
2.72635e-06
2.85847e-06
2.96763e-06
3.0501e-06
3.09843e-06
3.1113e-06
3.07939e-06
3.00277e-06
2.88732e-06
2.12763e-05
-7.51211e-06
2.9116e-05
-7.83967e-06
3.81214e-05
-9.0054e-06
-9.94533e-06
4.80667e-05
1.79492e-05
-1.1202e-05
2.19654e-05
-1.18558e-05
2.70745e-05
-1.41145e-05
-1.68883e-05
3.40175e-05
-1.14359e-05
-4.41965e-06
-2.34169e-05
1.25192e-07
-3.41648e-05
-3.36657e-06
-1.95529e-05
-3.15002e-05
-9.24925e-05
-3.5729e-06
-5.50172e-05
-3.73503e-05
2.30827e-05
-8.14665e-05
-0.000116547
0.000120076
-0.000275547
-5.82548e-05
-0.000215254
-9.76431e-05
-0.000151323
-0.000145398
-0.000182649
-8.52206e-05
-0.000249662
-4.13234e-05
-0.000273798
-7.35064e-05
-0.00028979
-0.000129406
-0.000190402
-0.000282037
-0.000189216
-2.48634e-05
-0.00022433
-3.83924e-05
-0.000282126
-7.16099e-05
-0.000130272
-0.000342256
-0.000166103
-3.17789e-05
-0.000179395
-2.51007e-05
-0.00022137
-2.96348e-05
-5.20241e-05
-0.000299618
-0.000221304
-5.46699e-05
-0.000209551
-3.68534e-05
-0.000220757
-1.84285e-05
-8.1265e-06
-0.000264655
-0.000247335
-6.8085e-05
-0.000228517
-5.56724e-05
-0.000205965
-4.09797e-05
-2.84892e-05
-0.000185603
-0.000256298
-7.90775e-05
-0.000242572
-6.93993e-05
-0.000225104
-5.84468e-05
-4.88468e-05
-0.000204747
-0.000309004
-9.86491e-05
-0.000283883
-9.45198e-05
-0.000263934
-7.83956e-05
-6.56903e-05
-0.000247091
-0.000377412
-7.15004e-05
-0.000380529
-9.14026e-05
-0.000364219
-9.47054e-05
-8.48248e-05
-0.000345085
-0.000327097
-2.51345e-05
-0.000368262
-5.02367e-05
-0.000402881
-6.00866e-05
-6.46394e-05
-0.000423067
-0.000265904
1.60825e-05
-0.000314748
-1.39182e-06
-0.000355978
-1.88563e-05
-3.07296e-05
-0.000389888
-0.00015885
4.33199e-05
-0.000191347
3.11051e-05
-0.000227661
1.74577e-05
-1.75678e-06
-0.000256634
-1.88216e-05
5.93416e-05
-3.36366e-05
4.592e-05
-5.38741e-05
3.76952e-05
2.00505e-05
-7.56814e-05
0.000133764
7.08433e-05
0.000123857
5.58268e-05
0.000117248
4.4304e-05
3.24134e-05
0.000104885
0.000227542
6.52153e-05
0.000226057
5.7312e-05
0.000222082
4.82792e-05
3.84896e-05
0.000216006
0.000225819
5.13406e-05
0.000235994
4.71367e-05
0.000242489
4.17843e-05
3.60379e-05
0.000244941
0.000190134
3.95532e-05
0.000201114
3.61561e-05
0.000210665
3.22332e-05
2.83581e-05
0.000218345
0.000158993
3.19154e-05
0.000166433
2.87159e-05
0.000173514
2.51527e-05
2.15933e-05
0.000180279
0.000139457
2.66498e-05
0.000144429
2.37438e-05
0.000149043
2.05392e-05
1.71855e-05
0.000153451
0.000125551
2.2495e-05
0.000129407
1.98872e-05
0.000132905
1.70418e-05
1.40248e-05
0.000136066
0.00011336
1.91055e-05
0.000116505
1.67429e-05
0.000119356
1.41898e-05
1.14937e-05
0.000121887
0.000102264
1.63621e-05
0.000104802
1.42049e-05
0.000107102
1.18895e-05
9.45456e-06
0.000109141
9.22495e-05
1.41396e-05
9.42939e-05
1.21606e-05
9.61357e-05
1.00477e-05
7.83583e-06
9.77545e-05
8.31607e-05
1.23362e-05
8.48055e-05
1.05158e-05
8.62709e-05
8.58226e-06
6.57192e-06
8.75349e-05
7.48498e-05
1.08794e-05
7.61633e-05
9.2024e-06
7.73145e-05
7.43118e-06
5.60696e-06
7.82797e-05
6.72596e-05
9.70505e-06
6.83055e-05
8.15669e-06
6.92055e-05
6.53139e-06
4.87536e-06
6.99372e-05
6.04103e-05
8.74809e-06
6.12548e-05
7.31235e-06
6.1972e-05
5.81438e-06
4.30354e-06
6.2544e-05
5.43238e-05
7.94243e-06
5.50351e-05
6.60118e-06
5.56408e-05
5.20896e-06
3.81553e-06
5.61288e-05
4.88938e-05
7.23241e-06
4.95279e-05
5.96713e-06
5.00775e-05
4.6595e-06
3.35709e-06
5.0536e-05
4.38093e-05
6.592e-06
4.43896e-05
5.38683e-06
4.49024e-05
4.1468e-06
2.91421e-06
4.53453e-05
3.86658e-05
6.03203e-06
3.91759e-05
4.87665e-06
3.96294e-05
3.6934e-06
2.51517e-06
4.00285e-05
3.32217e-05
5.58103e-06
3.36278e-05
4.47054e-06
3.39848e-05
3.33639e-06
2.19906e-06
3.43009e-05
2.75676e-05
5.25222e-06
2.78571e-05
4.18098e-06
2.81086e-05
3.0848e-06
1.97474e-06
2.83328e-05
2.20227e-05
5.03069e-06
2.22169e-05
3.98673e-06
2.23909e-05
2.91079e-06
1.81152e-06
2.2554e-05
1.68478e-05
4.89379e-06
1.69731e-05
3.8614e-06
1.70931e-05
2.79081e-06
1.69462e-06
1.72099e-05
1.20877e-05
4.83002e-06
1.21521e-05
3.797e-06
1.22168e-05
2.72604e-06
1.62741e-06
1.22841e-05
7.67539e-06
4.85146e-06
7.65611e-06
3.81632e-06
7.63696e-06
2.74525e-06
1.64488e-06
7.61952e-06
2.84241e-06
2.80008e-06
2.75692e-06
2.71754e-06
7.88421e-05
-2.3668e-05
9.19121e-05
-4.56997e-05
5.48088e-05
-3.24155e-05
1.47706e-05
-2.32075e-05
2.54089e-06
2.5297e-05
-1.33685e-05
0.000124484
-3.90829e-05
0.000188436
-4.2005e-05
0.00028648
-6.21258e-05
0.000367922
-0.000105216
0.000294665
-0.000114748
0.000150201
-3.72366e-05
-0.000126955
4.11072e-05
-0.000244733
0.000100601
-0.000276131
0.000142307
-0.000271949
0.000208213
-0.00021512
0.000289928
-4.43276e-05
1.16837e-05
0.000143564
-0.000228777
4.55255e-05
-3.5176e-05
6.95249e-06
-7.12665e-06
-0.000156536
0.000131073
-0.000233057
5.33129e-05
-0.00017865
-2.91099e-05
-0.00010321
4.90438e-05
-4.45855e-05
0.000129812
-2.96039e-05
0.000271499
1.03475e-05
0.00032797
-1.81584e-05
0.000323171
-1.95807e-05
0.000151623
3.94452e-05
-0.000185981
7.47822e-05
-0.00028007
0.000100374
-0.000301723
9.63037e-05
-0.000267878
0.000106243
-0.000225059
0.000174705
-0.000112789
3.47033e-05
0.000283565
-0.000194074
9.71178e-05
-0.000163794
5.05821e-05
3.94092e-05
-6.8039e-05
0.000249695
-0.000132236
0.00011751
-9.39216e-05
-6.74239e-05
-5.8973e-05
1.40952e-05
-2.78285e-05
9.86673e-05
-1.12096e-06
0.000244791
1.06865e-05
0.000316163
1.72902e-05
0.000316567
4.42844e-05
0.000124629
6.10167e-05
-0.000202713
8.67131e-05
-0.000305766
7.6037e-05
-0.000291047
7.32873e-05
-0.000265129
7.19665e-05
-0.000223738
0.000102675
-0.000143498
2.72311e-05
0.000359009
-0.000166843
0.000234301
-0.000278018
0.000277701
-3.99096e-06
0.000210925
0.00031647
0.000113168
0.000215267
-2.41673e-05
6.99111e-05
-6.18986e-05
5.18265e-05
-3.67579e-05
7.35266e-05
1.37229e-05
0.000194311
3.50183e-05
0.000294868
3.00606e-05
0.000321525
2.82167e-05
0.000126473
6.42524e-05
-0.000238749
4.5632e-05
-0.000287145
4.84384e-05
-0.000293853
4.70347e-05
-0.000263725
3.52241e-05
-0.000211928
1.28137e-05
-0.000121088
1.4358e-05
0.000357464
-0.000152484
7.20734e-05
-0.000435312
0.000243235
-0.000175153
0.000360203
0.000199502
0.000303565
0.000271905
0.000154732
0.000218744
2.10725e-06
0.000204452
-4.17877e-05
0.000117422
1.08503e-05
0.000141673
3.73179e-05
0.0002684
5.73428e-05
0.0003015
2.92142e-05
0.000154602
1.93148e-05
-0.00022885
9.87443e-06
-0.000277705
1.4301e-05
-0.00029828
6.9623e-06
-0.000256386
-1.91995e-05
-0.000185766
-9.72514e-05
-4.30356e-05
1.2258e-05
0.000247955
-0.000140226
-0.000187606
-0.000529743
-4.83788e-05
-0.00031438
0.000107591
4.35313e-05
0.00016005
0.000219447
0.000115068
0.000263726
3.20114e-05
0.000287508
-4.60322e-07
0.000149893
-3.4784e-06
0.000144691
1.94144e-05
0.000245507
3.23544e-05
0.00028856
3.59123e-05
0.000151044
-2.6597e-05
-0.00016634
-3.08731e-05
-0.000273429
-3.30056e-05
-0.000296147
-4.95557e-05
-0.000239836
-9.64618e-05
-0.00013886
-0.000154437
1.494e-05
2.42683e-05
6.92494e-05
-0.000115958
-0.000411213
-0.000460786
-0.000397915
-0.000327678
-0.000314659
-3.97246e-05
-0.000224234
0.000129022
-0.000132523
0.000172015
-7.89741e-06
0.000162882
2.83466e-05
0.000113649
-2.56133e-05
0.000198651
-3.29004e-05
0.000252794
-3.87905e-05
0.00029445
-1.59825e-05
0.000128236
-7.22375e-05
-0.000110085
-8.29474e-05
-0.000262719
-8.74053e-05
-0.000291689
-0.000104874
-0.000222368
-0.000124248
-0.000119486
-8.68079e-05
-2.24999e-05
1.95965e-05
-3.7155e-05
-9.63616e-05
-0.000526906
-0.000233498
-0.000632427
-0.000222157
-0.000591654
-8.04975e-05
-0.000452685
-9.94712e-06
-0.000297654
1.69841e-05
-0.000134654
-1.17859e-07
-0.000110621
8.96164e-05
-0.000127857
0.000215886
-0.00013941
0.000264348
-8.6203e-05
0.000241243
-3.17027e-05
7.37357e-05
-0.000116832
-2.49559e-05
-0.00013203
-0.000247521
-0.000131279
-0.00029244
-0.000136721
-0.000216926
-0.000114139
-0.000142069
-3.83932e-05
-9.82451e-05
1.26497e-05
-8.8198e-05
-8.37119e-05
-0.000486733
-1.14193e-05
-0.000700987
-7.90319e-06
-0.000722393
-5.90918e-05
-0.00064407
-8.82699e-05
-0.000534533
-9.25532e-05
-0.000440356
-9.42947e-05
-0.000343848
-6.89128e-06
-0.000264787
0.000136825
-0.00017971
0.000179271
-2.73614e-05
8.88944e-05
9.99424e-06
3.638e-05
-0.000124294
0.000109332
-0.000158184
-0.000213631
-0.000149956
-0.000300668
-0.000135491
-0.000231391
-0.000105598
-0.000171962
-5.17337e-05
-0.00015211
-5.3839e-06
-0.000134548
-8.90958e-05
-0.000161589
-3.54328e-05
-0.000156781
-1.27116e-05
-0.000183575
-3.22975e-05
-0.000209111
-6.27342e-05
-0.000220057
-8.1607e-05
-0.000252147
-6.22045e-05
-0.000256007
-3.03171e-06
-0.000185132
6.59493e-05
-4.80751e-05
4.2215e-05
3.70476e-05
3.77161e-06
-1.81015e-06
7.52378e-05
-0.000134348
0.00024187
-0.000172443
-0.000175536
-0.000162922
-0.00031019
-0.000126828
-0.000267485
-9.2733e-05
-0.000206056
-5.73316e-05
-0.000187511
-1.82027e-05
-0.000173677
-0.000107299
-0.000155805
-8.43743e-05
-0.000112254
-5.62627e-05
-9.1044e-05
-5.35075e-05
-8.6281e-05
-6.74972e-05
-8.58119e-05
-8.20761e-05
-7.6686e-05
-7.13304e-05
-6.22451e-05
-1.74725e-05
-4.48476e-05
4.85517e-05
-3.48302e-05
3.21975e-05
-6.12072e-05
3.01486e-05
-0.000181763
0.000195793
-0.000182563
0.00024267
-0.000194427
-0.000163672
-0.0002025
-0.000302116
-0.000148791
-0.000321194
-9.14136e-05
-0.000263434
-5.11036e-05
-0.000227821
-1.70884e-05
-0.000207692
-0.000124387
-0.000206698
-0.000124767
-0.000173267
-8.96943e-05
-0.000153455
-7.33195e-05
-0.000150583
-7.03688e-05
-0.000154004
-7.86557e-05
-0.000143176
-8.21578e-05
-8.90579e-05
-7.15909e-05
-6.23824e-05
2.18763e-05
-0.000124867
9.46819e-05
-0.000254318
0.0001596
-0.000322487
0.000263962
-0.000225479
0.000145662
-0.000223132
-0.000166019
-0.000242187
-0.000283061
-0.000223127
-0.000340254
-0.000148813
-0.000337748
-7.06153e-05
-0.000306018
-1.75139e-05
-0.000260793
-0.000141901
-0.000283107
-0.000186745
-0.000241965
-0.000130836
-0.000224241
-9.10434e-05
-0.000228441
-6.61686e-05
-0.000279322
-2.77748e-05
-0.000314611
-4.6869e-05
-0.000345751
-4.04503e-05
-0.000352305
2.84296e-05
-0.000367496
0.000109874
-0.000381706
0.00017381
-0.000316313
0.000198569
-0.000205051
3.44003e-05
-0.000211691
-0.00015938
-0.000232605
-0.000262147
-0.000244901
-0.000327959
-0.000210298
-0.000372351
-0.000124959
-0.000391357
-3.93073e-05
-0.000346445
-0.000181208
-0.000458553
-0.000151259
-0.000448748
-0.000140641
-0.000418809
-0.000120983
-0.0003873
-9.76771e-05
-0.000347642
-6.74331e-05
-0.0003473
-4.72107e-05
-0.000377572
-1.0179e-05
-0.000400992
5.18503e-05
-0.000399897
0.000108778
-0.00035383
0.000127743
-0.000244871
8.961e-05
-0.000159323
-5.11473e-05
-0.00014267
-0.000176033
-0.000150754
-0.000254063
-0.000179794
-0.000298919
-0.000203235
-0.000348911
-0.000171632
-0.000422959
-8.33656e-05
-0.000434712
-0.000264574
-0.000435998
-0.000105149
-0.000443439
-0.0001332
-0.000426917
-0.000137504
-0.000405708
-0.000118886
-0.000388137
-8.50041e-05
-0.000384158
-5.11899e-05
-0.000379998
-1.43389e-05
-0.000352984
2.4837e-05
-0.00029796
5.37531e-05
-0.00022014
4.99232e-05
-0.000121181
-9.34904e-06
-5.92055e-05
-0.000113123
-3.48624e-05
-0.000200377
-3.00013e-05
-0.000258924
-4.7122e-05
-0.000281798
-9.65003e-05
-0.000299533
-0.000159792
-0.000359667
-0.000113523
-0.000480981
-0.000378097
-0.000304658
-5.71247e-05
-0.000327866
-0.000109992
-0.000325206
-0.000140164
-0.000308925
-0.000135168
-0.000285368
-0.000108561
-0.00026032
-7.62378e-05
-0.000231225
-4.34345e-05
-0.000189548
-1.68395e-05
-0.000127671
-8.12392e-06
-5.32793e-05
-2.44691e-05
1.43354e-05
-7.69638e-05
5.4418e-05
-0.000153206
6.98976e-05
-0.000215856
7.02176e-05
-0.000259244
6.50859e-05
-0.000276667
4.87963e-05
-0.000283243
1.77173e-06
-0.000312643
-2.8641e-05
-0.000450569
-0.000406738
-0.000125223
-7.58258e-06
-0.000152352
-8.28634e-05
-0.000153805
-0.000138711
-0.000137264
-0.000151708
-0.000113189
-0.000132635
-8.57793e-05
-0.000103647
-5.3573e-05
-7.56409e-05
-1.40234e-05
-5.6389e-05
3.37025e-05
-5.58499e-05
8.65338e-05
-7.73003e-05
0.00012913
-0.00011956
0.000147591
-0.000171667
0.000147664
-0.00021593
0.000133903
-0.000245483
0.000115977
-0.00025874
0.000103788
-0.000271054
7.33768e-05
-0.000282231
-7.06473e-08
-0.000377121
-0.000406808
6.21353e-05
3.51675e-05
2.35299e-05
-4.42579e-05
5.42627e-06
-0.000120608
5.34977e-06
-0.000151632
1.89318e-05
-0.000146217
4.0765e-05
-0.000125481
6.98122e-05
-0.000104688
0.00010388
-9.04569e-05
0.000138305
-9.02743e-05
0.00016802
-0.000107016
0.00018614
-0.00013768
0.000188343
-0.00017387
0.000177226
-0.000204813
0.00015616
-0.000224417
0.000129669
-0.00023225
9.7547e-05
-0.000238932
6.80463e-05
-0.000252731
9.92482e-06
-0.000319
-0.000396883
0.000200591
5.05817e-05
0.000172663
-1.633e-05
0.000141029
-8.89736e-05
0.000117105
-0.000127707
0.000104281
-0.000133394
0.000102103
-0.000123303
0.000109338
-0.000111923
0.00012523
-0.000106349
0.000145065
-0.000110109
0.000162281
-0.000124232
0.00017112
-0.000146519
0.000169075
-0.000171825
0.000157696
-0.000193434
0.000139427
-0.000206148
0.000115615
-0.000208437
8.25588e-05
-0.000205876
4.90048e-05
-0.000219177
1.23455e-05
-0.000282341
-0.000384538
0.000239316
5.6207e-05
0.000227883
-4.89754e-06
0.000201201
-6.22913e-05
0.00017204
-9.85459e-05
0.000148189
-0.000109543
0.000133686
-0.0001088
0.000128077
-0.000106314
0.000129021
-0.000107293
0.000133373
-0.000114461
0.000137605
-0.000128464
0.000138541
-0.000147455
0.00013429
-0.000167574
0.000124919
-0.000184063
0.000110998
-0.000192226
9.12526e-05
-0.000188692
6.18716e-05
-0.000176495
2.66663e-05
-0.000183971
1.2268e-06
-0.000256901
-0.000383311
0.000228595
4.59572e-05
0.000221906
1.79117e-06
0.00020193
-4.23152e-05
0.000176316
-7.29315e-05
0.000154059
-8.72855e-05
0.000138647
-9.33879e-05
0.000130319
-9.79851e-05
0.000127564
-0.000104538
0.000127771
-0.000114668
0.000127763
-0.000128456
0.000124816
-0.000144509
0.000117738
-0.000160495
0.000106916
-0.000173242
9.28444e-05
-0.000178154
7.38609e-05
-0.000169709
4.80623e-05
-0.000150697
1.84656e-05
-0.000154375
-4.1984e-06
-0.000234237
-0.00038751
0.000192123
3.41128e-05
0.000192148
1.76644e-06
0.000180305
-3.04717e-05
0.000162969
-5.55954e-05
0.000147253
-7.15696e-05
0.000136071
-8.22062e-05
0.000129603
-9.15167e-05
0.000126788
-0.000101723
0.000125757
-0.000113637
0.000124264
-0.000126962
0.000120239
-0.000140484
0.000112332
-0.000152589
0.000100284
-0.000161193
8.45343e-05
-0.000162405
6.46211e-05
-0.000149795
4.26206e-05
-0.000128696
2.55206e-05
-0.000137275
3.4186e-06
-0.000212135
-0.000384091
0.000162184
2.538e-05
0.000163804
1.46442e-07
0.000158058
-2.47258e-05
0.000148362
-4.58997e-05
0.000138907
-6.21144e-05
0.000131775
-7.50742e-05
0.000127356
-8.7098e-05
0.000125186
-9.9552e-05
0.000124331
-0.000112782
0.000123318
-0.00012595
0.00011994
-0.000137106
0.000111972
-0.00014462
9.84604e-05
-0.000147682
8.01619e-05
-0.000144106
5.81469e-05
-0.00012778
3.74361e-05
-0.000107985
2.6288e-05
-0.000126127
3.49902e-06
-0.000189346
-0.000380592
0.000141998
1.94473e-05
0.000143782
-1.63711e-06
0.0001411
-2.20437e-05
0.000135715
-4.05144e-05
0.000129965
-5.63646e-05
0.000125419
-7.05284e-05
0.000122667
-8.43452e-05
0.000121856
-9.8741e-05
0.00012274
-0.000113666
0.000123784
-0.000126994
0.000121836
-0.000135158
0.000113666
-0.000136451
9.80245e-05
-0.00013204
7.64005e-05
-0.000122482
5.15928e-05
-0.000102973
3.15984e-05
-8.79908e-05
2.67765e-05
-0.000121305
2.0765e-05
-0.000183335
-0.000359827
0.000126334
1.50005e-05
0.000127865
-3.16781e-06
0.000126482
-2.0661e-05
0.000123214
-3.72461e-05
0.000119563
-5.27138e-05
0.000116695
-6.76601e-05
0.0001155
-8.31507e-05
0.000116898
-0.000100139
0.000120757
-0.000117525
0.000124331
-0.000130568
0.000123104
-0.000133931
0.000113506
-0.000126852
9.4992e-05
-0.000113526
7.0123e-05
-9.76134e-05
4.31238e-05
-7.59737e-05
2.46838e-05
-6.95508e-05
2.51965e-05
-0.000121818
1.82936e-05
-0.000176432
-0.000341534
0.000112633
1.15093e-05
0.000113775
-4.31005e-06
0.000112904
-1.97901e-05
0.000110709
-3.50512e-05
0.000108153
-5.01575e-05
0.000106234
-6.57409e-05
0.000106484
-8.34005e-05
0.000110279
-0.000103934
0.000116521
-0.000123767
0.000120932
-0.000134979
0.00011842
-0.000131419
0.000106247
-0.00011468
8.51446e-05
-9.24235e-05
5.83803e-05
-7.08491e-05
3.11098e-05
-4.87034e-05
1.67458e-05
-5.51869e-05
2.03893e-05
-0.000125461
1.36773e-05
-0.00016972
-0.000327856
0.000100414
8.85025e-06
0.000101202
-5.09884e-06
0.000100443
-1.90313e-05
9.86025e-05
-3.32101e-05
9.62552e-05
-4.78103e-05
9.464e-05
-6.41256e-05
9.59075e-05
-8.4668e-05
0.000100706
-0.000108732
0.000106563
-0.000129625
0.000108838
-0.000137254
0.000103219
-0.0001258
8.83936e-05
-9.98547e-05
6.61783e-05
-7.02082e-05
3.99169e-05
-4.45876e-05
1.56225e-05
-2.44089e-05
9.97e-06
-4.95345e-05
1.63993e-05
-0.000131891
1.15535e-05
-0.000164875
-0.000316303
8.949e-05
6.89523e-06
8.99149e-05
-5.52372e-06
8.9022e-05
-1.81385e-05
8.70184e-05
-3.12064e-05
8.42845e-05
-4.50765e-05
8.24666e-05
-6.23076e-05
8.33573e-05
-8.55589e-05
8.61382e-05
-0.000111513
8.82034e-05
-0.00013169
8.63629e-05
-0.000135413
7.74388e-05
-0.000116876
6.09618e-05
-8.33777e-05
3.95034e-05
-4.87498e-05
1.63551e-05
-2.14392e-05
-3.07561e-07
-7.74602e-06
6.36817e-06
-5.62102e-05
1.41793e-05
-0.000139702
1.08191e-05
-0.000161514
-0.000305484
7.96487e-05
5.52616e-06
7.97629e-05
-5.63783e-06
7.86696e-05
-1.70452e-05
7.62905e-05
-2.88274e-05
7.30293e-05
-4.18154e-05
7.02444e-05
-5.95226e-05
6.85521e-05
-8.38666e-05
6.65208e-05
-0.000109481
6.29064e-05
-0.000128076
5.67588e-05
-0.000129265
4.52941e-05
-0.000105411
2.83688e-05
-6.64524e-05
9.52652e-06
-2.99074e-05
-7.34041e-06
-4.57224e-06
-9.39263e-06
-5.69371e-06
7.20896e-06
-7.28119e-05
1.31109e-05
-0.000145604
9.85556e-06
-0.000158259
-0.000295628
7.08906e-05
4.57281e-06
7.07982e-05
-5.54546e-06
6.95942e-05
-1.58411e-05
6.70899e-05
-2.6323e-05
6.34376e-05
-3.8163e-05
5.8905e-05
-5.499e-05
5.32395e-05
-7.82011e-05
4.55035e-05
-0.000101745
3.59117e-05
-0.000118484
2.56153e-05
-0.000118969
1.22579e-05
-9.20534e-05
-2.86241e-06
-5.13319e-05
-1.87592e-05
-1.40105e-05
-2.58203e-05
2.489e-06
-8.92369e-06
-2.25904e-05
1.13116e-05
-9.30472e-05
1.31722e-05
-0.000147464
9.36878e-06
-0.000154456
-0.00028626
6.32664e-05
3.85044e-06
6.31358e-05
-5.4148e-06
6.21017e-05
-1.48068e-05
5.99655e-05
-2.41869e-05
5.63226e-05
-3.452e-05
5.02966e-05
-4.8964e-05
4.11721e-05
-6.90765e-05
2.86831e-05
-8.92564e-05
1.33764e-05
-0.000103177
-2.41454e-06
-0.000103178
-1.6504e-05
-7.79639e-05
-3.00437e-05
-3.77921e-05
-3.63052e-05
-7.74894e-06
-2.35494e-05
-1.02667e-05
2.27413e-06
-4.84139e-05
1.62593e-05
-0.000107032
1.42307e-05
-0.000145436
1.08097e-05
-0.000151035
-0.00027545
5.68121e-05
3.16727e-06
5.68067e-05
-5.40943e-06
5.61836e-05
-1.41836e-05
5.4794e-05
-2.27973e-05
5.18998e-05
-3.16257e-05
4.58986e-05
-4.29628e-05
3.55066e-05
-5.86844e-05
2.08367e-05
-7.45864e-05
2.17779e-06
-8.4518e-05
-1.64297e-05
-8.45704e-05
-3.1145e-05
-6.32486e-05
-3.82762e-05
-3.06608e-05
-3.03904e-05
-1.56346e-05
-4.46684e-06
-3.61902e-05
1.78682e-05
-7.07488e-05
1.8948e-05
-0.000108112
7.68951e-06
-0.000134177
1.13055e-05
-0.000154651
-0.000264144
5.12833e-05
2.42007e-06
5.15208e-05
-5.64688e-06
5.13147e-05
-1.39774e-05
5.06641e-05
-2.21466e-05
4.90383e-05
-2.99998e-05
4.47641e-05
-3.86886e-05
3.60466e-05
-4.99668e-05
2.32198e-05
-6.17597e-05
6.92341e-06
-6.82216e-05
-1.06411e-05
-6.70059e-05
-2.08471e-05
-5.30426e-05
-1.71406e-05
-3.43673e-05
4.79375e-07
-3.32545e-05
2.10756e-05
-5.67864e-05
2.89789e-05
-7.86521e-05
1.99017e-05
-9.90349e-05
-7.30482e-06
-0.000106971
1.40515e-06
-0.000163361
-0.000262739
4.61494e-05
1.61601e-06
4.65911e-05
-6.0885e-06
4.6644e-05
-1.40303e-05
4.63733e-05
-2.18759e-05
4.57203e-05
-2.93467e-05
4.36402e-05
-3.66086e-05
3.8431e-05
-4.47577e-05
3.04412e-05
-5.37698e-05
2.15562e-05
-5.93366e-05
1.23818e-05
-5.78314e-05
9.01884e-06
-4.96796e-05
1.75839e-05
-4.29323e-05
3.31519e-05
-4.88225e-05
4.16758e-05
-6.53102e-05
4.09094e-05
-7.78857e-05
3.01365e-05
-8.8262e-05
1.8347e-06
-7.86689e-05
3.35644e-06
-0.000164882
-0.000259383
4.07858e-05
8.58669e-07
4.12655e-05
-6.56818e-06
4.13603e-05
-1.4125e-05
4.11096e-05
-2.16253e-05
4.07225e-05
-2.89597e-05
3.98472e-05
-3.57333e-05
3.74633e-05
-4.23737e-05
3.37817e-05
-5.00881e-05
3.11786e-05
-5.67335e-05
3.14103e-05
-5.80631e-05
3.56207e-05
-5.389e-05
4.41431e-05
-5.14548e-05
5.12693e-05
-5.59487e-05
5.18728e-05
-6.59137e-05
4.97586e-05
-7.57714e-05
4.7554e-05
-8.60573e-05
3.90021e-05
-7.01169e-05
2.47934e-05
-0.000150674
-0.000234589
3.49126e-05
2.46964e-07
3.52713e-05
-6.92693e-06
3.52678e-05
-1.41214e-05
3.49111e-05
-2.12686e-05
3.4414e-05
-2.84626e-05
3.37389e-05
-3.50581e-05
3.25e-05
-4.11348e-05
3.09124e-05
-4.85005e-05
3.04412e-05
-5.62623e-05
3.31129e-05
-6.07348e-05
3.94722e-05
-6.02494e-05
4.64762e-05
-5.84588e-05
4.96127e-05
-5.90852e-05
4.83722e-05
-6.46731e-05
4.91359e-05
-7.6535e-05
5.07841e-05
-8.77054e-05
5.11296e-05
-7.04624e-05
3.72526e-05
-0.000136797
-0.000197337
2.87897e-05
-2.09896e-07
2.89849e-05
-7.12224e-06
2.89005e-05
-1.40371e-05
2.84993e-05
-2.08675e-05
2.79208e-05
-2.78841e-05
2.72782e-05
-3.44155e-05
2.64512e-05
-4.03077e-05
2.5561e-05
-4.76103e-05
2.50805e-05
-5.57819e-05
2.62561e-05
-6.19104e-05
2.99599e-05
-6.39532e-05
3.39317e-05
-6.24306e-05
3.67989e-05
-6.19524e-05
3.73475e-05
-6.52217e-05
4.05328e-05
-7.97201e-05
3.92271e-05
-8.63997e-05
3.96455e-05
-7.08808e-05
3.48653e-05
-0.000132017
-0.000162472
2.28762e-05
-5.32049e-07
2.29699e-05
-7.21602e-06
2.28825e-05
-1.39497e-05
2.25613e-05
-2.05463e-05
2.2065e-05
-2.73878e-05
2.15997e-05
-3.39501e-05
2.11933e-05
-3.99014e-05
2.04998e-05
-4.69168e-05
1.93718e-05
-5.46539e-05
1.85628e-05
-6.11015e-05
1.9446e-05
-6.48365e-05
2.129e-05
-6.42746e-05
2.48537e-05
-6.5516e-05
2.74692e-05
-6.78371e-05
3.02373e-05
-8.24881e-05
2.78218e-05
-8.39842e-05
2.70312e-05
-7.00902e-05
2.48249e-05
-0.00012981
-0.000137647
1.7425e-05
-7.47091e-07
1.74608e-05
-7.25191e-06
1.74014e-05
-1.38903e-05
1.72289e-05
-2.03739e-05
1.69151e-05
-2.7074e-05
1.66376e-05
-3.36725e-05
1.64957e-05
-3.97595e-05
1.5977e-05
-4.63981e-05
1.46492e-05
-5.33261e-05
1.29261e-05
-5.93786e-05
1.23001e-05
-6.42106e-05
1.3422e-05
-6.53966e-05
1.68575e-05
-6.89514e-05
2.0686e-05
-7.16656e-05
2.18702e-05
-8.36723e-05
2.46913e-05
-8.68052e-05
2.93445e-05
-7.47434e-05
2.09821e-05
-0.000121448
-0.000116665
1.23498e-05
-8.12774e-07
1.23549e-05
-7.25708e-06
1.2326e-05
-1.38614e-05
1.22963e-05
-2.03441e-05
1.21788e-05
-2.69565e-05
1.20003e-05
-3.34939e-05
1.19114e-05
-3.96706e-05
1.15953e-05
-4.6082e-05
1.06978e-05
-5.24287e-05
9.43348e-06
-5.81144e-05
8.59594e-06
-6.33731e-05
9.39215e-06
-6.61928e-05
1.13107e-05
-7.08699e-05
1.43278e-05
-7.46826e-05
1.40868e-05
-8.34312e-05
1.8736e-05
-9.14545e-05
2.73923e-05
-8.33997e-05
1.7579e-05
-0.000111635
-9.90856e-05
7.528e-06
-7.21215e-07
7.49894e-06
-7.228e-06
7.51193e-06
-1.38744e-05
7.55955e-06
-2.03917e-05
7.55769e-06
-2.69545e-05
7.45645e-06
-3.33927e-05
7.37496e-06
-3.95891e-05
7.20131e-06
-4.59084e-05
6.75918e-06
-5.19867e-05
6.18478e-06
-5.754e-05
5.58271e-06
-6.27711e-05
5.88392e-06
-6.6494e-05
6.41081e-06
-7.13968e-05
7.61807e-06
-7.58898e-05
6.88831e-06
-8.27014e-05
7.65084e-06
-9.2217e-05
1.26353e-05
-8.83841e-05
6.91348e-06
-0.000105913
-9.21721e-05
2.61334e-06
2.59723e-06
2.61438e-06
2.64634e-06
2.64597e-06
2.59599e-06
2.57905e-06
2.49609e-06
2.33021e-06
2.15101e-06
1.83913e-06
1.95465e-06
1.96063e-06
2.33725e-06
2.17241e-06
8.22969e-07
1.61717e-06
-1.03765e-06
)
;

boundaryField
{
    leftWall
    {
        type            calculated;
        value           uniform 0;
    }
    rightWall
    {
        type            calculated;
        value           uniform 0;
    }
    lowerWall
    {
        type            calculated;
        value           uniform 0;
    }
    atmosphere
    {
        type            calculated;
        value           nonuniform List<scalar> 
46
(
6.04406e-05
6.06001e-05
5.9655e-05
5.89259e-05
5.82998e-05
5.73306e-05
5.63122e-05
5.50808e-05
5.37109e-05
5.21586e-05
5.04228e-05
4.85025e-05
4.63922e-05
4.40829e-05
4.15676e-05
3.88411e-05
3.5906e-05
3.27515e-05
2.93724e-05
2.57678e-05
2.19458e-05
1.78943e-05
1.36209e-05
4.89644e-06
3.8587e-06
2.78842e-06
1.68423e-06
-6.17011e-07
-7.2119e-06
-1.38915e-05
-2.04237e-05
-2.69541e-05
-3.33427e-05
-3.95722e-05
-4.58255e-05
-5.18208e-05
-5.73609e-05
-6.24592e-05
-6.66095e-05
-7.14027e-05
-7.62664e-05
-8.25365e-05
-9.08675e-05
-8.91783e-05
-0.000103258
-9.32097e-05
)
;
    }
    defaultFaces
    {
        type            empty;
        value           nonuniform 0();
    }
}


// ************************************************************************* //
