/*--------------------------------*- C++ -*----------------------------------*\
| =========                 |                                                 |
| \\      /  F ield         | OpenFOAM: The Open Source CFD Toolbox           |
|  \\    /   O peration     | Version:  2.3.0                                 |
|   \\  /    A nd           | Web:      www.OpenFOAM.org                      |
|    \\/     M anipulation  |                                                 |
\*---------------------------------------------------------------------------*/
FoamFile
{
    version     2.0;
    format      ascii;
    class       surfaceScalarField;
    location    "82";
    object      phi;
}
// * * * * * * * * * * * * * * * * * * * * * * * * * * * * * * * * * * * * * //

dimensions      [0 3 -1 0 0 0 0];

internalField   nonuniform List<scalar> 
3650
(
3.05704e-05
4.44289e-06
7.21167e-05
-6.53671e-06
0.00011927
-1.21454e-05
0.00016592
-1.16426e-05
0.000209541
-8.61201e-06
0.000248425
-3.87353e-06
0.000281718
1.71969e-06
0.000308884
7.84814e-06
0.000329581
1.43181e-05
0.000343582
2.10161e-05
0.000350729
2.78693e-05
0.000351137
3.46101e-05
0.000343985
4.21714e-05
0.000328529
5.04755e-05
0.000305641
5.79075e-05
0.00027642
6.42406e-05
0.000242994
6.84465e-05
0.000207645
7.03689e-05
0.000172809
6.98558e-05
0.000140672
6.71537e-05
0.000112257
6.34319e-05
8.70644e-05
6.02066e-05
6.04884e-05
6.15911e-05
2.82115e-05
6.7295e-05
6.32269e-05
5.12392e-05
-4.67664e-05
9.35328e-05
-4.88038e-05
0.000131533
-5.01214e-05
0.00016626
-4.63458e-05
0.000197753
-4.00796e-05
0.000225802
-3.18949e-05
0.000250155
-2.26043e-05
0.000270506
-1.24722e-05
0.000286464
-1.60604e-06
0.00029754
9.97548e-06
0.000302914
2.25326e-05
0.000301675
3.58895e-05
0.000295637
4.82534e-05
0.000284605
6.15539e-05
0.000267997
7.45651e-05
0.000245786
8.65036e-05
0.000218825
9.54622e-05
0.000188887
0.000100361
0.000157814
0.000100982
0.000126742
9.82764e-05
9.64217e-05
9.37998e-05
6.80764e-05
8.85968e-05
4.20702e-05
8.76428e-05
1.9145e-05
9.027e-05
8.24166e-05
4.66253e-05
-9.33776e-05
8.71842e-05
-8.93483e-05
0.000118837
-8.176e-05
0.000144905
-7.2399e-05
0.00016676
-6.19188e-05
0.000185007
-5.01238e-05
0.000199708
-3.72849e-05
0.000210938
-2.36798e-05
0.000218822
-9.46506e-06
0.000223538
5.28625e-06
0.00022567
2.04308e-05
0.000225435
3.61585e-05
0.000220621
5.31045e-05
0.000211863
7.03541e-05
0.000198975
8.74996e-05
0.000181941
0.000103589
0.000160751
0.000116708
0.000136548
0.000124621
0.000111324
0.000126262
8.68978e-05
0.000122756
6.45627e-05
0.000116185
4.44514e-05
0.000108754
2.70329e-05
0.000105107
1.40997e-05
0.00010325
9.65583e-05
3.17236e-05
-0.000125094
5.84852e-05
-0.000116101
7.87929e-05
-0.000102058
9.5836e-05
-8.9431e-05
0.000109977
-7.60466e-05
0.000121136
-6.12681e-05
0.000129143
-4.52739e-05
0.000133919
-2.84348e-05
0.000135758
-1.12808e-05
0.000134897
6.17389e-06
0.000131274
2.40843e-05
0.000125239
4.2228e-05
0.000117611
6.07714e-05
0.000108417
7.9593e-05
9.76973e-05
9.82694e-05
8.55591e-05
0.000115784
7.21689e-05
0.000130161
5.84541e-05
0.000138402
4.51851e-05
0.000139597
3.32951e-05
0.000134708
2.32725e-05
0.000126264
1.4921e-05
0.000117157
8.48602e-06
0.000111592
3.8214e-06
0.000107966
0.000100425
1.37186e-05
-0.00013881
2.46983e-05
-0.000127077
3.2279e-05
-0.000109633
3.93431e-05
-9.64876e-05
4.4462e-05
-8.11558e-05
4.70663e-05
-6.38604e-05
4.71879e-05
-4.53805e-05
4.48972e-05
-2.61259e-05
4.04909e-05
-6.85275e-06
3.43645e-05
1.23257e-05
2.6909e-05
3.15692e-05
1.82706e-05
5.09003e-05
8.96272e-06
7.0118e-05
-5.55387e-07
8.91556e-05
-9.58716e-06
0.000107352
-1.71141e-05
0.000123369
-2.19829e-05
0.000135094
-2.39722e-05
0.000140458
-2.34003e-05
0.000139091
-2.08857e-05
0.000132255
-1.72617e-05
0.000122696
-1.33871e-05
0.000113333
-8.99956e-06
0.000107253
-4.25034e-06
0.000103265
9.6218e-05
-4.03159e-07
-0.000138406
-3.77855e-06
-0.0001237
-8.39686e-06
-0.000105011
-1.22928e-05
-9.25859e-05
-1.79832e-05
-7.54573e-05
-2.5721e-05
-5.61116e-05
-3.49741e-05
-3.6113e-05
-4.52885e-05
-1.57932e-05
-5.63747e-05
4.25578e-06
-6.78163e-05
2.37939e-05
-7.91602e-05
4.29443e-05
-8.98393e-05
6.16155e-05
-9.92417e-05
7.95619e-05
-0.000106451
9.64128e-05
-0.00011022
0.000111174
-0.000109252
0.000122461
-0.000103152
0.000129057
-9.27326e-05
0.000130104
-7.91808e-05
0.000125601
-6.43148e-05
0.000117447
-4.96247e-05
0.000108058
-3.6039e-05
9.97957e-05
-2.2992e-05
9.4253e-05
-1.05412e-05
9.08611e-05
8.57192e-05
-1.1981e-05
-0.000126425
-2.79737e-05
-0.000107705
-4.31425e-05
-8.98367e-05
-5.80302e-05
-7.7692e-05
-7.48485e-05
-5.86301e-05
-9.27159e-05
-3.82317e-05
-0.000110909
-1.79038e-05
-0.000128734
2.05289e-06
-0.00014558
2.11269e-05
-0.000160829
3.9073e-05
-0.000173637
5.57876e-05
-0.000183223
7.12415e-05
-0.000188618
8.50024e-05
-0.000188844
9.66899e-05
-0.000183124
0.00010551
-0.000171495
0.00011089
-0.000154486
0.000112108
-0.000133438
0.000109116
-0.00011043
0.000102649
-8.75987e-05
9.46668e-05
-6.63255e-05
8.68322e-05
-4.70333e-05
8.05476e-05
-2.91551e-05
7.64178e-05
-1.29e-05
7.46489e-05
7.28602e-05
-2.10823e-05
-0.000105342
-4.65458e-05
-8.22374e-05
-7.06316e-05
-6.57433e-05
-9.54245e-05
-5.28903e-05
-0.000121511
-3.25306e-05
-0.00014719
-1.25357e-05
-0.000171713
6.64068e-06
-0.000194043
2.44096e-05
-0.000213105
4.02196e-05
-0.00022787
5.38735e-05
-0.000237667
6.56252e-05
-0.000241614
7.52335e-05
-0.000239189
8.26263e-05
-0.000230265
8.78172e-05
-0.000215163
9.04616e-05
-0.000194725
9.05073e-05
-0.000169987
8.74244e-05
-0.00014293
8.2111e-05
-0.000115847
7.56137e-05
-9.03186e-05
6.91831e-05
-6.71277e-05
6.36829e-05
-4.62923e-05
5.97521e-05
-2.75382e-05
5.77026e-05
-1.15329e-05
5.86829e-05
6.13675e-05
-2.7872e-05
-7.74683e-05
-5.92536e-05
-5.08468e-05
-8.95756e-05
-3.54087e-05
-0.00012074
-2.17118e-05
-0.00015166
-1.59101e-06
-0.000180703
1.65324e-05
-0.000206893
3.28596e-05
-0.000228877
4.64274e-05
-0.000245626
5.70066e-05
-0.000256252
6.45419e-05
-0.000260082
6.94995e-05
-0.000257084
7.22824e-05
-0.000247686
7.32776e-05
-0.000232017
7.21979e-05
-0.000211056
6.95504e-05
-0.000185868
6.53679e-05
-0.000158402
6.00051e-05
-0.000130645
5.43975e-05
-0.00010418
4.919e-05
-7.9887e-05
4.49282e-05
-5.81252e-05
4.19579e-05
-3.88838e-05
4.05465e-05
-2.21965e-05
4.10504e-05
-8.86805e-06
4.5391e-05
5.25394e-05
-3.17626e-05
-4.57011e-05
-6.55543e-05
-1.70392e-05
-9.85202e-05
-2.42308e-06
-0.000131481
1.12717e-05
-0.000162608
2.95649e-05
-0.000190707
4.46648e-05
-0.000214544
5.67341e-05
-0.000232962
6.48867e-05
-0.000245143
6.92315e-05
-0.000250711
7.01554e-05
-0.000249594
6.84297e-05
-0.000241974
6.47097e-05
-0.000228187
5.95371e-05
-0.000209252
5.33077e-05
-0.000186493
4.68349e-05
-0.000161411
4.03271e-05
-0.000135746
3.4379e-05
-0.000110751
2.94388e-05
-8.72727e-05
2.57461e-05
-6.57991e-05
2.34879e-05
-4.6616e-05
2.28072e-05
-2.99289e-05
2.38914e-05
-1.60803e-05
2.72337e-05
-5.98974e-06
3.53349e-05
4.65898e-05
-3.17138e-05
-1.39784e-05
-6.46338e-05
1.59052e-05
-9.6676e-05
2.96478e-05
-0.000127664
4.22909e-05
-0.000155945
5.78842e-05
-0.000180681
6.94435e-05
-0.000200803
7.69015e-05
-0.000215504
7.96349e-05
-0.000224142
7.79181e-05
-0.000226262
7.23232e-05
-0.000222072
6.42867e-05
-0.000212167
5.48495e-05
-0.000197546
4.49584e-05
-0.000179588
3.53897e-05
-0.000159374
2.66578e-05
-0.000138101
1.90882e-05
-0.000116696
1.30059e-05
-9.57357e-05
8.50938e-06
-7.56464e-05
5.68643e-06
-5.67826e-05
4.65304e-06
-3.9512e-05
5.56529e-06
-2.42806e-05
8.68862e-06
-1.17337e-05
1.47162e-05
-3.16422e-06
2.67982e-05
4.3466e-05
-2.8509e-05
1.45441e-05
-5.79845e-05
4.54144e-05
-8.65916e-05
5.82928e-05
-0.000113527
6.92665e-05
-0.000137627
8.20309e-05
-0.000158303
9.0169e-05
-0.00017486
9.35104e-05
-0.000186759
9.1586e-05
-0.000193139
8.43494e-05
-0.000193896
7.31296e-05
-0.000189498
5.99338e-05
-0.000180898
4.62902e-05
-0.000169158
3.32567e-05
-0.000155259
2.15243e-05
-0.000140022
1.1452e-05
-0.000124065
3.16056e-06
-0.00010768
-3.35087e-06
-9.10351e-05
-8.10964e-06
-7.42819e-05
-1.10413e-05
-5.76338e-05
-1.19699e-05
-4.14513e-05
-1.05922e-05
-2.62737e-05
-6.46338e-06
-1.2804e-05
1.27298e-06
-3.03053e-06
1.7056e-05
4.0476e-05
-2.39418e-05
3.85041e-05
-4.87014e-05
7.02163e-05
-7.27327e-05
8.23702e-05
-9.49717e-05
9.15537e-05
-0.000114635
0.000101747
-0.000131405
0.000106995
-0.000144863
0.000107025
-0.000154356
0.000101135
-0.000159268
8.93138e-05
-0.000160057
7.39664e-05
-0.000157362
5.7281e-05
-0.000152013
4.09799e-05
-0.000144813
2.60902e-05
-0.000136359
1.31004e-05
-0.000126999
2.12045e-06
-0.000116877
-6.93608e-06
-0.000105998
-1.42056e-05
-9.43256e-05
-1.97591e-05
-8.17839e-05
-2.35608e-05
-6.83238e-05
-2.54083e-05
-5.40302e-05
-2.48641e-05
-3.91514e-05
-2.132e-05
-2.42987e-05
-1.35563e-05
-1.17742e-05
4.56069e-06
2.87412e-05
-1.86822e-05
5.72082e-05
-3.79469e-05
8.95304e-05
-5.66484e-05
0.000101125
-7.37086e-05
0.000108668
-8.87017e-05
0.000116799
-0.000101537
0.000119891
-0.000112035
0.000117583
-0.000119412
0.000108571
-0.00012369
9.36439e-05
-0.000125439
7.5763e-05
-0.000125297
5.71799e-05
-0.000123916
3.96338e-05
-0.000121652
2.38577e-05
-0.000118639
1.01157e-05
-0.000114843
-1.64887e-06
-0.000110174
-1.1582e-05
-0.000104544
-1.98137e-05
-9.78456e-05
-2.64362e-05
-8.98768e-05
-3.15097e-05
-8.04044e-05
-3.48613e-05
-6.90658e-05
-3.61838e-05
-5.55659e-05
-3.48007e-05
-4.06452e-05
-2.84565e-05
-2.3688e-05
-1.23696e-05
5.08874e-06
-1.23492e-05
6.95821e-05
-2.51707e-05
0.000102406
-3.79033e-05
0.000113915
-4.93405e-05
0.000120163
-5.94478e-05
0.000126968
-6.82668e-05
0.000128773
-7.58366e-05
0.000125216
-8.15112e-05
0.000114305
-8.58072e-05
9.79926e-05
-8.91956e-05
7.91974e-05
-9.20195e-05
6.00437e-05
-9.43355e-05
4.19848e-05
-9.61524e-05
2.57054e-05
-9.7357e-05
1.1348e-05
-9.77886e-05
-1.19226e-06
-9.73126e-05
-1.20351e-05
-9.58314e-05
-2.12737e-05
-9.32376e-05
-2.90102e-05
-8.9423e-05
-3.53058e-05
-8.41818e-05
-4.00848e-05
-7.70312e-05
-4.33174e-05
-6.72202e-05
-4.45949e-05
-5.34365e-05
-4.22218e-05
-3.11866e-05
-3.45961e-05
-2.6069e-05
-5.4739e-06
7.50819e-05
-1.11276e-05
0.000108117
-1.70702e-05
0.000119919
-2.25103e-05
0.000125664
-2.74145e-05
0.000131936
-3.20364e-05
0.00013346
-3.66204e-05
0.000129864
-4.11215e-05
0.000118866
-4.58107e-05
0.000102734
-5.07824e-05
8.42151e-05
-5.594e-05
6.52414e-05
-6.09208e-05
4.70007e-05
-6.55014e-05
3.0317e-05
-6.94753e-05
1.53497e-05
-7.27014e-05
2.05894e-06
-7.51044e-05
-9.60918e-06
-7.66266e-05
-1.97304e-05
-7.72253e-05
-2.83921e-05
-7.69957e-05
-3.55173e-05
-7.57655e-05
-4.12979e-05
-7.29748e-05
-4.60918e-05
-6.751e-05
-5.00436e-05
-5.62401e-05
-5.34747e-05
-3.3087e-05
-5.77302e-05
-5.91353e-05
9.83447e-07
7.41245e-05
2.8855e-06
0.000106272
4.06153e-06
0.000118804
4.6686e-06
0.000125118
5.17699e-06
0.000131492
4.92469e-06
0.000133777
3.54836e-06
0.000131305
3.66583e-07
0.000122108
-4.35109e-06
0.000107506
-1.01538e-05
9.00647e-05
-1.65834e-05
7.17119e-05
-2.32237e-05
5.3677e-05
-2.96781e-05
3.68034e-05
-3.56325e-05
2.13327e-05
-4.08768e-05
7.32902e-06
-4.53146e-05
-5.14802e-06
-4.89293e-05
-1.60944e-05
-5.18232e-05
-2.54786e-05
-5.39537e-05
-3.33685e-05
-5.48019e-05
-4.04324e-05
-5.372e-05
-4.71572e-05
-5.01347e-05
-5.36131e-05
-4.29577e-05
-6.06367e-05
-2.60102e-05
-7.46634e-05
-8.51325e-05
6.3091e-06
6.78413e-05
1.604e-05
9.65951e-05
2.40391e-05
0.000110864
3.03971e-05
0.000118819
3.61001e-05
0.000125851
4.03062e-05
0.000129635
4.24202e-05
0.000129255
4.14351e-05
0.000123153
3.75269e-05
0.000111469
3.15035e-05
9.61366e-05
2.42094e-05
7.90487e-05
1.6298e-05
6.16259e-05
8.32774e-06
4.48071e-05
7.02346e-07
2.89879e-05
-6.28675e-06
1.43449e-05
-1.24731e-05
1.06253e-06
-1.77964e-05
-1.07491e-05
-2.22618e-05
-2.09929e-05
-2.55142e-05
-3.00972e-05
-2.69742e-05
-3.89548e-05
-2.65078e-05
-4.76072e-05
-2.39962e-05
-5.61095e-05
-2.06785e-05
-6.3941e-05
-1.39338e-05
-8.13976e-05
-9.90588e-05
1.04852e-05
5.73821e-05
2.68146e-05
8.0314e-05
4.10006e-05
9.67343e-05
5.2658e-05
0.00010722
6.29592e-05
0.00011561
7.13872e-05
0.000121269
7.71663e-05
0.000123539
7.92361e-05
0.000121144
7.71364e-05
0.000113625
7.16944e-05
0.00010163
6.39599e-05
8.68285e-05
5.5e-05
7.06258e-05
4.56141e-05
5.42284e-05
3.63487e-05
3.8285e-05
2.75915e-05
2.31304e-05
1.96278e-05
9.05175e-06
1.2617e-05
-3.71516e-06
6.78597e-06
-1.51407e-05
2.42528e-06
-2.57169e-05
-4.22686e-07
-3.6089e-05
-1.84941e-06
-4.61644e-05
-1.63769e-06
-5.63067e-05
-1.82738e-06
-6.37386e-05
-3.42901e-06
-7.97873e-05
-0.000102483
1.28636e-05
4.4545e-05
3.29566e-05
6.0262e-05
5.24483e-05
7.72929e-05
6.89089e-05
9.08134e-05
8.322e-05
0.000101356
9.5285e-05
0.000109263
0.000104538
0.000114346
0.000110092
0.000115651
0.000110949
0.000112826
0.000107193
0.00010544
9.99301e-05
9.41395e-05
9.0318e-05
8.02811e-05
7.96336e-05
6.49512e-05
6.87469e-05
4.92057e-05
5.82153e-05
3.36924e-05
4.84447e-05
1.88497e-05
3.97178e-05
5.03634e-06
3.22841e-05
-7.68449e-06
2.62004e-05
-1.96129e-05
2.11659e-05
-3.10362e-05
1.70772e-05
-4.20594e-05
1.38441e-05
-5.30594e-05
1.01647e-05
-6.00462e-05
3.38596e-06
-7.29993e-05
-9.90938e-05
1.33804e-05
3.11915e-05
3.43955e-05
3.92809e-05
5.74854e-05
5.42458e-05
7.80347e-05
7.03132e-05
9.57469e-05
8.36972e-05
0.000110794
9.42726e-05
0.000122905
0.000102293
0.000131413
0.000107201
0.000135731
0.000108566
0.000135074
0.000106153
0.000129592
9.9674e-05
0.000120152
8.97686e-05
0.000108475
7.66703e-05
9.6028e-05
6.16903e-05
8.37356e-05
4.60181e-05
7.21585e-05
3.04564e-05
6.167e-05
1.55514e-05
5.24232e-05
1.58619e-06
4.43481e-05
-1.15162e-05
3.71322e-05
-2.38012e-05
3.04263e-05
-3.53364e-05
2.38938e-05
-4.65123e-05
1.72137e-05
-5.33523e-05
7.78962e-06
-6.35641e-05
-9.13006e-05
1.23029e-05
1.8916e-05
3.21202e-05
1.9492e-05
5.59857e-05
3.0415e-05
7.93724e-05
4.69689e-05
9.99979e-05
6.31197e-05
0.00011752
7.68025e-05
0.000131894
8.7974e-05
0.000142652
9.64994e-05
0.000149551
0.000101725
0.000152101
0.000103661
0.000149368
0.000102461
0.000141817
9.73716e-05
0.000130372
8.81627e-05
0.000116948
7.5156e-05
0.00010309
5.99139e-05
8.97755e-05
4.38036e-05
7.7548e-05
2.7808e-05
6.6592e-05
1.2568e-05
5.67366e-05
-1.63775e-06
4.77341e-05
-1.47781e-05
3.9078e-05
-2.66621e-05
3.03347e-05
-3.7753e-05
2.16243e-05
-4.46265e-05
1.07795e-05
-5.27059e-05
-8.05165e-05
1.01171e-05
8.8268e-06
2.68438e-05
2.78985e-06
4.83061e-05
8.98046e-06
7.21885e-05
2.31211e-05
9.49587e-05
4.0391e-05
0.000114753
5.70551e-05
0.000131063
7.17149e-05
0.00014359
8.40265e-05
0.000151996
9.33753e-05
0.000156153
9.95601e-05
0.000155964
0.000102706
0.000151544
0.000101846
0.000142746
9.70132e-05
0.000130261
8.76889e-05
0.000115846
7.43715e-05
0.000101193
5.84942e-05
8.74038e-05
4.16292e-05
7.49657e-05
2.50344e-05
6.37672e-05
9.586e-06
5.35339e-05
-4.52248e-06
4.37384e-05
-1.68466e-05
3.38471e-05
-2.7844e-05
2.39574e-05
-3.47198e-05
1.23821e-05
-4.11146e-05
-6.81283e-05
6.87209e-06
1.98304e-06
2.00681e-05
-1.03842e-05
3.70536e-05
-7.98222e-06
5.8393e-05
1.80917e-06
8.11888e-05
1.76291e-05
0.000102407
3.58779e-05
0.000120338
5.38291e-05
0.000134288
7.0127e-05
0.000143934
8.37837e-05
0.000149234
9.43156e-05
0.000150796
0.000101201
0.00014879
0.000103907
0.000143144
0.000102714
0.000133488
9.7397e-05
0.000120581
8.73274e-05
0.000105961
7.31572e-05
9.13307e-05
5.6296e-05
7.78216e-05
3.85753e-05
6.57639e-05
2.16713e-05
5.48475e-05
6.41827e-06
4.46038e-05
-6.58101e-06
3.4379e-05
-1.75995e-05
2.40305e-05
-2.43521e-05
1.24011e-05
-2.94665e-05
-5.57192e-05
3.87929e-06
-1.86749e-06
1.4129e-05
-2.06141e-05
2.70074e-05
-2.0841e-05
4.36937e-05
-1.48547e-05
6.34097e-05
-2.05967e-06
8.36419e-05
1.56792e-05
0.000101906
3.56047e-05
0.000116682
5.53973e-05
0.000127244
7.32726e-05
0.000133544
8.80707e-05
0.000136211
9.85899e-05
0.000135512
0.000104663
0.000131729
0.000106554
0.00012489
0.000104291
0.000114893
9.73776e-05
0.000102353
8.57458e-05
8.85786e-05
7.01129e-05
7.50973e-05
5.20927e-05
6.28786e-05
3.39208e-05
5.19588e-05
1.73649e-05
4.18965e-05
3.50512e-06
3.20139e-05
-7.69531e-06
2.20407e-05
-1.43577e-05
1.12735e-05
-1.86778e-05
-4.44359e-05
4.36165e-06
-6.20026e-06
1.14003e-05
-2.76343e-05
2.08476e-05
-3.02713e-05
3.24056e-05
-2.63934e-05
4.68485e-05
-1.64802e-05
6.31993e-05
-6.44328e-07
7.93988e-05
1.94393e-05
9.34566e-05
4.13805e-05
0.000104068
6.27088e-05
0.000110667
8.15249e-05
0.000113569
9.57444e-05
0.000113644
0.000104646
0.000111238
0.000109019
0.000106568
0.000109019
9.94615e-05
0.00010454
9.00638e-05
9.51961e-05
7.88514e-05
8.13726e-05
6.69548e-05
6.40299e-05
5.5644e-05
4.5266e-05
4.54982e-05
2.754e-05
3.63023e-05
1.27268e-05
2.74529e-05
1.17762e-06
1.86108e-05
-5.49219e-06
9.5223e-06
-9.56535e-06
-3.49023e-05
6.82091e-06
-1.2993e-05
1.06444e-05
-3.14397e-05
1.69391e-05
-3.65506e-05
2.41347e-05
-3.35716e-05
3.32009e-05
-2.55269e-05
4.43125e-05
-1.17329e-05
5.6409e-05
7.37168e-06
6.78802e-05
2.99454e-05
7.72012e-05
5.34316e-05
8.34087e-05
7.53684e-05
8.61907e-05
9.30182e-05
8.67437e-05
0.000104151
8.53763e-05
0.000110445
8.23759e-05
0.000112079
7.77732e-05
0.000109202
7.15137e-05
0.000101511
6.36124e-05
8.93248e-05
5.4506e-05
7.31811e-05
4.52158e-05
5.45941e-05
3.6615e-05
3.61727e-05
2.89217e-05
2.0448e-05
2.17043e-05
8.42015e-06
1.45365e-05
1.70081e-06
7.42616e-06
-2.4289e-06
-2.74634e-05
9.46244e-06
-2.24295e-05
1.15106e-05
-3.34695e-05
1.35591e-05
-3.85844e-05
1.6863e-05
-3.68592e-05
2.16325e-05
-3.02786e-05
2.79548e-05
-1.80345e-05
3.54122e-05
-6.03212e-08
4.31364e-05
2.22536e-05
4.99126e-05
4.66957e-05
5.4784e-05
7.05457e-05
5.71036e-05
9.07538e-05
5.7949e-05
0.000103363
5.75004e-05
0.000110954
5.59277e-05
0.000113712
5.3456e-05
0.000111733
4.99801e-05
0.000105044
4.53695e-05
9.39887e-05
3.95246e-05
7.90737e-05
3.29742e-05
6.11854e-05
2.65358e-05
4.26455e-05
2.07604e-05
2.62529e-05
1.55158e-05
1.36913e-05
1.03261e-05
6.91726e-06
5.23774e-06
2.68712e-06
-2.2212e-05
1.24119e-05
-3.48192e-05
1.47295e-05
-3.57682e-05
1.15744e-05
-3.54139e-05
1.06795e-05
-3.59482e-05
1.20657e-05
-3.16478e-05
1.45186e-05
-2.04682e-05
1.77936e-05
-3.31183e-06
2.12926e-05
1.87845e-05
2.45682e-05
4.34582e-05
2.71724e-05
6.79883e-05
2.87882e-05
8.91926e-05
2.98228e-05
0.000102386
3.02676e-05
0.000110569
3.01798e-05
0.000113861
2.9628e-05
0.000112345
2.85468e-05
0.000106183
2.67862e-05
9.58037e-05
2.40947e-05
8.18146e-05
2.04363e-05
6.48867e-05
1.64209e-05
4.66972e-05
1.2736e-05
2.99687e-05
9.50067e-06
1.69542e-05
6.30956e-06
1.01361e-05
3.22097e-06
5.80457e-06
-1.89767e-05
1.20586e-05
-4.68602e-05
1.38345e-05
-3.75251e-05
1.04109e-05
-3.19731e-05
6.64403e-06
-3.21642e-05
4.97012e-06
-2.99571e-05
4.141e-06
-1.96203e-05
3.71451e-06
-2.86264e-06
3.32598e-06
1.92021e-05
3.10137e-06
4.372e-05
3.1958e-06
6.794e-05
3.97686e-06
8.84658e-05
4.98057e-06
0.00010144
6.1176e-06
0.000109492
7.28338e-06
0.000112756
8.42039e-06
0.000111268
9.3873e-06
0.000105274
9.93886e-06
9.53067e-05
9.86662e-06
8.19367e-05
8.93043e-06
6.58669e-05
7.34849e-06
4.83167e-05
5.69278e-06
3.16562e-05
4.2776e-06
1.83975e-05
2.83066e-06
1.16114e-05
1.70113e-06
6.96366e-06
-1.72608e-05
8.77804e-06
-5.56248e-05
8.31141e-06
-3.70396e-05
6.69592e-06
-3.03389e-05
2.99628e-06
-2.84457e-05
-8.5539e-07
-2.60881e-05
-4.31542e-06
-1.61413e-05
-7.8234e-06
6.68254e-07
-1.12876e-05
2.26958e-05
-1.42659e-05
4.67359e-05
-1.61021e-05
6.98227e-05
-1.60982e-05
8.85159e-05
-1.51525e-05
0.000100552
-1.3504e-05
0.000107902
-1.13267e-05
0.000110639
-8.81991e-06
0.000108821
-6.22509e-06
0.000102737
-3.83818e-06
9.2974e-05
-1.91159e-06
8.00599e-05
-5.8553e-07
6.45851e-05
9.07601e-08
4.76783e-05
3.07573e-07
3.14717e-05
2.16966e-07
1.85166e-05
7.68207e-08
1.17803e-05
7.86889e-07
6.28312e-06
-1.64587e-05
4.54338e-06
-6.01578e-05
2.65178e-06
-3.51289e-05
1.54363e-07
-2.78216e-05
-2.79731e-06
-2.54742e-05
-7.38874e-06
-2.14782e-05
-1.2555e-05
-1.09552e-05
-1.82837e-05
6.42098e-06
-2.40317e-05
2.84748e-05
-2.882e-05
5.15635e-05
-3.1571e-05
7.26213e-05
-3.18249e-05
8.88237e-05
-3.06988e-05
9.94827e-05
-2.84905e-05
0.000105753
-2.54337e-05
0.000107641
-2.17895e-05
0.000105235
-1.79005e-05
9.89045e-05
-1.40773e-05
8.9204e-05
-1.05656e-05
7.65971e-05
-7.5082e-06
6.15714e-05
-5.01079e-06
4.52186e-05
-3.2713e-06
2.97643e-05
-2.61599e-06
1.789e-05
-2.47559e-06
1.16688e-05
2.43316e-08
3.81167e-06
-1.64186e-05
1.14261e-07
-6.02636e-05
-2.91894e-06
-3.2076e-05
-6.34835e-06
-2.4371e-05
-9.41694e-06
-2.23853e-05
-1.44389e-05
-1.64368e-05
-2.08419e-05
-4.53105e-06
-2.82456e-05
1.38507e-05
-3.53643e-05
3.56269e-05
-4.07569e-05
5.69977e-05
-4.34037e-05
7.53171e-05
-4.34573e-05
8.89311e-05
-4.18911e-05
9.7973e-05
-3.90319e-05
0.000102952
-3.51793e-05
0.000103847
-3.06411e-05
0.000100754
-2.57709e-05
9.40893e-05
-2.08554e-05
8.43404e-05
-1.60951e-05
7.18846e-05
-1.16467e-05
5.71656e-05
-7.7723e-06
4.13809e-05
-4.99387e-06
2.70176e-05
-3.78479e-06
1.67097e-05
-5.05507e-06
1.29684e-05
-8.68173e-07
-3.4839e-07
-1.72704e-05
-3.37009e-06
-5.68857e-05
-7.51366e-06
-2.79119e-05
-1.1569e-05
-2.02933e-05
-1.5302e-05
-1.86319e-05
-2.11356e-05
-1.05827e-05
-2.88121e-05
3.16842e-06
-3.73695e-05
2.2437e-05
-4.47876e-05
4.30816e-05
-4.96836e-05
6.19376e-05
-5.15817e-05
7.72651e-05
-5.11019e-05
8.85049e-05
-4.90263e-05
9.59532e-05
-4.56017e-05
9.95842e-05
-4.11331e-05
9.94353e-05
-3.59832e-05
9.566e-05
-3.04765e-05
8.86361e-05
-2.48618e-05
7.8776e-05
-1.93025e-05
6.63716e-05
-1.40022e-05
5.19063e-05
-9.40871e-06
3.68228e-05
-6.23987e-06
2.38796e-05
-4.9698e-06
1.54687e-05
-5.81269e-06
1.38411e-05
-1.12267e-06
-5.01369e-06
-1.83761e-05
-5.43132e-06
-5.14465e-05
-1.06444e-05
-2.26773e-05
-1.50683e-05
-1.58462e-05
-2.02249e-05
-1.34545e-05
-2.71843e-05
-3.60165e-06
-3.60618e-05
1.20715e-05
-4.48188e-05
3.12264e-05
-5.14309e-05
4.97333e-05
-5.5179e-05
6.57315e-05
-5.61946e-05
7.8331e-05
-5.52016e-05
8.75652e-05
-5.26302e-05
9.34369e-05
-4.87764e-05
9.57865e-05
-4.38985e-05
9.46132e-05
-3.83622e-05
9.01779e-05
-3.24956e-05
8.28214e-05
-2.65171e-05
7.28462e-05
-2.05931e-05
6.0492e-05
-1.50263e-05
4.63788e-05
-1.04233e-05
3.22538e-05
-7.4321e-06
2.09187e-05
-6.55649e-06
1.46228e-05
-4.98148e-06
1.22958e-05
-8.65442e-07
-9.107e-06
-1.92242e-05
-6.53792e-06
-4.49001e-05
-1.26117e-05
-1.65806e-05
-1.76902e-05
-1.07439e-05
-2.41737e-05
-6.94945e-06
-3.24901e-05
4.73846e-06
-4.18775e-05
2.14879e-05
-4.96985e-05
3.90834e-05
-5.48395e-05
5.49163e-05
-5.73213e-05
6.82603e-05
-5.76962e-05
7.87563e-05
-5.63008e-05
8.62228e-05
-5.32255e-05
9.04159e-05
-4.89451e-05
9.15609e-05
-4.37449e-05
8.94671e-05
-3.79706e-05
8.44561e-05
-3.19067e-05
7.68076e-05
-2.57521e-05
6.67386e-05
-1.97167e-05
5.44993e-05
-1.4235e-05
4.09347e-05
-1.00127e-05
2.80645e-05
-7.27941e-06
1.82153e-05
-6.43529e-06
1.38092e-05
-4.45051e-06
1.03402e-05
-1.23348e-06
-1.23027e-05
-2.04399e-05
-7.08397e-06
-3.78069e-05
-1.38922e-05
-9.74792e-06
-2.01478e-05
-4.46381e-06
-2.75683e-05
4.94112e-07
-3.68865e-05
1.40832e-05
-4.56205e-05
3.02547e-05
-5.18796e-05
4.53812e-05
-5.55607e-05
5.8641e-05
-5.69663e-05
6.97134e-05
-5.65759e-05
7.84162e-05
-5.44813e-05
8.41805e-05
-5.10064e-05
8.69943e-05
-4.64708e-05
8.70787e-05
-4.11286e-05
8.41775e-05
-3.53012e-05
7.86796e-05
-2.92337e-05
7.07885e-05
-2.31254e-05
6.06755e-05
-1.72559e-05
4.86705e-05
-1.21478e-05
3.58626e-05
-8.41364e-06
2.43622e-05
-5.93026e-06
1.57615e-05
-4.66719e-06
1.25771e-05
-2.91796e-06
8.61933e-06
-1.57925e-06
-1.36208e-05
-2.20015e-05
-7.25984e-06
-3.05371e-05
-1.51601e-05
-1.82156e-06
-2.23967e-05
2.7986e-06
-3.05631e-05
8.68557e-06
-3.96686e-05
2.32189e-05
-4.68202e-05
3.74424e-05
-5.15036e-05
5.01055e-05
-5.4016e-05
6.1198e-05
-5.45846e-05
7.03297e-05
-5.33129e-05
7.71948e-05
-5.06055e-05
8.15246e-05
-4.69095e-05
8.33506e-05
-4.22605e-05
8.24819e-05
-3.6932e-05
7.89e-05
-3.12145e-05
7.30114e-05
-2.53174e-05
6.4938e-05
-1.94454e-05
5.48468e-05
-1.39275e-05
4.31917e-05
-9.27181e-06
3.12416e-05
-5.85736e-06
2.0979e-05
-3.49249e-06
1.34261e-05
-1.57901e-06
1.06947e-05
-1.76787e-07
7.24503e-06
-1.77908e-06
-1.19975e-05
-2.37633e-05
-7.12322e-06
-2.34032e-05
-1.63393e-05
7.42271e-06
-2.41739e-05
1.06608e-05
-3.24597e-05
1.6999e-05
-4.00585e-05
3.08513e-05
-4.53811e-05
4.28033e-05
-4.87066e-05
5.34731e-05
-5.02397e-05
6.27765e-05
-5.01214e-05
7.02593e-05
-4.84637e-05
7.55868e-05
-4.5626e-05
7.87377e-05
-4.18478e-05
7.96238e-05
-3.72239e-05
7.79088e-05
-3.20698e-05
7.37954e-05
-2.66217e-05
6.76109e-05
-2.10529e-05
5.94142e-05
-1.55638e-05
4.93994e-05
-1.04963e-05
3.81617e-05
-6.29247e-06
2.70712e-05
-3.14801e-06
1.78651e-05
-8.4057e-07
1.11477e-05
1.4484e-06
8.43626e-06
2.76844e-06
5.9523e-06
-2.07021e-06
-7.13622e-06
-2.58172e-05
-7.00364e-06
-1.63882e-05
-1.5305e-05
1.57542e-05
-2.40789e-05
1.94649e-05
-3.18882e-05
2.48387e-05
-3.77875e-05
3.67868e-05
-4.17396e-05
4.67951e-05
-4.41137e-05
5.58901e-05
-4.49751e-05
6.36835e-05
-4.44435e-05
6.97755e-05
-4.27216e-05
7.39141e-05
-3.99362e-05
7.60024e-05
-3.62687e-05
7.60065e-05
-3.19183e-05
7.36079e-05
-2.7182e-05
6.91072e-05
-2.22438e-05
6.27188e-05
-1.72432e-05
5.44571e-05
-1.23829e-05
4.45791e-05
-8.0154e-06
3.38303e-05
-4.5405e-06
2.36288e-05
-2.00446e-06
1.53591e-05
-2.03786e-07
9.37579e-06
1.54208e-06
6.72014e-06
2.52446e-06
4.99655e-06
-1.43112e-06
-3.15583e-06
-2.72332e-05
-6.79347e-06
-9.58242e-06
-1.29806e-05
2.19731e-05
-2.1572e-05
2.80892e-05
-2.84987e-05
3.17986e-05
-3.32807e-05
4.16066e-05
-3.64608e-05
5.00161e-05
-3.82935e-05
5.77664e-05
-3.88132e-05
6.42491e-05
-3.81242e-05
6.91341e-05
-3.63997e-05
7.22383e-05
-3.38231e-05
7.3475e-05
-3.05221e-05
7.27547e-05
-2.66768e-05
6.98109e-05
-2.25544e-05
6.50317e-05
-1.82875e-05
5.84967e-05
-1.39988e-05
5.02105e-05
-9.90812e-06
4.05271e-05
-6.37893e-06
3.03361e-05
-3.77127e-06
2.10529e-05
-2.04673e-06
1.36642e-05
-1.04969e-06
8.40742e-06
-2.27935e-07
5.9278e-06
4.06893e-07
4.38808e-06
-5.32268e-07
-2.19034e-06
-2.7751e-05
-6.16638e-06
-3.40266e-06
-1.15884e-05
2.74285e-05
-1.78709e-05
3.44073e-05
-2.3641e-05
3.76043e-05
-2.76897e-05
4.56944e-05
-3.03941e-05
5.27622e-05
-3.19165e-05
5.93329e-05
-3.22946e-05
6.46732e-05
-3.16385e-05
6.85254e-05
-3.00984e-05
7.07465e-05
-2.78445e-05
7.12696e-05
-2.5001e-05
6.99595e-05
-2.17532e-05
6.66103e-05
-1.82921e-05
6.16164e-05
-1.47066e-05
5.49548e-05
-1.11168e-05
4.66616e-05
-7.76515e-06
3.7213e-05
-5.00778e-06
2.76128e-05
-3.04227e-06
1.91187e-05
-1.83541e-06
1.24868e-05
-1.40887e-06
8.00966e-06
-1.18266e-06
5.73104e-06
-6.11863e-07
3.84358e-06
-4.13824e-07
-2.36153e-06
-2.81506e-05
-5.3269e-06
1.93865e-06
-9.92352e-06
3.20602e-05
-1.4275e-05
3.87962e-05
-1.88606e-05
4.22276e-05
-2.22211e-05
4.90952e-05
-2.44955e-05
5.5079e-05
-2.57652e-05
6.06472e-05
-2.60678e-05
6.50218e-05
-2.55166e-05
6.80214e-05
-2.42405e-05
6.95182e-05
-2.23624e-05
6.94395e-05
-1.99967e-05
6.76414e-05
-1.73272e-05
6.39872e-05
-1.44867e-05
5.88208e-05
-1.15374e-05
5.20482e-05
-8.60654e-06
4.37707e-05
-5.97872e-06
3.46218e-05
-3.96846e-06
2.5636e-05
-2.60785e-06
1.7789e-05
-1.77527e-06
1.16837e-05
-1.46385e-06
7.72718e-06
-1.32511e-06
5.62195e-06
-9.08843e-07
3.45356e-06
-4.18244e-07
-2.82526e-06
-2.85547e-05
-4.35338e-06
6.30736e-06
-8.03479e-06
3.5778e-05
-1.1428e-05
4.22282e-05
-1.49464e-05
4.57851e-05
-1.75951e-05
5.17853e-05
-1.94059e-05
5.69328e-05
-2.03983e-05
6.16844e-05
-2.06059e-05
6.52756e-05
-2.01317e-05
6.75943e-05
-1.90864e-05
6.85204e-05
-1.75389e-05
6.79394e-05
-1.5596e-05
6.57454e-05
-1.34328e-05
6.18697e-05
-1.11337e-05
5.65658e-05
-8.75419e-06
4.97106e-05
-6.42447e-06
4.148e-05
-4.39726e-06
3.26305e-05
-2.9585e-06
2.42302e-05
-2.18926e-06
1.70507e-05
-1.71973e-06
1.12436e-05
-1.33393e-06
7.37045e-06
-1.12583e-06
5.4437e-06
-6.59543e-07
3.01353e-06
-3.71014e-07
-3.08693e-06
-2.89117e-05
-3.47487e-06
9.79832e-06
-6.40743e-06
3.87483e-05
-9.04051e-06
4.49011e-05
-1.17729e-05
4.85579e-05
-1.38078e-05
5.38625e-05
-1.51879e-05
5.83565e-05
-1.5916e-05
6.24578e-05
-1.60199e-05
6.54258e-05
-1.55778e-05
6.71991e-05
-1.46561e-05
6.76459e-05
-1.33649e-05
6.66954e-05
-1.17703e-05
6.41972e-05
-1.00132e-05
6.01578e-05
-8.17059e-06
5.47669e-05
-6.30707e-06
4.78884e-05
-4.55045e-06
3.97619e-05
-3.10867e-06
3.12241e-05
-2.12949e-06
2.32838e-05
-1.55396e-06
1.65059e-05
-1.10406e-06
1.08231e-05
-8.64513e-07
7.16002e-06
-8.73491e-07
5.48268e-06
-5.02476e-07
2.66873e-06
-3.18576e-07
-3.24402e-06
-2.92164e-05
-2.72553e-06
1.25406e-05
-4.97766e-06
4.10391e-05
-7.00416e-06
4.69683e-05
-9.29885e-06
5.0894e-05
-1.08224e-05
5.54289e-05
-1.17748e-05
5.9353e-05
-1.22291e-05
6.29575e-05
-1.22277e-05
6.54707e-05
-1.17707e-05
6.6789e-05
-1.09209e-05
6.68431e-05
-9.84322e-06
6.56645e-05
-8.53104e-06
6.29311e-05
-7.07699e-06
5.87485e-05
-5.61283e-06
5.33459e-05
-4.13785e-06
4.64543e-05
-2.83954e-06
3.85015e-05
-2.007e-06
3.04267e-05
-1.4887e-06
2.27982e-05
-9.58382e-07
1.60064e-05
-4.91379e-07
1.03854e-05
-3.23293e-07
7.02103e-06
-5.04019e-07
5.69364e-06
-4.28399e-07
2.61947e-06
-2.94034e-07
-3.35136e-06
-2.94967e-05
-2.10347e-06
1.46612e-05
-3.8183e-06
4.27934e-05
-5.31443e-06
4.85057e-05
-7.30809e-06
5.293e-05
-8.38582e-06
5.655e-05
-8.96953e-06
5.9981e-05
-9.1761e-06
6.32096e-05
-9.03131e-06
6.53723e-05
-8.53974e-06
6.63442e-05
-7.88719e-06
6.62375e-05
-6.92052e-06
6.47444e-05
-5.77904e-06
6.18353e-05
-4.68689e-06
5.77008e-05
-3.56573e-06
5.22675e-05
-2.4342e-06
4.53632e-05
-1.53003e-06
3.7635e-05
-9.08939e-07
2.98406e-05
-4.89429e-07
2.24113e-05
-2.09718e-07
1.57574e-05
-2.23315e-08
1.02273e-05
8.86659e-08
6.93906e-06
-2.03789e-07
6.01639e-06
-2.53974e-07
2.69608e-06
-2.77445e-07
-3.30086e-06
-2.97607e-05
-1.6424e-06
1.63212e-05
-2.92507e-06
4.41161e-05
-4.02493e-06
4.96474e-05
-5.34953e-06
5.42976e-05
-6.07557e-06
5.73197e-05
-6.55425e-06
6.05042e-05
-6.72631e-06
6.34274e-05
-6.48311e-06
6.51755e-05
-6.08125e-06
6.59891e-05
-5.45645e-06
6.56595e-05
-4.55636e-06
6.38908e-05
-3.57618e-06
6.09006e-05
-2.66288e-06
5.68318e-05
-1.70961e-06
5.13568e-05
-9.88045e-07
4.46818e-05
-4.90326e-07
3.71748e-05
2.02644e-08
2.93649e-05
4.13455e-07
2.20507e-05
5.76054e-07
1.56255e-05
6.24461e-07
1.02082e-05
5.58663e-07
7.03403e-06
2.44408e-08
6.58116e-06
-4.90131e-08
2.79599e-06
-1.91867e-07
-3.1311e-06
-2.99395e-05
-1.28776e-06
1.76268e-05
-2.27631e-06
4.51452e-05
-3.07154e-06
5.04848e-05
-3.84319e-06
5.51127e-05
-4.42765e-06
5.79481e-05
-4.71295e-06
6.08342e-05
-4.71714e-06
6.34773e-05
-4.5039e-06
6.50085e-05
-4.07311e-06
6.56049e-05
-3.3198e-06
6.49529e-05
-2.6465e-06
6.32637e-05
-1.96031e-06
6.02598e-05
-1.05806e-06
5.59736e-05
-2.37176e-07
5.05782e-05
3.6711e-07
4.41176e-05
7.93538e-07
3.67858e-05
9.41301e-07
2.9252e-05
1.01187e-06
2.20126e-05
1.15688e-06
1.5511e-05
1.14432e-06
1.025e-05
9.40101e-07
7.26754e-06
3.17644e-07
7.23481e-06
1.56661e-07
2.98403e-06
-7.00328e-08
-2.87677e-06
-2.99965e-05
-1.03977e-06
1.86847e-05
-1.78003e-06
4.59264e-05
-2.48059e-06
5.1228e-05
-2.99163e-06
5.56675e-05
-3.36208e-06
5.83628e-05
-3.36959e-06
6.08864e-05
-3.13727e-06
6.32907e-05
-2.85787e-06
6.47754e-05
-2.28446e-06
6.5078e-05
-1.74699e-06
6.44617e-05
-1.10977e-06
6.26722e-05
-4.26587e-07
5.96215e-05
2.18703e-07
5.5372e-05
7.52313e-07
5.00867e-05
1.33012e-06
4.35797e-05
1.74209e-06
3.64114e-05
1.79999e-06
2.92293e-05
1.7497e-06
2.20959e-05
1.71532e-06
1.55764e-05
1.54214e-06
1.04526e-05
1.12844e-06
7.71075e-06
6.57613e-07
7.73731e-06
4.31786e-07
3.23722e-06
1.21298e-07
-2.53842e-06
-2.98623e-05
-8.50826e-07
1.9554e-05
-1.41456e-06
4.65315e-05
-1.88243e-06
5.17388e-05
-2.08284e-06
5.59118e-05
-2.18531e-06
5.85096e-05
-2.27276e-06
6.10188e-05
-2.19981e-06
6.32635e-05
-1.80884e-06
6.44307e-05
-1.41103e-06
6.47266e-05
-8.84043e-07
6.3981e-05
-1.11916e-07
6.19459e-05
6.9182e-07
5.88626e-05
1.32269e-06
5.47848e-05
1.88323e-06
4.95682e-05
2.23684e-06
4.3266e-05
2.32263e-06
3.63631e-05
2.41835e-06
2.91687e-05
2.40494e-06
2.21422e-05
2.21596e-06
1.57965e-05
1.85111e-06
1.08472e-05
1.24989e-06
8.34195e-06
8.90068e-07
8.12909e-06
5.57931e-07
3.5967e-06
2.59402e-07
-2.21232e-06
-2.95902e-05
-6.35492e-07
2.02082e-05
-1.10005e-06
4.70377e-05
-1.28514e-06
5.1967e-05
-1.50888e-06
5.61796e-05
-1.68718e-06
5.87324e-05
-1.65479e-06
6.10313e-05
-1.45589e-06
6.31104e-05
-1.13741e-06
6.41584e-05
-6.9279e-07
6.43284e-05
3.08798e-08
6.33036e-05
5.94508e-07
6.14281e-05
1.16163e-06
5.83404e-05
1.90738e-06
5.40826e-05
2.57184e-06
4.89456e-05
2.8984e-06
4.29793e-05
2.97187e-06
3.63271e-05
2.91166e-06
2.9264e-05
2.78805e-06
2.22984e-05
2.55501e-06
1.606e-05
1.95722e-06
1.14746e-05
1.2299e-06
9.09922e-06
9.27132e-07
8.4635e-06
5.9744e-07
3.95407e-06
2.56405e-07
-1.84322e-06
-2.93212e-05
-5.58254e-07
2.07853e-05
-8.85763e-07
4.74071e-05
-1.14326e-06
5.22678e-05
-1.258e-06
5.63385e-05
-1.42725e-06
5.89464e-05
-1.21244e-06
6.08615e-05
-8.238e-07
6.27676e-05
-4.5604e-07
6.38369e-05
1.49131e-07
6.37695e-05
6.44386e-07
6.28544e-05
1.20644e-06
6.09116e-05
1.79347e-06
5.77981e-05
2.31619e-06
5.36033e-05
2.72912e-06
4.85745e-05
3.03317e-06
4.27151e-05
3.26728e-06
3.61307e-05
3.24695e-06
2.93196e-05
3.02035e-06
2.2558e-05
2.66142e-06
1.64498e-05
2.00769e-06
1.2158e-05
1.21164e-06
9.92525e-06
9.30079e-07
8.77623e-06
6.37848e-07
4.27386e-06
2.58034e-07
-1.43523e-06
-2.90507e-05
-4.93068e-07
2.12974e-05
-6.11115e-07
4.75673e-05
-7.41798e-07
5.24419e-05
-6.35162e-07
5.62761e-05
-7.60398e-07
5.91165e-05
-7.74786e-07
6.09211e-05
-6.23609e-07
6.26623e-05
-1.5081e-07
6.34103e-05
2.31717e-07
6.34333e-05
7.23419e-07
6.24088e-05
1.44214e-06
6.02384e-05
2.17698e-06
5.71078e-05
2.70012e-06
5.31234e-05
3.09226e-06
4.82241e-05
3.35318e-06
4.2494e-05
3.40658e-06
3.6115e-05
3.40296e-06
2.93587e-05
3.10773e-06
2.28864e-05
2.55922e-06
1.70296e-05
1.93192e-06
1.28158e-05
1.27341e-06
1.06147e-05
9.23308e-07
9.15829e-06
6.37314e-07
4.58774e-06
2.5844e-07
-1.02819e-06
-2.878e-05
-3.21512e-07
2.16383e-05
-4.81836e-07
4.77699e-05
-3.81102e-07
5.23847e-05
-4.00579e-07
5.63399e-05
-5.58005e-07
5.9319e-05
-4.81811e-07
6.08901e-05
-2.42744e-07
6.2469e-05
9.11746e-08
6.31225e-05
5.33561e-07
6.30371e-05
1.20026e-06
6.1788e-05
1.69245e-06
5.97917e-05
2.1823e-06
5.66624e-05
2.79321e-06
5.25557e-05
3.2759e-06
4.7783e-05
3.55446e-06
4.22552e-05
3.54533e-06
3.61616e-05
3.39662e-06
2.95425e-05
3.05699e-06
2.32591e-05
2.41347e-06
1.77046e-05
1.75761e-06
1.35026e-05
1.29474e-06
1.11092e-05
9.24748e-07
9.56107e-06
5.70179e-07
4.97105e-06
2.12877e-07
-6.42079e-07
-2.85549e-05
-3.71923e-07
2.20297e-05
-4.64535e-07
4.79049e-05
-5.31228e-07
5.24949e-05
-4.68776e-07
5.63217e-05
-3.39461e-07
5.92348e-05
-6.61524e-08
6.06621e-05
3.4715e-07
6.21016e-05
7.16425e-07
6.27993e-05
1.3247e-06
6.2475e-05
1.78946e-06
6.13691e-05
2.3183e-06
5.93081e-05
2.8432e-06
5.61818e-05
3.2148e-06
5.22271e-05
3.42136e-06
4.7618e-05
3.48552e-06
4.22308e-05
3.48742e-06
3.61973e-05
3.29536e-06
2.97698e-05
2.91847e-06
2.36693e-05
2.24108e-06
1.84136e-05
1.63326e-06
1.4141e-05
1.23464e-06
1.15386e-05
9.02223e-07
9.92507e-06
5.56433e-07
5.34496e-06
1.57944e-07
-2.14991e-07
-2.83849e-05
-3.84978e-07
2.24344e-05
-2.80119e-07
4.78426e-05
-2.25694e-07
5.24841e-05
5.53935e-08
5.6085e-05
4.03131e-07
5.89323e-05
5.24447e-07
6.05862e-05
7.43799e-07
6.19281e-05
1.24128e-06
6.23479e-05
1.63997e-06
6.21224e-05
2.10458e-06
6.09503e-05
2.78754e-06
5.86703e-05
3.40355e-06
5.56099e-05
3.71281e-06
5.19607e-05
3.89663e-06
4.74757e-05
3.92283e-06
4.22445e-05
3.78222e-06
3.6376e-05
3.44776e-06
3.01401e-05
2.98626e-06
2.41643e-05
2.25065e-06
1.91811e-05
1.61075e-06
1.48116e-05
1.28399e-06
1.18958e-05
9.50327e-07
1.02901e-05
5.72111e-07
5.75149e-06
1.35005e-07
2.50813e-07
-2.82381e-05
-2.47864e-07
2.27024e-05
-1.2045e-07
4.77577e-05
2.21172e-07
5.21862e-05
4.4818e-07
5.59024e-05
7.28603e-07
5.86971e-05
1.03275e-06
6.03276e-05
1.4403e-06
6.15664e-05
1.87952e-06
6.19547e-05
2.39164e-06
6.16563e-05
3.06779e-06
6.03198e-05
3.51628e-06
5.82668e-05
3.83725e-06
5.5333e-05
4.19647e-06
5.16445e-05
4.45885e-06
4.72549e-05
4.52906e-06
4.22141e-05
4.28904e-06
3.66539e-05
3.80536e-06
3.06595e-05
3.20892e-06
2.47944e-05
2.41178e-06
2.00107e-05
1.68977e-06
1.55651e-05
1.414e-06
1.22031e-05
1.10851e-06
1.06285e-05
6.76034e-07
6.21395e-06
1.45708e-07
8.10964e-07
-2.80806e-05
-3.49536e-07
2.30723e-05
3.22339e-08
4.74183e-05
3.25403e-07
5.19367e-05
7.2639e-07
5.55457e-05
1.19307e-06
5.82755e-05
1.76061e-06
5.98055e-05
2.4592e-06
6.09136e-05
3.05826e-06
6.14015e-05
3.84853e-06
6.09119e-05
4.3977e-06
5.98161e-05
4.83305e-06
5.78763e-05
5.21491e-06
5.49951e-05
5.41587e-06
5.14865e-05
5.42914e-06
4.72832e-05
5.24408e-06
4.24392e-05
4.89838e-06
3.70377e-05
4.34936e-06
3.12443e-05
3.5845e-06
2.55934e-05
2.74657e-06
2.08819e-05
1.96785e-06
1.63762e-05
1.6285e-06
1.25746e-05
1.50052e-06
1.07895e-05
8.77647e-07
6.86718e-06
2.01232e-07
1.51755e-06
-2.78679e-05
-4.21938e-07
2.35153e-05
4.00797e-07
4.66377e-05
9.01757e-07
5.14793e-05
1.62116e-06
5.48706e-05
2.39502e-06
5.75467e-05
2.83439e-06
5.94116e-05
3.40666e-06
6.03871e-05
4.2411e-06
6.06129e-05
4.91969e-06
6.02789e-05
5.54318e-06
5.9238e-05
6.22134e-06
5.72429e-05
6.78907e-06
5.44712e-05
7.00781e-06
5.13105e-05
7.01789e-06
4.73147e-05
6.79793e-06
4.26992e-05
6.36828e-06
3.75057e-05
5.61814e-06
3.20309e-05
4.62625e-06
2.662e-05
3.65569e-06
2.1886e-05
2.73759e-06
1.73267e-05
2.16975e-06
1.31738e-05
2.12204e-06
1.08691e-05
1.30621e-06
7.7131e-06
3.47754e-07
2.50596e-06
-2.75093e-05
-3.37193e-07
2.38741e-05
6.9328e-07
4.56489e-05
1.61168e-06
5.06044e-05
2.35719e-06
5.41693e-05
3.15975e-06
5.67891e-05
3.89659e-06
5.87202e-05
4.64894e-06
5.96804e-05
5.52233e-06
5.97851e-05
6.35019e-06
5.94966e-05
7.33684e-06
5.82966e-05
8.12642e-06
5.6498e-05
8.55849e-06
5.40829e-05
8.96588e-06
5.0946e-05
9.16322e-06
4.7159e-05
9.0764e-06
4.28261e-05
8.56078e-06
3.80596e-05
7.62356e-06
3.30048e-05
6.42519e-06
2.78533e-05
5.29515e-06
2.30495e-05
4.23598e-06
1.8418e-05
3.29951e-06
1.41414e-05
2.95898e-06
1.12412e-05
1.83206e-06
8.87082e-06
5.93575e-07
3.77483e-06
-2.69053e-05
-4.50439e-07
2.43471e-05
8.43024e-07
4.43963e-05
1.80042e-06
4.96901e-05
2.723e-06
5.32907e-05
3.7554e-06
5.58014e-05
5.07249e-06
5.74483e-05
6.34518e-06
5.84531e-05
7.47058e-06
5.87051e-05
8.76267e-06
5.82498e-05
9.83034e-06
5.72739e-05
1.07186e-05
5.56542e-05
1.13716e-05
5.34737e-05
1.18662e-05
5.04942e-05
1.20262e-05
4.70405e-05
1.18206e-05
4.30719e-05
1.1245e-05
3.86739e-05
1.02861e-05
3.40008e-05
8.99157e-06
2.91832e-05
7.66657e-06
2.44084e-05
6.37777e-06
1.97394e-05
5.0586e-06
1.54922e-05
4.08053e-06
1.22509e-05
2.66213e-06
1.0321e-05
1.11278e-06
5.35523e-06
-2.57824e-05
-4.86555e-07
2.4857e-05
9.39091e-07
4.30108e-05
1.97418e-06
4.86978e-05
3.26435e-06
5.20444e-05
4.73883e-06
5.43714e-05
6.26727e-06
5.59647e-05
7.84e-06
5.69255e-05
9.42041e-06
5.71697e-05
1.0967e-05
5.67481e-05
1.23079e-05
5.59776e-05
1.35129e-05
5.44933e-05
1.46318e-05
5.23982e-05
1.53292e-05
4.98393e-05
1.56365e-05
4.67747e-05
1.55161e-05
4.32326e-05
1.49983e-05
3.92307e-05
1.40207e-05
3.50158e-05
1.26244e-05
3.06156e-05
1.09968e-05
2.60706e-05
9.29776e-06
2.14717e-05
7.52914e-06
1.7293e-05
5.88002e-06
1.39319e-05
4.04044e-06
1.2193e-05
2.08604e-06
7.34109e-06
-2.36864e-05
-1.92824e-07
2.50741e-05
8.51316e-07
4.20063e-05
2.08737e-06
4.75044e-05
3.54929e-06
5.06261e-05
5.23745e-06
5.27275e-05
7.01685e-06
5.42299e-05
8.91765e-06
5.50695e-05
1.08817e-05
5.52504e-05
1.27663e-05
5.49079e-05
1.47024e-05
5.40856e-05
1.64326e-05
5.28068e-05
1.78852e-05
5.09887e-05
1.89907e-05
4.87761e-05
1.96988e-05
4.61079e-05
1.99264e-05
4.30453e-05
1.95555e-05
3.96407e-05
1.86283e-05
3.59808e-05
1.72033e-05
3.20771e-05
1.53552e-05
2.79539e-05
1.32085e-05
2.36521e-05
1.08554e-05
1.96788e-05
8.48578e-06
1.63337e-05
5.99007e-06
1.47218e-05
3.4065e-06
9.95652e-06
-2.02697e-05
-1.67295e-07
2.52661e-05
2.35999e-07
4.16423e-05
1.4761e-06
4.63064e-05
3.28181e-06
4.88635e-05
5.36169e-06
5.06911e-05
7.71827e-06
5.19172e-05
1.02628e-05
5.2569e-05
1.28392e-05
5.27179e-05
1.53959e-05
5.2395e-05
1.78988e-05
5.16262e-05
2.01788e-05
5.05699e-05
2.21449e-05
4.90651e-05
2.36971e-05
4.72658e-05
2.47545e-05
4.50917e-05
2.52375e-05
4.26025e-05
2.50923e-05
3.98252e-05
2.43274e-05
3.6784e-05
2.29701e-05
3.34714e-05
2.09962e-05
2.99637e-05
1.84189e-05
2.6264e-05
1.53188e-05
2.28124e-05
1.19631e-05
1.97224e-05
8.58627e-06
1.81327e-05
4.94608e-06
1.36295e-05
-1.53129e-05
-1.28331e-06
2.65757e-05
-1.60488e-06
4.20054e-05
1.8882e-07
4.45562e-05
2.93495e-06
4.61615e-05
5.8774e-06
4.77933e-05
9.00122e-06
4.88384e-05
1.22948e-05
4.93205e-05
1.56652e-05
4.93926e-05
1.89908e-05
4.91144e-05
2.21262e-05
4.85355e-05
2.50092e-05
4.77313e-05
2.74797e-05
4.66387e-05
2.94914e-05
4.52978e-05
3.09689e-05
4.36572e-05
3.18449e-05
4.17689e-05
3.20794e-05
3.96323e-05
3.16448e-05
3.72594e-05
3.04632e-05
3.46929e-05
2.85277e-05
3.1938e-05
2.5634e-05
2.91957e-05
2.18109e-05
2.66726e-05
1.73608e-05
2.42091e-05
1.31861e-05
2.23449e-05
7.95857e-06
1.88935e-05
-7.34125e-06
-5.92962e-06
3.2535e-05
-5.07747e-06
4.1197e-05
-6.65414e-07
4.01882e-05
4.01008e-06
4.15304e-05
8.19214e-06
4.36566e-05
1.21822e-05
4.48941e-05
1.61998e-05
4.53487e-05
2.02601e-05
4.53783e-05
2.42782e-05
4.51421e-05
2.80891e-05
4.47702e-05
3.15906e-05
4.42753e-05
3.45936e-05
4.3681e-05
3.71637e-05
4.27726e-05
3.91396e-05
4.17259e-05
4.0467e-05
4.04856e-05
4.1055e-05
3.90878e-05
4.08531e-05
3.75042e-05
3.9826e-05
3.57621e-05
3.79079e-05
3.38974e-05
3.50708e-05
3.20732e-05
3.13062e-05
3.0477e-05
2.70553e-05
2.84993e-05
2.31505e-05
2.62894e-05
1.67972e-05
2.52863e-05
9.47354e-06
-1.33934e-05
4.59507e-05
-7.31517e-06
3.51479e-05
3.67613e-07
3.25338e-05
6.61859e-06
3.53084e-05
1.16048e-05
3.87003e-05
1.60409e-05
4.04886e-05
2.03165e-05
4.11037e-05
2.45973e-05
4.11281e-05
2.88128e-05
4.0957e-05
3.29495e-05
4.06638e-05
3.68718e-05
4.03831e-05
4.03618e-05
4.02209e-05
4.34505e-05
3.97135e-05
4.58904e-05
3.93154e-05
4.76197e-05
3.87852e-05
4.85113e-05
3.82248e-05
4.84204e-05
3.76232e-05
4.72154e-05
3.69946e-05
4.47968e-05
3.6343e-05
4.14358e-05
3.54605e-05
3.74709e-05
3.44677e-05
3.36472e-05
3.23481e-05
3.10936e-05
2.88679e-05
2.73544e-05
2.90506e-05
3.68426e-05
2.76205e-06
4.31955e-05
7.66515e-06
3.02521e-05
1.18458e-05
2.83607e-05
1.3895e-05
3.32674e-05
1.57628e-05
3.68414e-05
1.84176e-05
3.78429e-05
2.18247e-05
3.77056e-05
2.57789e-05
3.71829e-05
3.00499e-05
3.66949e-05
3.43268e-05
3.63957e-05
3.84452e-05
3.62734e-05
4.24488e-05
3.62259e-05
4.591e-05
3.62607e-05
4.88262e-05
3.64074e-05
5.09698e-05
3.66497e-05
5.21639e-05
3.70386e-05
5.2218e-05
3.75767e-05
5.08042e-05
3.84158e-05
4.74838e-05
3.96706e-05
4.19842e-05
4.09671e-05
3.45237e-05
4.1935e-05
2.62189e-05
4.06594e-05
2.04224e-05
3.46704e-05
1.51581e-05
3.43205e-05
5.20054e-05
3.33764e-05
9.81811e-06
3.19058e-05
3.1721e-05
2.32363e-05
3.703e-05
1.86733e-05
3.78307e-05
1.65877e-05
3.89268e-05
1.72625e-05
3.71674e-05
2.02236e-05
3.47436e-05
2.45582e-05
3.28471e-05
2.9497e-05
3.1755e-05
3.45821e-05
3.13096e-05
3.95595e-05
3.12951e-05
4.42434e-05
3.15413e-05
4.84632e-05
3.20403e-05
5.20926e-05
3.27775e-05
5.49538e-05
3.3788e-05
5.68344e-05
3.51574e-05
5.73122e-05
3.70983e-05
5.58977e-05
3.98297e-05
5.19513e-05
4.36168e-05
4.43376e-05
4.85809e-05
3.27044e-05
5.35687e-05
1.87265e-05
5.46382e-05
3.31978e-06
5.0078e-05
-1.32975e-05
5.09386e-05
3.87086e-05
4.71918e-07
9.33567e-06
-2.7074e-06
3.48791e-05
-3.31072e-06
3.76086e-05
-1.87186e-06
3.63533e-05
1.43023e-06
3.55617e-05
7.27695e-06
3.12393e-05
1.49833e-05
2.69493e-05
2.35252e-05
2.42174e-05
3.19844e-05
2.32119e-05
3.97369e-05
2.34782e-05
4.65283e-05
2.44325e-05
5.23819e-05
2.5624e-05
5.75231e-05
2.68406e-05
6.21534e-05
2.80921e-05
6.63388e-05
2.9549e-05
6.99575e-05
3.14857e-05
7.27335e-05
3.42703e-05
7.41619e-05
3.83521e-05
7.34716e-05
4.42638e-05
6.97535e-05
5.22653e-05
6.19784e-05
6.13226e-05
4.93831e-05
6.72235e-05
3.05952e-05
6.88625e-05
7.38042e-06
7.41522e-05
4.60885e-05
-1.91223e-05
2.84065e-05
-2.30957e-05
3.87516e-05
-2.95719e-05
4.38879e-05
-3.23915e-05
3.8822e-05
-2.48601e-05
2.75725e-05
-1.06868e-05
1.66436e-05
5.94454e-06
9.99575e-06
2.27123e-05
7.19695e-06
3.7313e-05
8.37798e-06
4.82708e-05
1.22784e-05
5.53777e-05
1.70905e-05
5.97709e-05
2.10076e-05
6.29707e-05
2.34261e-05
6.61424e-05
2.47074e-05
6.9946e-05
2.55296e-05
7.45647e-05
2.66458e-05
7.93575e-05
2.92508e-05
8.31007e-05
3.4382e-05
8.43882e-05
4.27612e-05
8.19182e-05
5.45549e-05
7.28811e-05
7.02353e-05
5.64947e-05
8.3546e-05
3.53171e-05
9.00143e-05
2.28188e-05
8.664e-05
6.89025e-05
-2.93585e-05
5.75587e-05
-5.57663e-05
6.47265e-05
-7.34564e-05
6.06068e-05
-6.77867e-05
3.22818e-05
-4.98012e-05
9.74965e-06
-3.05637e-05
-2.16461e-06
-1.39184e-05
-6.33263e-06
-6.98967e-07
-5.78264e-06
1.01497e-05
-2.23745e-06
1.90716e-05
3.52139e-06
2.5527e-05
1.05945e-05
3.01596e-05
1.61508e-05
3.43468e-05
1.89029e-05
3.91736e-05
1.95014e-05
4.52576e-05
1.90556e-05
5.31964e-05
1.83303e-05
6.26051e-05
1.94494e-05
7.20154e-05
2.44566e-05
7.95704e-05
3.44981e-05
8.19836e-05
5.13086e-05
7.73566e-05
7.4228e-05
6.25866e-05
9.79472e-05
4.27576e-05
0.000109679
2.36336e-05
0.0001057
9.25101e-05
-5.36811e-05
0.000110476
-9.13232e-05
0.00010178
-9.52787e-05
6.54082e-05
-7.04825e-05
9.47182e-06
-4.94089e-05
-1.058e-05
-3.45816e-05
-1.65501e-05
-2.46751e-05
-1.58454e-05
-1.9549e-05
-1.05508e-05
-1.71408e-05
-4.35078e-06
-1.55296e-05
2.20964e-06
-1.39155e-05
9.34766e-06
-1.17347e-05
1.44117e-05
-8.44977e-06
1.61461e-05
-3.53162e-06
1.51883e-05
3.41385e-06
1.27753e-05
1.29098e-05
9.57686e-06
2.54694e-05
7.71244e-06
4.21055e-05
8.72848e-06
6.30549e-05
1.46794e-05
8.41955e-05
3.12259e-05
9.7662e-05
6.02037e-05
9.24339e-05
0.000101769
7.14124e-05
0.000129659
3.85554e-05
0.000138042
0.000130843
-4.04322e-05
-6.43377e-05
-5.8166e-05
-4.08215e-05
-2.67197e-05
-1.61853e-05
-9.24279e-06
-5.95886e-06
-5.87125e-06
-7.05514e-06
-7.60658e-06
-7.07784e-06
-5.77155e-06
-3.72328e-06
-7.90239e-07
3.29202e-06
9.5044e-06
2.01329e-05
3.66902e-05
5.70841e-05
7.53349e-05
7.99708e-05
6.53845e-05
3.65081e-05
)
;

boundaryField
{
    inlet
    {
        type            calculated;
        value           nonuniform List<scalar> 
25
(
-3e-05
-3e-05
-3e-05
-3e-05
-3e-05
-3e-05
-3e-05
-3e-05
-3e-05
-3e-05
-3e-05
-3e-05
-3e-05
-3e-05
-3e-05
-3e-05
-3e-05
-3e-05
-3e-05
-3e-05
-3e-05
-3e-05
-3e-05
-3e-05
-3e-05
)
;
    }
    outlet
    {
        type            calculated;
        value           nonuniform List<scalar> 
25
(
0.000150474
0.000126098
5.96772e-05
-7.0249e-06
-2.44448e-05
-2.70012e-05
-2.27221e-05
-1.37839e-05
-4.40131e-06
3.42164e-06
9.94589e-06
1.39462e-05
1.49101e-05
1.32197e-05
9.92202e-06
5.57481e-06
1.58983e-06
-1.77393e-06
-1.61829e-06
1.13976e-05
4.34885e-05
9.8909e-05
0.000145098
0.000167099
0.000167289
)
;
    }
    walls
    {
        type            calculated;
        value           uniform 0;
    }
    defaultFaces
    {
        type            empty;
        value           nonuniform 0();
    }
}


// ************************************************************************* //
