/*--------------------------------*- C++ -*----------------------------------*\
| =========                 |                                                 |
| \\      /  F ield         | OpenFOAM: The Open Source CFD Toolbox           |
|  \\    /   O peration     | Version:  2.3.0                                 |
|   \\  /    A nd           | Web:      www.OpenFOAM.org                      |
|    \\/     M anipulation  |                                                 |
\*---------------------------------------------------------------------------*/
FoamFile
{
    version     2.0;
    format      ascii;
    class       volVectorField;
    location    "12";
    object      Ur;
}
// * * * * * * * * * * * * * * * * * * * * * * * * * * * * * * * * * * * * * //

dimensions      [0 1 -1 0 0 0 0];

internalField   nonuniform List<vector> 
1875
(
(0.021366 0.327036 0)
(0.0828884 0.322231 0)
(0.134017 0.307216 0)
(0.153228 0.29072 0)
(0.146566 0.277421 0)
(0.123283 0.265869 0)
(0.0934201 0.255823 0)
(0.0646318 0.260635 0)
(0.0420126 0.261527 0)
(0.02168 0.256114 0)
(0.00242962 0.247953 0)
(-0.0167396 0.250108 0)
(-0.0377603 0.248888 0)
(-0.0636623 0.247945 0)
(-0.0980062 0.24398 0)
(-0.132567 0.241184 0)
(-0.168352 0.234132 0)
(-0.194637 0.226267 0)
(-0.208489 0.213589 0)
(-0.20883 0.194695 0)
(-0.192438 0.18205 0)
(-0.164558 0.175915 0)
(-0.126959 0.170856 0)
(-0.0770253 0.182831 0)
(-0.0236526 0.186093 0)
(0.036005 0.438023 0)
(0.118551 0.420587 0)
(0.165329 0.389496 0)
(0.181088 0.352592 0)
(0.179874 0.321237 0)
(0.170443 0.302973 0)
(0.156944 0.289406 0)
(0.151432 0.276205 0)
(0.153297 0.273373 0)
(0.155401 0.273578 0)
(0.152363 0.271481 0)
(0.141231 0.269309 0)
(0.115694 0.268046 0)
(0.0787241 0.273801 0)
(0.0282705 0.278903 0)
(-0.0258357 0.286321 0)
(-0.0839584 0.280354 0)
(-0.123058 0.269896 0)
(-0.152359 0.265803 0)
(-0.162512 0.264618 0)
(-0.150664 0.269216 0)
(-0.130052 0.273479 0)
(-0.0977583 0.281567 0)
(-0.0529429 0.28531 0)
(-0.0176143 0.292902 0)
(0.0461104 0.336368 0)
(0.0958588 0.309148 0)
(0.134473 0.267156 0)
(0.114589 0.267078 0)
(0.0732864 0.267935 0)
(0.0609065 0.26702 0)
(0.0591611 0.274791 0)
(0.0482246 0.290821 0)
(0.0507115 0.295907 0)
(0.0644336 0.291688 0)
(0.0773527 0.287662 0)
(0.0864363 0.281758 0)
(0.0997512 0.279054 0)
(0.0995541 0.279238 0)
(0.081477 0.280275 0)
(0.0245734 0.272381 0)
(-0.0472561 0.269507 0)
(-0.10053 0.260535 0)
(-0.120725 0.258923 0)
(-0.120931 0.258422 0)
(-0.110397 0.264627 0)
(-0.101203 0.271592 0)
(-0.0734379 0.273438 0)
(-0.0395396 0.274362 0)
(-0.00517561 0.280481 0)
(0.0283888 0.256811 0)
(0.0708601 0.234158 0)
(0.0462413 0.243622 0)
(0.0179207 0.29494 0)
(0.0225161 0.284851 0)
(0.0260423 0.274738 0)
(0.0234448 0.281672 0)
(0.0325649 0.276136 0)
(0.0563714 0.26623 0)
(0.0781629 0.267626 0)
(0.0652056 0.263413 0)
(0.0443601 0.257171 0)
(0.0574879 0.245486 0)
(0.0438972 0.239665 0)
(0.00253664 0.243742 0)
(-0.0497888 0.250251 0)
(-0.0930576 0.250721 0)
(-0.118015 0.24662 0)
(-0.114508 0.243567 0)
(-0.102564 0.247273 0)
(-0.090758 0.251656 0)
(-0.0802904 0.256053 0)
(-0.0554646 0.263687 0)
(-0.0256782 0.273164 0)
(-0.00618503 0.273444 0)
(0.0334874 0.20949 0)
(0.0530889 0.19072 0)
(0.0369162 0.209862 0)
(0.0347759 0.280752 0)
(0.0484168 0.273673 0)
(0.0697378 0.243798 0)
(0.0872035 0.224251 0)
(0.0872189 0.214975 0)
(0.110095 0.204097 0)
(0.134896 0.179522 0)
(0.126231 0.170505 0)
(0.0811261 0.198087 0)
(0.0529308 0.207335 0)
(0.0114119 0.207644 0)
(-0.0460627 0.211892 0)
(-0.0915345 0.218863 0)
(-0.112912 0.221692 0)
(-0.119154 0.228198 0)
(-0.112944 0.236305 0)
(-0.104062 0.244318 0)
(-0.0911159 0.251804 0)
(-0.0732961 0.259238 0)
(-0.0483983 0.265903 0)
(-0.024557 0.267765 0)
(-0.00495036 0.260227 0)
(0.00708139 0.161761 0)
(0.0455249 0.143919 0)
(0.067216 0.155661 0)
(0.0638574 0.20435 0)
(0.0789679 0.199765 0)
(0.114198 0.165765 0)
(0.175218 0.10799 0)
(0.173361 0.139421 0)
(0.154192 0.162079 0)
(0.0783221 0.188202 0)
(0.0235835 0.201472 0)
(0.00675821 0.210285 0)
(-0.0199814 0.211393 0)
(-0.046718 0.218204 0)
(-0.0690758 0.223172 0)
(-0.0870312 0.233609 0)
(-0.0962812 0.242341 0)
(-0.0983507 0.253699 0)
(-0.0968509 0.266567 0)
(-0.0931608 0.279773 0)
(-0.0851331 0.295075 0)
(-0.0708189 0.306803 0)
(-0.0472418 0.314844 0)
(-0.0155068 0.315725 0)
(-0.00852272 0.302865 0)
(-0.000512302 0.189322 0)
(0.0167004 0.177528 0)
(0.055066 0.156695 0)
(0.0826133 0.164479 0)
(0.128128 0.152013 0)
(0.134431 0.15571 0)
(0.100669 0.190784 0)
(0.0884733 0.198377 0)
(0.0784174 0.199751 0)
(0.042967 0.21213 0)
(0.0148615 0.222943 0)
(-0.00206243 0.231883 0)
(-0.0239914 0.246253 0)
(-0.0392227 0.262543 0)
(-0.053533 0.267873 0)
(-0.0669711 0.276712 0)
(-0.0753201 0.293332 0)
(-0.0794535 0.308303 0)
(-0.0786704 0.317489 0)
(-0.0745505 0.324499 0)
(-0.0744746 0.327677 0)
(-0.0801038 0.334228 0)
(-0.0784197 0.343241 0)
(-0.0479826 0.354843 0)
(-0.00644478 0.36965 0)
(-0.02112 0.238653 0)
(-0.033916 0.23057 0)
(0.00216984 0.220399 0)
(0.0534443 0.204232 0)
(0.10566 0.192604 0)
(0.133749 0.189438 0)
(0.120509 0.202067 0)
(0.0971324 0.224602 0)
(0.0640496 0.24194 0)
(0.0281557 0.250644 0)
(0.0122636 0.262529 0)
(-0.00132315 0.274389 0)
(-0.0179032 0.276932 0)
(-0.0359414 0.276114 0)
(-0.0435163 0.279921 0)
(-0.0547761 0.291484 0)
(-0.0599607 0.297377 0)
(-0.063504 0.303381 0)
(-0.0679365 0.309098 0)
(-0.0759009 0.313343 0)
(-0.087316 0.318316 0)
(-0.0808635 0.323472 0)
(-0.0733997 0.332355 0)
(-0.055313 0.34907 0)
(-0.0341573 0.363724 0)
(-0.00546254 0.270061 0)
(-0.0161063 0.26742 0)
(-0.00549859 0.261471 0)
(0.0376721 0.244367 0)
(0.0946895 0.220211 0)
(0.121259 0.223878 0)
(0.114374 0.24082 0)
(0.0974222 0.253801 0)
(0.0642354 0.267362 0)
(0.0325109 0.276034 0)
(0.0105509 0.280572 0)
(-0.00367778 0.281123 0)
(-0.00769465 0.28338 0)
(-0.00949598 0.287637 0)
(-0.0156164 0.294163 0)
(-0.0219581 0.297822 0)
(-0.0263865 0.303869 0)
(-0.0297577 0.310939 0)
(-0.0303115 0.319794 0)
(-0.0332309 0.330311 0)
(-0.0371222 0.34234 0)
(-0.0405017 0.354177 0)
(-0.0399807 0.357709 0)
(-0.0290568 0.351355 0)
(-0.0151791 0.360358 0)
(-0.00644981 0.291228 0)
(-0.0156196 0.29154 0)
(-0.00940682 0.287352 0)
(0.0125836 0.280742 0)
(0.061985 0.259695 0)
(0.116126 0.245401 0)
(0.130692 0.247043 0)
(0.1059 0.261871 0)
(0.0706702 0.283174 0)
(0.0419949 0.291942 0)
(0.0279383 0.292664 0)
(0.0203695 0.291661 0)
(0.017641 0.292957 0)
(0.0128851 0.296934 0)
(0.00785542 0.298174 0)
(0.00478138 0.300361 0)
(0.00296142 0.304947 0)
(0.00301345 0.312686 0)
(0.00394914 0.320745 0)
(-0.0127484 0.327623 0)
(-0.0298094 0.326161 0)
(-0.0462011 0.315871 0)
(-0.0523117 0.312404 0)
(-0.0360579 0.313346 0)
(-0.0172616 0.320629 0)
(-0.00412294 0.308157 0)
(-0.00945884 0.309723 0)
(-0.00933773 0.306317 0)
(-0.00129904 0.308773 0)
(0.0377573 0.295517 0)
(0.0849021 0.268753 0)
(0.117178 0.259698 0)
(0.123487 0.266498 0)
(0.10372 0.271973 0)
(0.066039 0.276324 0)
(0.0355403 0.291508 0)
(0.0215222 0.299984 0)
(0.0178679 0.298398 0)
(0.0101881 0.296749 0)
(0.0132044 0.293645 0)
(0.0124015 0.291871 0)
(0.0181411 0.285622 0)
(0.0231749 0.276497 0)
(0.00650769 0.270828 0)
(-0.0303418 0.274006 0)
(-0.0518232 0.268834 0)
(-0.0631448 0.255933 0)
(-0.0698459 0.252687 0)
(-0.0443825 0.261955 0)
(-0.0153661 0.269707 0)
(0.00290707 0.317474 0)
(0.00330058 0.315968 0)
(0.000415021 0.314286 0)
(0.002288 0.310764 0)
(0.0181568 0.31934 0)
(0.0554178 0.306638 0)
(0.080876 0.277496 0)
(0.112728 0.263348 0)
(0.107503 0.26562 0)
(0.0973496 0.260738 0)
(0.0743715 0.257884 0)
(0.0328043 0.271785 0)
(-0.00384377 0.289963 0)
(-0.00935923 0.291635 0)
(-0.00879958 0.288665 0)
(-0.00619431 0.285404 0)
(0.00177212 0.275066 0)
(0.00450415 0.258735 0)
(-2.68319e-05 0.252571 0)
(-0.00469648 0.252652 0)
(-0.00757018 0.251997 0)
(-0.0188708 0.243973 0)
(-0.0405686 0.224125 0)
(-0.0474534 0.22865 0)
(-0.0161494 0.240303 0)
(0.00545502 0.315322 0)
(0.00870227 0.312047 0)
(0.00741777 0.312923 0)
(0.00585868 0.314427 0)
(0.0125871 0.309824 0)
(0.0335285 0.321524 0)
(0.0636637 0.317834 0)
(0.0796791 0.289416 0)
(0.0838199 0.266042 0)
(0.091391 0.256254 0)
(0.0833641 0.253748 0)
(0.060141 0.2422 0)
(0.0144947 0.232592 0)
(-0.00554122 0.246769 0)
(-0.0224986 0.261937 0)
(-0.0281441 0.271947 0)
(-0.0151462 0.274568 0)
(-0.0114297 0.261041 0)
(-0.0151457 0.27057 0)
(-0.0219045 0.262796 0)
(-0.0253312 0.250801 0)
(-0.0287798 0.239788 0)
(-0.0392514 0.213919 0)
(-0.0363868 0.206733 0)
(-0.0172703 0.208915 0)
(0.00726558 0.304805 0)
(0.0102044 0.302129 0)
(0.0100872 0.307949 0)
(0.00768041 0.309544 0)
(0.00544872 0.310035 0)
(0.015185 0.30613 0)
(0.0337235 0.305665 0)
(0.0610711 0.30725 0)
(0.0669189 0.284689 0)
(0.0728736 0.268174 0)
(0.0733554 0.249295 0)
(0.0711093 0.238554 0)
(0.0550596 0.232211 0)
(0.0235425 0.215534 0)
(-0.0229288 0.20065 0)
(-0.0767728 0.182599 0)
(-0.104746 0.185596 0)
(-0.0625231 0.224666 0)
(-0.0366965 0.235889 0)
(-0.0489234 0.223306 0)
(-0.0658654 0.212591 0)
(-0.0655214 0.201251 0)
(-0.0638434 0.1848 0)
(-0.0409226 0.184561 0)
(-0.0107094 0.189943 0)
(0.00576203 0.291947 0)
(0.00969554 0.289869 0)
(0.0110313 0.296183 0)
(0.0117344 0.297433 0)
(0.00559771 0.300023 0)
(0.000518419 0.301913 0)
(0.00286128 0.300433 0)
(0.0193743 0.299621 0)
(0.0399784 0.30015 0)
(0.0542084 0.288602 0)
(0.0525859 0.268787 0)
(0.0536646 0.251214 0)
(0.0463777 0.239986 0)
(0.0299479 0.222787 0)
(0.0117819 0.206842 0)
(-0.0175318 0.192899 0)
(-0.0605501 0.168955 0)
(-0.104483 0.152677 0)
(-0.107503 0.154776 0)
(-0.101213 0.15275 0)
(-0.0908096 0.152923 0)
(-0.0685556 0.158196 0)
(-0.0496966 0.163821 0)
(-0.0351637 0.169375 0)
(-0.00888496 0.176313 0)
(0.00527958 0.273444 0)
(0.0105125 0.273197 0)
(0.0134005 0.27935 0)
(0.0165302 0.283428 0)
(0.0143361 0.283341 0)
(0.00688479 0.28434 0)
(-0.00370398 0.289546 0)
(-0.00706698 0.292233 0)
(0.00351973 0.290977 0)
(0.0174489 0.287669 0)
(0.0312652 0.284814 0)
(0.0334223 0.272528 0)
(0.02359 0.257521 0)
(0.00464567 0.249066 0)
(-0.00490967 0.227855 0)
(-0.0230664 0.201272 0)
(-0.0498646 0.187921 0)
(-0.0748552 0.172242 0)
(-0.0886982 0.157421 0)
(-0.0860146 0.148201 0)
(-0.0678514 0.151785 0)
(-0.0391356 0.16412 0)
(-0.0045853 0.182236 0)
(0.0105568 0.193033 0)
(0.00787345 0.202846 0)
(0.00512601 0.262124 0)
(0.0129706 0.261705 0)
(0.018118 0.265386 0)
(0.0208379 0.269015 0)
(0.0199403 0.273537 0)
(0.0169864 0.274986 0)
(0.0083324 0.273542 0)
(-0.0046427 0.27557 0)
(-0.0118972 0.27834 0)
(-0.00934229 0.279396 0)
(-0.00393637 0.279799 0)
(-0.000950337 0.280135 0)
(-0.00665605 0.273812 0)
(-0.0295475 0.263807 0)
(-0.0476374 0.255169 0)
(-0.0545394 0.237786 0)
(-0.0656913 0.216572 0)
(-0.0789113 0.202457 0)
(-0.0804398 0.188654 0)
(-0.0656438 0.18131 0)
(-0.0349618 0.192622 0)
(0.00886182 0.208888 0)
(0.0283946 0.215539 0)
(0.0250644 0.225548 0)
(0.0159393 0.221824 0)
(0.0103905 0.242517 0)
(0.0194648 0.244075 0)
(0.022145 0.247129 0)
(0.0282721 0.249285 0)
(0.028598 0.253835 0)
(0.0248982 0.260574 0)
(0.0172843 0.264764 0)
(0.00343567 0.26629 0)
(-0.00937666 0.271608 0)
(-0.0135211 0.277825 0)
(-0.010828 0.282193 0)
(-0.00998407 0.283594 0)
(-0.0199317 0.281896 0)
(-0.0499192 0.270332 0)
(-0.07802 0.252531 0)
(-0.0892545 0.243061 0)
(-0.100913 0.232398 0)
(-0.0998491 0.22475 0)
(-0.0741892 0.227524 0)
(-0.0298717 0.239763 0)
(0.00830663 0.252408 0)
(0.0367008 0.250455 0)
(0.0348396 0.255521 0)
(0.0217443 0.260336 0)
(0.0126894 0.258672 0)
(0.0072027 0.222805 0)
(0.0228158 0.220682 0)
(0.034684 0.221458 0)
(0.0441359 0.223006 0)
(0.0481595 0.229044 0)
(0.0459074 0.235781 0)
(0.0355911 0.244583 0)
(0.0238089 0.251042 0)
(0.0183225 0.256489 0)
(0.0131843 0.262593 0)
(0.00675389 0.265036 0)
(-0.0101915 0.26232 0)
(-0.0466854 0.260625 0)
(-0.0793197 0.257022 0)
(-0.0980742 0.25688 0)
(-0.099423 0.255388 0)
(-0.09388 0.254319 0)
(-0.0748756 0.265431 0)
(-0.0450078 0.279403 0)
(-0.0154386 0.287042 0)
(0.0117796 0.286809 0)
(0.0206117 0.295638 0)
(0.0222297 0.301075 0)
(0.0232175 0.297646 0)
(0.0118933 0.291121 0)
(0.00122556 0.223835 0)
(0.00711907 0.220735 0)
(0.0204155 0.215048 0)
(0.0404024 0.211321 0)
(0.0530456 0.212014 0)
(0.0552191 0.215041 0)
(0.0505399 0.216376 0)
(0.0432752 0.223805 0)
(0.0427773 0.227044 0)
(0.0393246 0.225721 0)
(0.0101191 0.225703 0)
(-0.0314206 0.231431 0)
(-0.0632554 0.239074 0)
(-0.0811532 0.247524 0)
(-0.0809868 0.256582 0)
(-0.0768231 0.267684 0)
(-0.0636725 0.28597 0)
(-0.0470631 0.303432 0)
(-0.0238724 0.309066 0)
(-0.00864799 0.315993 0)
(-0.00527026 0.324355 0)
(-0.00441462 0.336705 0)
(-0.00755668 0.338285 0)
(0.0019663 0.343185 0)
(0.00542279 0.339139 0)
(-0.00062642 0.228513 0)
(-0.00104427 0.226358 0)
(0.00323852 0.22094 0)
(0.0198226 0.214848 0)
(0.0382403 0.210227 0)
(0.0462358 0.20812 0)
(0.0443898 0.208297 0)
(0.0414187 0.210546 0)
(0.0352092 0.214789 0)
(0.0199894 0.218802 0)
(-0.00357516 0.229255 0)
(-0.0231525 0.238728 0)
(-0.0356981 0.251542 0)
(-0.0413986 0.271684 0)
(-0.0454637 0.282925 0)
(-0.0393309 0.301318 0)
(-0.0286546 0.314689 0)
(-0.0113703 0.315959 0)
(0.00173111 0.325994 0)
(0.00118198 0.337072 0)
(-0.0118473 0.350826 0)
(-0.022586 0.34214 0)
(-0.0345522 0.339246 0)
(-0.0319072 0.340223 0)
(-0.0195484 0.353116 0)
(-0.00197386 0.238281 0)
(-0.00551426 0.237563 0)
(-0.00632528 0.233349 0)
(0.0026492 0.228291 0)
(0.0194762 0.221445 0)
(0.0319527 0.218279 0)
(0.0355967 0.219174 0)
(0.0335173 0.222085 0)
(0.0277309 0.22595 0)
(0.0146188 0.231876 0)
(0.000419854 0.240266 0)
(-0.0100743 0.253744 0)
(-0.0126612 0.268251 0)
(-0.0181173 0.27449 0)
(-0.0168897 0.285146 0)
(-0.00593576 0.292784 0)
(0.00258535 0.298141 0)
(0.0123917 0.307616 0)
(0.00982807 0.317639 0)
(-0.00409302 0.323191 0)
(-0.0184609 0.310955 0)
(-0.0341953 0.303886 0)
(-0.0467183 0.300026 0)
(-0.041206 0.297334 0)
(-0.022105 0.311199 0)
(-0.0023987 0.248803 0)
(-0.00686268 0.249834 0)
(-0.00929294 0.247583 0)
(-0.00572587 0.244994 0)
(0.00505793 0.237962 0)
(0.0160068 0.234416 0)
(0.0255658 0.236591 0)
(0.0309592 0.236998 0)
(0.0280925 0.238939 0)
(0.0190264 0.246958 0)
(0.0152976 0.255876 0)
(0.0133412 0.260488 0)
(0.0112221 0.264916 0)
(0.010147 0.269356 0)
(0.0109316 0.275138 0)
(0.0147981 0.279327 0)
(0.0215308 0.281534 0)
(0.0278805 0.281614 0)
(0.0216464 0.279311 0)
(0.00566929 0.269415 0)
(-0.01001 0.260824 0)
(-0.0285502 0.250625 0)
(-0.0407961 0.248337 0)
(-0.0355768 0.250203 0)
(-0.0132734 0.260764 0)
(-0.00180902 0.257431 0)
(-0.00385661 0.259176 0)
(-0.00421837 0.258917 0)
(-0.00392249 0.257868 0)
(0.00173915 0.255471 0)
(0.00935256 0.250495 0)
(0.0171859 0.249026 0)
(0.0234936 0.254296 0)
(0.0233986 0.260422 0)
(0.0240506 0.260652 0)
(0.0235797 0.259846 0)
(0.0214589 0.261895 0)
(0.0193723 0.264899 0)
(0.0204708 0.266286 0)
(0.0207572 0.267357 0)
(0.0204119 0.268111 0)
(0.0226948 0.265888 0)
(0.0266464 0.261248 0)
(0.0258042 0.250465 0)
(0.0107435 0.240407 0)
(-0.00383854 0.23261 0)
(-0.0165295 0.224013 0)
(-0.0262109 0.214169 0)
(-0.0270988 0.214442 0)
(-0.010922 0.2341 0)
(-0.0006308 0.263933 0)
(-0.000561744 0.264111 0)
(-0.000753969 0.265274 0)
(0.000419575 0.265826 0)
(0.00482366 0.265714 0)
(0.0106567 0.261031 0)
(0.0162218 0.256527 0)
(0.0238373 0.256787 0)
(0.0247331 0.25827 0)
(0.0233209 0.26153 0)
(0.0231361 0.263737 0)
(0.0212512 0.263162 0)
(0.0198387 0.262315 0)
(0.0216161 0.25982 0)
(0.0191094 0.258 0)
(0.0152281 0.255931 0)
(0.0118499 0.254274 0)
(0.0131588 0.250717 0)
(0.0157899 0.241385 0)
(0.00869463 0.230752 0)
(-0.00408034 0.222119 0)
(-0.00963229 0.217422 0)
(-0.00680712 0.217269 0)
(-0.00501116 0.218668 0)
(-0.00554047 0.216437 0)
(-0.000119327 0.264418 0)
(0.00222906 0.2645 0)
(0.00255753 0.265923 0)
(0.00423252 0.267456 0)
(0.00866767 0.267955 0)
(0.0131647 0.266329 0)
(0.0181076 0.261756 0)
(0.0207413 0.258825 0)
(0.0254213 0.255781 0)
(0.0255517 0.254381 0)
(0.020649 0.25707 0)
(0.0178174 0.260097 0)
(0.0166 0.256786 0)
(0.0157304 0.253724 0)
(0.011579 0.251102 0)
(0.00805249 0.246045 0)
(0.00206853 0.242829 0)
(-0.00103524 0.241592 0)
(0.00079574 0.238597 0)
(0.00191321 0.233419 0)
(-0.00497903 0.223802 0)
(-0.00823456 0.219481 0)
(-0.0026157 0.21992 0)
(-0.000599623 0.221833 0)
(0.00186361 0.22438 0)
(0.000654027 0.261357 0)
(0.00398217 0.262707 0)
(0.00369518 0.262225 0)
(0.00449153 0.26435 0)
(0.00855549 0.265161 0)
(0.0130021 0.268318 0)
(0.0171167 0.266062 0)
(0.0193007 0.259288 0)
(0.0209285 0.255274 0)
(0.0223368 0.253327 0)
(0.0224791 0.249086 0)
(0.0170505 0.24799 0)
(0.00871994 0.25264 0)
(0.00459872 0.253417 0)
(0.00712332 0.249274 0)
(0.00428119 0.244627 0)
(-0.000573774 0.240296 0)
(-0.00688428 0.237318 0)
(-0.00789182 0.236592 0)
(-0.00617664 0.234377 0)
(-0.00631225 0.228217 0)
(-0.00682345 0.222047 0)
(-0.00352947 0.217512 0)
(-0.00382239 0.219857 0)
(-0.00258114 0.220419 0)
(0.000700281 0.258578 0)
(0.0024147 0.259893 0)
(0.00228842 0.259189 0)
(0.00198009 0.260803 0)
(0.00526894 0.26185 0)
(0.00762661 0.260551 0)
(0.0139179 0.265059 0)
(0.0189159 0.265014 0)
(0.0208185 0.256844 0)
(0.0209871 0.250476 0)
(0.0160185 0.248084 0)
(0.0117884 0.243291 0)
(0.00546361 0.239386 0)
(0.000444699 0.245107 0)
(-0.00437596 0.24849 0)
(-0.00545787 0.248315 0)
(-0.0031477 0.245414 0)
(-0.00559213 0.243279 0)
(-0.00678167 0.241167 0)
(-0.00609685 0.237913 0)
(-0.00725533 0.235823 0)
(-0.0070028 0.233218 0)
(-0.00230084 0.231601 0)
(0.000258291 0.233646 0)
(0.00186419 0.234914 0)
(0.000314748 0.256924 0)
(0.000467898 0.258176 0)
(-0.000285754 0.257552 0)
(-0.00214675 0.258382 0)
(-0.000130906 0.260595 0)
(0.00198229 0.260773 0)
(0.00415149 0.259824 0)
(0.00997839 0.261504 0)
(0.0175083 0.265254 0)
(0.021316 0.261399 0)
(0.0202783 0.252077 0)
(0.0158941 0.250457 0)
(0.00954368 0.244908 0)
(-0.00221074 0.234726 0)
(-0.0111336 0.236893 0)
(-0.0113696 0.244774 0)
(-0.0108495 0.245449 0)
(-0.00551586 0.243704 0)
(-0.00368249 0.2436 0)
(-0.0063163 0.24221 0)
(-0.00908926 0.241412 0)
(-0.00788324 0.242669 0)
(-0.00317915 0.242122 0)
(0.000287086 0.242238 0)
(0.00216465 0.242133 0)
(-0.000325527 0.255584 0)
(-0.00124854 0.257809 0)
(-0.00165817 0.259006 0)
(-0.00406214 0.259037 0)
(-0.00497574 0.261076 0)
(-0.00229404 0.263682 0)
(-0.000360844 0.263798 0)
(0.00142112 0.263042 0)
(0.00811084 0.263525 0)
(0.0141028 0.265427 0)
(0.0236338 0.266737 0)
(0.0184345 0.257354 0)
(0.00937374 0.253857 0)
(0.00365059 0.25171 0)
(-0.00738215 0.238756 0)
(-0.0203971 0.232045 0)
(-0.0173246 0.240934 0)
(-0.0115421 0.242609 0)
(-0.00854829 0.242575 0)
(-0.00937346 0.243523 0)
(-0.0119358 0.244665 0)
(-0.00991896 0.244138 0)
(-0.00642917 0.242291 0)
(-0.00349042 0.245074 0)
(-0.000309169 0.243001 0)
(-0.00113625 0.260901 0)
(-0.00363017 0.261068 0)
(-0.00307143 0.265267 0)
(-0.00438614 0.265212 0)
(-0.00659826 0.266335 0)
(-0.00610448 0.269622 0)
(-0.00420514 0.27201 0)
(-0.00286768 0.271859 0)
(-0.00161253 0.269565 0)
(0.00452723 0.266894 0)
(0.00579224 0.266845 0)
(0.0143396 0.268203 0)
(0.00918402 0.261561 0)
(0.00116268 0.257606 0)
(-0.00287017 0.252349 0)
(-0.0117772 0.239682 0)
(-0.024107 0.234714 0)
(-0.0225021 0.237551 0)
(-0.0163457 0.242831 0)
(-0.0143446 0.245458 0)
(-0.0127214 0.246 0)
(-0.0105689 0.245657 0)
(-0.00721998 0.247887 0)
(-0.000945952 0.251029 0)
(0.0031883 0.250665 0)
(-0.00044025 0.267465 0)
(-0.00223459 0.269044 0)
(-0.00324003 0.275282 0)
(-0.00120767 0.281266 0)
(-0.000868774 0.284003 0)
(-0.000691748 0.286187 0)
(6.21765e-05 0.285716 0)
(0.00345475 0.28473 0)
(-0.00389287 0.281299 0)
(-0.00984253 0.279607 0)
(-0.0106346 0.273937 0)
(-0.00587282 0.266755 0)
(-0.00119689 0.268073 0)
(-0.00440722 0.261966 0)
(-0.00835118 0.25958 0)
(-0.011645 0.256251 0)
(-0.0160801 0.246602 0)
(-0.0182706 0.241254 0)
(-0.0160762 0.243937 0)
(-0.0117372 0.247034 0)
(-0.00868476 0.249323 0)
(-0.00607654 0.252999 0)
(-0.00230762 0.256573 0)
(0.0028258 0.25922 0)
(0.0024528 0.259365 0)
(0.00102912 0.268947 0)
(0.00539719 0.271502 0)
(0.0112837 0.276252 0)
(0.0192699 0.280194 0)
(0.0298217 0.282708 0)
(0.0287065 0.28206 0)
(0.0116682 0.281756 0)
(0.00517479 0.281004 0)
(0.00218096 0.279973 0)
(-0.00829386 0.273132 0)
(-0.0150865 0.270231 0)
(-0.0164556 0.269011 0)
(-0.0111074 0.266828 0)
(-0.00772271 0.265802 0)
(-0.0117145 0.261803 0)
(-0.0142042 0.258924 0)
(-0.0156171 0.253637 0)
(-0.0107785 0.251129 0)
(-0.00569204 0.252795 0)
(-0.00392387 0.253848 0)
(-0.00413306 0.255471 0)
(-0.00367728 0.25877 0)
(-0.0021309 0.263322 0)
(0.00102839 0.262862 0)
(0.000657034 0.264485 0)
(0.00391689 0.256286 0)
(0.0136254 0.254582 0)
(0.0225666 0.256476 0)
(0.0364906 0.255794 0)
(0.0550359 0.253325 0)
(0.065461 0.246741 0)
(0.0615047 0.249109 0)
(0.0491854 0.25409 0)
(0.0253299 0.256493 0)
(0.00650065 0.259912 0)
(-0.00655925 0.258285 0)
(-0.01363 0.25881 0)
(-0.00998714 0.259325 0)
(-0.0126973 0.25777 0)
(-0.015225 0.255112 0)
(-0.0109696 0.254211 0)
(-0.00545252 0.258284 0)
(-0.00168617 0.262172 0)
(0.0001841 0.261089 0)
(-0.00134665 0.259633 0)
(-0.00437071 0.261348 0)
(-0.0046656 0.26349 0)
(-0.00211069 0.266056 0)
(4.41188e-05 0.263806 0)
(-0.000392296 0.265302 0)
(0.00323762 0.239685 0)
(0.0137834 0.237126 0)
(0.0291462 0.234992 0)
(0.0525498 0.226694 0)
(0.0551829 0.224385 0)
(0.038542 0.229967 0)
(0.0354967 0.234714 0)
(0.0282909 0.23344 0)
(0.0153332 0.237519 0)
(0.0015877 0.241531 0)
(-0.00634407 0.244789 0)
(-0.00847838 0.247754 0)
(-0.0105264 0.248529 0)
(-0.0143447 0.252904 0)
(-0.0160436 0.258651 0)
(-0.0122066 0.264671 0)
(-0.00758835 0.268891 0)
(-0.000752499 0.268974 0)
(0.000641896 0.261522 0)
(-0.00371068 0.261343 0)
(-0.00507178 0.262312 0)
(-0.00534863 0.26477 0)
(-0.00387968 0.262722 0)
(0.000356777 0.262455 0)
(-0.000269683 0.264457 0)
(0.000255109 0.240388 0)
(0.00382122 0.233706 0)
(0.0151563 0.228633 0)
(0.0262736 0.224668 0)
(0.0274164 0.226697 0)
(0.0259456 0.229484 0)
(0.0205161 0.229428 0)
(0.00735878 0.231904 0)
(-0.00383366 0.236621 0)
(-0.0110344 0.240498 0)
(-0.0112684 0.241343 0)
(-0.0116109 0.245521 0)
(-0.012067 0.251246 0)
(-0.0120598 0.257502 0)
(-0.016347 0.265617 0)
(-0.0185082 0.27609 0)
(-0.00922971 0.27312 0)
(-0.00418205 0.26708 0)
(-0.00171654 0.2631 0)
(-0.00487974 0.262333 0)
(-0.00597721 0.262096 0)
(-0.00599026 0.260475 0)
(-0.00305082 0.264557 0)
(0.00250846 0.266791 0)
(0.00123712 0.267667 0)
(-0.00159959 0.253309 0)
(-0.00558259 0.246545 0)
(-0.00289254 0.242624 0)
(0.00616124 0.237915 0)
(0.0141841 0.238426 0)
(0.0155139 0.243177 0)
(0.00251631 0.253131 0)
(-0.00885306 0.258177 0)
(-0.0194398 0.254671 0)
(-0.0259223 0.252605 0)
(-0.0192235 0.255036 0)
(-0.0157268 0.256349 0)
(-0.0143745 0.261533 0)
(-0.0152892 0.264984 0)
(-0.0196073 0.265689 0)
(-0.0212965 0.263541 0)
(-0.0140183 0.26491 0)
(-0.00663221 0.265187 0)
(-0.00287587 0.264932 0)
(-0.00316193 0.261105 0)
(-0.00347385 0.261812 0)
(-0.00125334 0.262616 0)
(0.00186044 0.267271 0)
(0.0019938 0.270709 0)
(0.0015743 0.274906 0)
(-0.00119206 0.26233 0)
(-0.00376393 0.260043 0)
(-0.00512713 0.257469 0)
(-0.000981643 0.257097 0)
(0.0035808 0.253491 0)
(0.00142013 0.249865 0)
(-0.010942 0.251402 0)
(-0.0371214 0.257916 0)
(-0.0627643 0.271647 0)
(-0.0558196 0.276468 0)
(-0.0394388 0.28146 0)
(-0.0211591 0.27907 0)
(-0.00816331 0.27236 0)
(-0.00232942 0.266773 0)
(-0.00342824 0.262843 0)
(-0.00866845 0.258629 0)
(-0.0138558 0.259157 0)
(-0.00738622 0.26196 0)
(-0.00119375 0.263083 0)
(0.00115079 0.261846 0)
(0.00221036 0.261596 0)
(0.00891645 0.265988 0)
(0.0100909 0.265988 0)
(0.00358697 0.267955 0)
(-0.000269471 0.268482 0)
(-0.000568487 0.266564 0)
(0.00151359 0.263794 0)
(0.00194355 0.262079 0)
(0.00523743 0.262392 0)
(0.00939035 0.261291 0)
(0.00905771 0.26087 0)
(-0.000848199 0.258798 0)
(-0.0192706 0.259286 0)
(-0.0299231 0.265151 0)
(-0.028548 0.273706 0)
(-0.0170622 0.279947 0)
(-0.00855703 0.28131 0)
(-0.00366625 0.280744 0)
(0.00172428 0.276854 0)
(0.00336255 0.270966 0)
(0.000175915 0.265987 0)
(-0.00271914 0.261617 0)
(-0.00301084 0.259705 0)
(-0.00158486 0.259763 0)
(0.00308888 0.259948 0)
(0.00863981 0.266024 0)
(0.011909 0.277837 0)
(0.0197542 0.267317 0)
(0.00596195 0.26058 0)
(-0.00210069 0.26272 0)
(0.00143265 0.272958 0)
(0.00181821 0.269017 0)
(0.00271206 0.262777 0)
(0.00225484 0.262319 0)
(0.00575331 0.265752 0)
(0.00813757 0.262595 0)
(0.00391367 0.262321 0)
(0.00553731 0.266888 0)
(0.0142079 0.263807 0)
(0.0209451 0.268276 0)
(0.0219582 0.272112 0)
(0.0154752 0.273666 0)
(0.00766586 0.269423 0)
(0.00758482 0.27033 0)
(0.00762179 0.270743 0)
(0.0051223 0.268453 0)
(0.00539127 0.26396 0)
(0.00729729 0.255921 0)
(0.00117836 0.256614 0)
(0.000476624 0.267763 0)
(0.00590061 0.27745 0)
(0.0151115 0.274519 0)
(0.0158819 0.269268 0)
(0.005895 0.259607 0)
(-0.00415733 0.254782 0)
(0.00267965 0.272182 0)
(0.000926003 0.270384 0)
(-0.00203904 0.268222 0)
(-0.00327693 0.262984 0)
(-0.000501251 0.262578 0)
(0.00293321 0.263201 0)
(0.00241647 0.267628 0)
(0.011104 0.267183 0)
(0.0307622 0.265352 0)
(0.0458008 0.260495 0)
(0.0513378 0.251348 0)
(0.0362061 0.254355 0)
(0.018457 0.258728 0)
(0.0101322 0.259439 0)
(0.0115499 0.259657 0)
(0.0112032 0.254867 0)
(0.0114232 0.252157 0)
(0.00378325 0.260154 0)
(-0.00112216 0.268443 0)
(-0.0038863 0.277226 0)
(-0.00174308 0.287978 0)
(0.00725959 0.275931 0)
(0.0064534 0.272919 0)
(0.00336051 0.26389 0)
(-0.00130031 0.255785 0)
(0.00170082 0.265072 0)
(-0.00037945 0.263375 0)
(-0.00216019 0.267931 0)
(-0.00462782 0.265601 0)
(-0.0047757 0.262842 0)
(-0.00212755 0.265089 0)
(-0.00027707 0.262679 0)
(0.0092768 0.261475 0)
(0.0177941 0.255475 0)
(0.0219181 0.250886 0)
(0.0192974 0.249356 0)
(0.0176374 0.250979 0)
(0.0146168 0.254233 0)
(0.0102608 0.252988 0)
(0.0104187 0.251768 0)
(0.0109601 0.252244 0)
(0.00941626 0.25595 0)
(0.00755836 0.261229 0)
(0.00431297 0.271702 0)
(-0.00560966 0.283663 0)
(-0.00949926 0.277049 0)
(-0.012094 0.274995 0)
(-0.00760062 0.269501 0)
(-0.00715501 0.263403 0)
(-0.000886301 0.257583 0)
(0.000746692 0.257638 0)
(-0.000160582 0.257292 0)
(-0.00154835 0.261304 0)
(-0.00208263 0.266092 0)
(-0.00349472 0.264799 0)
(-0.00323492 0.261961 0)
(-0.0013258 0.255878 0)
(-0.00420779 0.251593 0)
(-0.00174415 0.253222 0)
(0.00225157 0.250609 0)
(0.00243919 0.25008 0)
(0.00500766 0.255096 0)
(0.00671559 0.253653 0)
(0.00663272 0.254464 0)
(0.00559991 0.252346 0)
(0.00971527 0.253349 0)
(0.0127629 0.256183 0)
(0.0176316 0.259079 0)
(0.0167023 0.261387 0)
(-0.00250846 0.25957 0)
(-0.0158748 0.258115 0)
(-0.0279044 0.255819 0)
(-0.0248589 0.254351 0)
(-0.0172584 0.254389 0)
(-0.00357337 0.252885 0)
(0.000552399 0.250603 0)
(-0.00100655 0.254034 0)
(-0.00284434 0.256099 0)
(-0.000769533 0.261139 0)
(0.000273384 0.263563 0)
(0.000149923 0.260776 0)
(0.000214508 0.258634 0)
(-0.00630357 0.252161 0)
(-0.013443 0.252058 0)
(-0.010866 0.255103 0)
(-0.0104455 0.253831 0)
(-0.00950064 0.251889 0)
(-0.00267865 0.257215 0)
(0.00126171 0.258676 0)
(0.00278671 0.25777 0)
(0.00636609 0.256345 0)
(0.0138351 0.254436 0)
(0.0196869 0.252738 0)
(0.0210078 0.249825 0)
(0.0104724 0.23977 0)
(-0.0226545 0.22967 0)
(-0.0297958 0.233509 0)
(-0.0246165 0.239357 0)
(-0.0153756 0.241793 0)
(-0.0039631 0.244319 0)
(-0.000192125 0.252252 0)
(-0.00161708 0.253277 0)
(-0.00280918 0.257063 0)
(-0.00432497 0.26032 0)
(-0.00197478 0.263198 0)
(0.000666777 0.26445 0)
(0.0012546 0.263757 0)
(-0.00480868 0.256984 0)
(-0.0195131 0.249783 0)
(-0.0251123 0.25313 0)
(-0.0193429 0.256843 0)
(-0.0190116 0.255118 0)
(-0.0197422 0.254031 0)
(-0.00874507 0.258628 0)
(-0.00382865 0.263807 0)
(0.00172598 0.266511 0)
(0.00752834 0.262999 0)
(0.010514 0.258353 0)
(0.0113361 0.252227 0)
(0.00917509 0.244191 0)
(0.000575614 0.23357 0)
(-0.0058272 0.234194 0)
(-0.00633079 0.236666 0)
(-0.00503311 0.239526 0)
(-0.00172974 0.242555 0)
(-0.000670653 0.261093 0)
(-0.00157075 0.262181 0)
(-0.00494227 0.265628 0)
(-0.00660527 0.270259 0)
(-0.00388298 0.2724 0)
(0.000388292 0.270625 0)
(0.00396403 0.267384 0)
(-0.000819084 0.263207 0)
(-0.00855452 0.26104 0)
(-0.0175345 0.254117 0)
(-0.0174694 0.254947 0)
(-0.011913 0.256671 0)
(-0.0105647 0.255327 0)
(-0.0116428 0.254623 0)
(-0.0090815 0.259662 0)
(-0.00397653 0.26314 0)
(0.00372761 0.267775 0)
(0.0069424 0.262376 0)
(0.00529146 0.257939 0)
(0.00465656 0.253544 0)
(0.00449255 0.249451 0)
(0.00900944 0.248374 0)
(0.00530582 0.246369 0)
(0.000979941 0.246671 0)
(-0.000243256 0.249071 0)
(-0.00096056 0.266739 0)
(-0.00265702 0.272391 0)
(-0.000931928 0.277136 0)
(0.0055949 0.276041 0)
(0.0111423 0.274996 0)
(0.00385778 0.27475 0)
(-0.000501295 0.27078 0)
(0.000956429 0.267237 0)
(-0.00270468 0.261231 0)
(-0.00704574 0.259157 0)
(-0.00586834 0.25919 0)
(-0.00331998 0.259441 0)
(-0.00280282 0.258702 0)
(-0.0033486 0.259394 0)
(-0.00134492 0.260262 0)
(0.0010421 0.264247 0)
(0.00314352 0.265176 0)
(0.000770866 0.2615 0)
(-0.0044927 0.25696 0)
(-0.00276711 0.257948 0)
(0.00220883 0.263972 0)
(0.00795595 0.258504 0)
(0.00403445 0.256297 0)
(0.000908308 0.255456 0)
(-0.000236845 0.256568 0)
(0.000108113 0.261579 0)
(0.00683981 0.264146 0)
(0.0162515 0.265475 0)
(0.0204729 0.265036 0)
(0.0210758 0.264455 0)
(0.0264297 0.257824 0)
(0.0183485 0.256816 0)
(0.0115632 0.255701 0)
(0.00890173 0.256241 0)
(0.0110943 0.259416 0)
(0.0141321 0.258024 0)
(0.0122097 0.257999 0)
(0.0070346 0.260878 0)
(0.0060419 0.264171 0)
(0.00919049 0.264506 0)
(0.0104742 0.262881 0)
(0.00629273 0.257074 0)
(-0.000893222 0.257699 0)
(-0.00510465 0.260864 0)
(-0.004982 0.264428 0)
(-0.00311971 0.265853 0)
(-0.00144105 0.262798 0)
(-0.00297947 0.259146 0)
(-0.00197127 0.257964 0)
(-0.00146828 0.256926 0)
(-0.00034565 0.253665 0)
(0.00438232 0.25626 0)
(0.0184475 0.254292 0)
(0.0354338 0.245239 0)
(0.032863 0.23765 0)
(0.018115 0.243868 0)
(0.00814324 0.248861 0)
(0.00243729 0.255168 0)
(0.00237411 0.258328 0)
(0.00540063 0.258995 0)
(0.00473822 0.261589 0)
(0.000932703 0.264024 0)
(0.00105496 0.26772 0)
(0.00691334 0.26745 0)
(0.00950224 0.264065 0)
(0.00785276 0.259159 0)
(-0.000514983 0.257511 0)
(-0.00540287 0.260345 0)
(-0.00655733 0.265435 0)
(-0.00637292 0.26576 0)
(-0.00628974 0.259249 0)
(-0.00891365 0.258699 0)
(-0.00734843 0.256186 0)
(-0.00414915 0.25508 0)
(-0.00235786 0.254433 0)
(0.000714841 0.251308 0)
(0.00486652 0.248843 0)
(0.0120261 0.246419 0)
(0.0104849 0.244311 0)
(0.00721072 0.244395 0)
(0.00423383 0.249294 0)
(0.00180577 0.254788 0)
(-0.000865551 0.257711 0)
(-0.00126569 0.260819 0)
(-0.00218313 0.263625 0)
(-0.00436974 0.264266 0)
(-0.00371584 0.266212 0)
(0.000643305 0.266587 0)
(0.00466562 0.265272 0)
(0.00418095 0.264083 0)
(-0.000277667 0.262842 0)
(-0.00693093 0.263697 0)
(-0.00751777 0.268019 0)
(-0.00439131 0.267235 0)
(0.000113082 0.26349 0)
(-0.000793847 0.25931 0)
(-0.00429625 0.255723 0)
(-0.00392778 0.254997 0)
(-0.00276118 0.254488 0)
(-0.00259555 0.255998 0)
(0.000929207 0.254931 0)
(0.000750449 0.251076 0)
(0.00171071 0.251065 0)
(0.000578307 0.252723 0)
(-0.000903704 0.251111 0)
(0.000494341 0.25173 0)
(0.00150995 0.25634 0)
(-0.000729389 0.260586 0)
(-0.00137123 0.263809 0)
(-0.00309109 0.267054 0)
(-0.00338802 0.268417 0)
(-0.00207425 0.269841 0)
(0.0022812 0.268662 0)
(0.00309558 0.267518 0)
(-4.46081e-05 0.265722 0)
(-0.00591294 0.268485 0)
(-0.00783111 0.271929 0)
(-0.00367386 0.272928 0)
(0.00420073 0.272565 0)
(0.00980573 0.2698 0)
(0.00738224 0.265434 0)
(0.00502837 0.261425 0)
(0.00119989 0.259928 0)
(-0.00187183 0.25898 0)
(-0.00251821 0.261181 0)
(0.00133143 0.260272 0)
(-0.00103454 0.255533 0)
(-0.00404168 0.255539 0)
(-0.00462195 0.258641 0)
(-0.00194595 0.260736 0)
(-0.00352456 0.259277 0)
(-0.00046102 0.255255 0)
(0.00283158 0.254912 0)
(0.000651845 0.259901 0)
(-0.00309178 0.265176 0)
(-0.00363097 0.269478 0)
(-0.000907787 0.270344 0)
(-0.00212263 0.270406 0)
(-0.00542967 0.271426 0)
(-0.0104763 0.272875 0)
(-0.0139996 0.275861 0)
(-0.0113257 0.279265 0)
(-0.00463658 0.281519 0)
(0.00385676 0.280558 0)
(0.0110515 0.276905 0)
(0.0154383 0.272669 0)
(0.00867749 0.265032 0)
(0.0029709 0.26328 0)
(-0.00157319 0.262916 0)
(-0.00122176 0.26622 0)
(0.00128161 0.264754 0)
(-0.00207179 0.260877 0)
(-0.0104146 0.26109 0)
(-0.0112669 0.266146 0)
(-0.0106842 0.274463 0)
(-0.000613395 0.270929 0)
(0.00262407 0.265501 0)
(0.00208701 0.260291 0)
(0.000743178 0.25571 0)
(-0.00473564 0.252868 0)
(-0.0122854 0.258574 0)
(-0.0151994 0.264683 0)
(-0.0190819 0.269104 0)
(-0.0209688 0.272735 0)
(-0.022052 0.275826 0)
(-0.0243036 0.275127 0)
(-0.025131 0.276833 0)
(-0.0208665 0.278475 0)
(-0.0120867 0.278654 0)
(-0.00281123 0.277851 0)
(0.0051578 0.272514 0)
(0.0053588 0.26827 0)
(0.00110109 0.264159 0)
(-0.00157954 0.267437 0)
(0.000191893 0.266637 0)
(-0.000411838 0.265242 0)
(-0.000700846 0.265083 0)
(-0.00461479 0.264983 0)
(-0.0102404 0.269585 0)
(-0.0050736 0.272828 0)
(0.00545704 0.277574 0)
(0.0109848 0.276039 0)
(0.0115362 0.26994 0)
(0.0107562 0.264166 0)
(0.00819775 0.260468 0)
(-0.0016956 0.253676 0)
(-0.0163364 0.251872 0)
(-0.0278139 0.252951 0)
(-0.0378382 0.253402 0)
(-0.0470501 0.254808 0)
(-0.0483492 0.258697 0)
(-0.0429944 0.262953 0)
(-0.0334055 0.266654 0)
(-0.0257775 0.268865 0)
(-0.017384 0.270336 0)
(-0.00833744 0.271117 0)
(-0.000150771 0.268556 0)
(-0.000323133 0.265689 0)
(-0.00196063 0.266127 0)
(4.98327e-05 0.265086 0)
(-0.000315855 0.260131 0)
(0.00254184 0.265588 0)
(0.00323043 0.266665 0)
(0.00792884 0.268007 0)
(0.0137794 0.269939 0)
(0.0157009 0.268415 0)
(0.0169243 0.268843 0)
(0.0116955 0.266434 0)
(0.0093793 0.263387 0)
(0.00954297 0.260238 0)
(0.00855635 0.254262 0)
(0.000856257 0.252634 0)
(-0.00759221 0.249405 0)
(-0.0154287 0.248005 0)
(-0.0229191 0.246731 0)
(-0.0295215 0.246732 0)
(-0.0316694 0.247795 0)
(-0.0288728 0.251393 0)
(-0.0233212 0.257193 0)
(-0.0158003 0.261914 0)
(-0.00776331 0.265071 0)
(-0.00175128 0.267071 0)
(-0.000630634 0.26789 0)
(-0.00135788 0.263275 0)
(-0.00138946 0.263814 0)
(0.00109111 0.257126 0)
(0.00542914 0.261462 0)
(0.0111595 0.263455 0)
(0.0232558 0.257806 0)
(0.0349832 0.250754 0)
(0.0273575 0.249223 0)
(0.0124371 0.254998 0)
(0.00394071 0.262617 0)
(0.0037977 0.264611 0)
(0.00829744 0.264644 0)
(0.0108419 0.263532 0)
(0.00965389 0.257893 0)
(0.0044553 0.255474 0)
(-0.00143327 0.254566 0)
(-0.00564909 0.251901 0)
(-0.00881673 0.2484 0)
(-0.00883999 0.246899 0)
(-0.00445875 0.25174 0)
(0.000742533 0.258491 0)
(0.00422122 0.262104 0)
(0.00356501 0.263546 0)
(-0.000722619 0.263598 0)
(-0.000434752 0.262851 0)
(-0.00117651 0.264502 0)
(-0.00137649 0.262592 0)
(0.00365232 0.260061 0)
(0.00408061 0.255975 0)
(0.00821637 0.255316 0)
(0.0119529 0.253521 0)
(0.00771745 0.254908 0)
(0.0002621 0.260633 0)
(-0.0054867 0.263144 0)
(-0.00850468 0.269365 0)
(-0.000769275 0.272819 0)
(0.00863511 0.273346 0)
(0.0155256 0.27313 0)
(0.0159305 0.269783 0)
(0.0108481 0.267183 0)
(0.00602961 0.261943 0)
(0.00305869 0.25642 0)
(0.00282116 0.252052 0)
(0.00377886 0.254571 0)
(0.00800151 0.259 0)
(0.0155152 0.2601 0)
(0.0182952 0.260406 0)
(0.0110102 0.260518 0)
(0.00248439 0.258172 0)
(-0.000196812 0.260568 0)
(-0.00183977 0.263121 0)
(0.000231582 0.259122 0)
(0.00804261 0.263317 0)
(0.00438024 0.25699 0)
(0.0030937 0.257812 0)
(0.00248252 0.258236 0)
(-0.00223145 0.258923 0)
(-0.00688422 0.261719 0)
(-0.00950594 0.268368 0)
(0.000185543 0.268922 0)
(0.00894341 0.272543 0)
(0.0175522 0.273021 0)
(0.024062 0.269858 0)
(0.0239104 0.26648 0)
(0.0194691 0.262333 0)
(0.0123002 0.25912 0)
(0.00695371 0.258562 0)
(0.00367534 0.261129 0)
(0.00157159 0.262123 0)
(0.00166412 0.264234 0)
(0.00141563 0.263101 0)
(-0.000492418 0.260691 0)
(-0.000677644 0.262624 0)
(0.00181494 0.268565 0)
(-0.00075758 0.264968 0)
(-0.000496624 0.260164 0)
(0.000492087 0.25586 0)
(0.00750178 0.263972 0)
(0.00258763 0.258 0)
(-0.00101804 0.259204 0)
(-0.000509107 0.260781 0)
(-0.00221298 0.261969 0)
(-0.00304086 0.263854 0)
(0.000290777 0.268147 0)
(0.00836146 0.268831 0)
(0.0201028 0.266421 0)
(0.0262023 0.263373 0)
(0.0226567 0.265318 0)
(0.016433 0.26515 0)
(0.0114593 0.263431 0)
(0.00674901 0.262295 0)
(0.00347271 0.261368 0)
(0.00300761 0.264034 0)
(0.00111866 0.262582 0)
(-0.00919666 0.258394 0)
(-0.0156286 0.256867 0)
(-0.0146795 0.259975 0)
(-0.0122397 0.262725 0)
(-0.00513382 0.266218 0)
(-0.00119507 0.264738 0)
(-0.000403417 0.260937 0)
(3.41145e-06 0.256869 0)
(-0.00248021 0.26704 0)
(0.00141287 0.265103 0)
(-0.00148499 0.260483 0)
(-0.00113102 0.260299 0)
(-0.00247455 0.261979 0)
(-0.00335417 0.263614 0)
(-0.00103825 0.263805 0)
(0.00786703 0.263842 0)
(0.00931676 0.262804 0)
(0.00475053 0.265552 0)
(-0.000447611 0.27009 0)
(-0.00108367 0.271108 0)
(0.00137428 0.272662 0)
(0.00600762 0.271405 0)
(0.00729676 0.269176 0)
(0.00670918 0.265738 0)
(0.00536248 0.262337 0)
(-0.00159124 0.25563 0)
(-0.0150616 0.250869 0)
(-0.0254619 0.250274 0)
(-0.0224892 0.256303 0)
(-0.00844588 0.263038 0)
(-0.00176882 0.262908 0)
(-0.0010872 0.259262 0)
(-0.000220074 0.257241 0)
(-0.00743725 0.275984 0)
(0.00202579 0.285314 0)
(0.00442251 0.267455 0)
(-0.000610777 0.264099 0)
(-0.000879671 0.264445 0)
(-0.00317277 0.264127 0)
(-0.00687313 0.261985 0)
(-0.00523404 0.259335 0)
(-0.00419386 0.259898 0)
(-0.00660386 0.269033 0)
(-0.0158966 0.271712 0)
(-0.0230765 0.276273 0)
(-0.0166471 0.277982 0)
(-0.00739554 0.278119 0)
(0.0022529 0.276952 0)
(0.00678991 0.273719 0)
(0.00927312 0.271659 0)
(0.00634005 0.264666 0)
(0.000163124 0.261304 0)
(-0.0106944 0.255856 0)
(-0.019831 0.253183 0)
(-0.0138288 0.259231 0)
(-0.00230593 0.26547 0)
(-0.000606291 0.259524 0)
(-0.00160215 0.262471 0)
(-0.0038952 0.28205 0)
(0.00319466 0.289903 0)
(0.000589451 0.272088 0)
(-0.00367346 0.26456 0)
(-0.00118529 0.264541 0)
(-0.00147544 0.26419 0)
(-0.00198339 0.262968 0)
(-0.00191999 0.262852 0)
(-0.00391305 0.262853 0)
(-0.0142795 0.262976 0)
(-0.0298183 0.268335 0)
(-0.0323517 0.27584 0)
(-0.0238565 0.277298 0)
(-0.0142028 0.275698 0)
(-0.00587 0.276712 0)
(0.00323705 0.278078 0)
(0.00955033 0.275444 0)
(0.0121674 0.274211 0)
(0.00166789 0.267973 0)
(-0.00374816 0.264305 0)
(-0.00922096 0.256526 0)
(-0.0119548 0.254012 0)
(-0.00479422 0.26655 0)
(-0.00152101 0.26241 0)
(-0.000767089 0.262628 0)
(0.012965 0.265495 0)
(0.000627537 0.267185 0)
(-0.0096613 0.264816 0)
(-0.0109047 0.265408 0)
(-0.00526064 0.265323 0)
(-0.00260076 0.265805 0)
(-0.00114597 0.266423 0)
(-0.000451135 0.26686 0)
(0.000390198 0.267404 0)
(-0.00897003 0.266508 0)
(-0.0177623 0.266481 0)
(-0.0191129 0.27153 0)
(-0.0165059 0.272942 0)
(-0.0128601 0.27254 0)
(-0.00866088 0.274833 0)
(-0.00297014 0.278307 0)
(0.00315214 0.27691 0)
(0.00560591 0.27172 0)
(0.00468366 0.264584 0)
(-0.000435703 0.262649 0)
(-0.00288393 0.263571 0)
(-0.00670932 0.262371 0)
(-0.00872346 0.260572 0)
(-0.00370624 0.264684 0)
(-0.00417667 0.266823 0)
(0.0239914 0.240185 0)
(0.00158295 0.240572 0)
(-0.0120622 0.257211 0)
(-0.0101027 0.262314 0)
(-0.00589094 0.26334 0)
(-0.00273452 0.264115 0)
(-0.0018739 0.264118 0)
(-0.000945764 0.264348 0)
(-0.00031858 0.264868 0)
(-0.000631346 0.260567 0)
(-0.0101316 0.262403 0)
(-0.0276678 0.264005 0)
(-0.0279846 0.266362 0)
(-0.0196785 0.266745 0)
(-0.0134451 0.265509 0)
(-0.00816929 0.264773 0)
(1.58806e-05 0.26384 0)
(-0.000347389 0.26206 0)
(-0.000666563 0.270052 0)
(-1.72348e-05 0.269324 0)
(0.000102383 0.272204 0)
(-0.00275471 0.27466 0)
(-0.00342374 0.270467 0)
(-0.00106667 0.261607 0)
(-0.00839719 0.26378 0)
(0.0184635 0.249732 0)
(0.00269641 0.244409 0)
(-0.00749084 0.256222 0)
(-0.00257172 0.256268 0)
(-0.00141459 0.258586 0)
(-0.00105166 0.258974 0)
(-0.0018027 0.258459 0)
(-0.000999316 0.260322 0)
(0.00267992 0.261277 0)
(0.00636518 0.257979 0)
(-0.0116136 0.247731 0)
(-0.0435022 0.247578 0)
(-0.0460073 0.258129 0)
(-0.0426868 0.267193 0)
(-0.032409 0.268243 0)
(-0.0245584 0.271255 0)
(-0.0135569 0.275573 0)
(-0.0037975 0.27203 0)
(-0.0055041 0.274115 0)
(0.00714054 0.291014 0)
(0.0114213 0.27295 0)
(-0.00231769 0.261476 0)
(-0.0026336 0.260343 0)
(-0.00136204 0.264765 0)
(-0.00745075 0.272327 0)
(0.00109613 0.225367 0)
(0.00747279 0.239251 0)
(-0.00980657 0.246213 0)
(0.000539287 0.247696 0)
(-0.00175049 0.250489 0)
(0.000945991 0.251264 0)
(0.0107714 0.249638 0)
(0.0042573 0.253983 0)
(0.000864646 0.254898 0)
(-0.00242937 0.2565 0)
(-0.0135312 0.252822 0)
(-0.0310358 0.234136 0)
(-0.0521525 0.226349 0)
(-0.0227538 0.234114 0)
(-0.00230738 0.236207 0)
(0.00434943 0.233368 0)
(0.013197 0.235095 0)
(0.0181889 0.254412 0)
(0.000805019 0.273818 0)
(0.00334773 0.271098 0)
(0.0230043 0.272605 0)
(0.00623628 0.259755 0)
(-0.00294236 0.255455 0)
(-0.00228916 0.25687 0)
(-0.00602891 0.240598 0)
(-0.00660284 0.420157 0)
(-0.00463039 0.412981 0)
(0.00243618 0.35833 0)
(0.00442888 0.32336 0)
(0.00805354 0.287191 0)
(0.00561522 0.309008 0)
(0.000173846 0.437414 0)
(-0.00134247 0.455567 0)
(-0.000152736 0.454354 0)
(0.00530646 0.428475 0)
(0.00614682 0.371384 0)
(-0.0004417 0.359374 0)
(-0.0107309 0.351866 0)
(-0.00512334 0.37931 0)
(-0.00316277 0.440814 0)
(0.00142844 0.478574 0)
(0.00908038 0.495247 0)
(0.0190905 0.402969 0)
(0.0227953 0.425308 0)
(0.01274 0.459185 0)
(0.00363059 0.508301 0)
(0.00117359 0.47564 0)
(-0.00243085 0.436402 0)
(-0.00236712 0.402657 0)
(0.00227347 0.443548 0)
(-0.00391939 0.517707 0)
(0.00470056 0.463118 0)
(0.00885945 0.45496 0)
(0.0116235 0.451689 0)
(0.010602 0.446403 0)
(0.0119299 0.449244 0)
(0.00871044 0.463786 0)
(0.00599985 0.453396 0)
(0.00432121 0.44326 0)
(-2.38269e-05 0.321788 0)
(-0.00788028 0.286788 0)
(-0.0080812 0.273573 0)
(0.00709657 0.272008 0)
(0.0126367 0.295533 0)
(0.00173663 0.350896 0)
(-0.00502147 0.476665 0)
(0.00204697 0.470505 0)
(0.00307394 0.327804 0)
(-0.0050719 0.360278 0)
(-0.00735259 0.466414 0)
(-0.00461669 0.463547 0)
(-0.00441229 0.459379 0)
(-0.00547528 0.453849 0)
(-0.00609498 0.44472 0)
(-0.00211163 0.348116 0)
(-0.0158277 0.306399 0)
(-0.0107093 0.238718 0)
(0.0052302 0.22523 0)
(0.00490952 0.223521 0)
(0.00391644 0.212054 0)
(0.00379034 0.226791 0)
(0.0025742 0.280765 0)
(-0.000546539 0.265245 0)
(-0.00196285 0.249279 0)
(-0.00514579 0.261264 0)
(-0.0081576 0.263749 0)
(-0.00556017 0.244575 0)
(0.00357906 0.245838 0)
(0.0119495 0.267117 0)
(0.0105768 0.282001 0)
(0.00609242 0.293439 0)
(0.00310212 0.288833 0)
(0.000922715 0.270213 0)
(-0.00174436 0.282444 0)
(-0.00234815 0.286615 0)
(-0.0015091 0.29877 0)
(-0.000945304 0.282284 0)
(-0.000143662 0.260243 0)
(-0.000807236 0.234989 0)
(-0.00070013 0.255254 0)
(-0.00454805 0.21138 0)
(0.0122262 0.244428 0)
(0.0105536 0.263113 0)
(-0.00129733 0.26773 0)
(-0.00564441 0.259068 0)
(-0.00358698 0.253305 0)
(0.000935897 0.254297 0)
(-0.00344577 0.253218 0)
(-0.0117374 0.250324 0)
(-0.00570699 0.254441 0)
(0.000906446 0.267298 0)
(0.00417738 0.25873 0)
(0.0072151 0.269128 0)
(0.00142169 0.269155 0)
(-0.00960421 0.256674 0)
(-0.0154743 0.253233 0)
(-0.0157833 0.250736 0)
(-0.012537 0.247952 0)
(-0.00990482 0.245022 0)
(-0.00573937 0.246834 0)
(-0.00510894 0.248083 0)
(0.000353553 0.257333 0)
(0.00227778 0.258958 0)
(0.00147102 0.250741 0)
(-0.000887149 0.213632 0)
(-0.000647515 0.0121062 0)
(-0.000272856 0.0346322 0)
(-0.0019687 0.111572 0)
(-0.000856372 0.0883494 0)
(-0.00187745 0.0665727 0)
(-0.000480935 0.0700518 0)
(-3.18505e-05 0.0623873 0)
(0.000404089 0.0423858 0)
(0.000876218 0.0426598 0)
(0.00133556 0.0461663 0)
(0.00362898 0.0850878 0)
(0.00902008 0.12783 0)
(0.0105148 0.128536 0)
(0.00369696 0.134137 0)
(-0.00142726 0.101393 0)
(-0.00321639 0.0837948 0)
(-0.00268671 0.0769755 0)
(-0.00273319 0.0784236 0)
(-0.00267145 0.110262 0)
(-0.00271191 0.179253 0)
(-0.00771015 0.191888 0)
(-0.0099836 0.1977 0)
(-0.0106112 0.158649 0)
(-0.00190509 0.111037 0)
(0.000982645 0.022705 0)
(-2.20315e-05 0.00119447 0)
(-6.51359e-05 0.00532069 0)
(-7.71573e-05 0.00919318 0)
(-6.53771e-05 0.00851856 0)
(-4.63496e-05 0.00761375 0)
(-3.50202e-05 0.00778143 0)
(-1.82696e-05 0.00736471 0)
(-2.72393e-05 0.00599376 0)
(3.63537e-06 0.00642118 0)
(1.17753e-05 0.00667091 0)
(-2.03292e-05 0.00872831 0)
(-7.58564e-05 0.0102203 0)
(-0.000197156 0.0104206 0)
(-0.000238317 0.0102408 0)
(-0.000159662 0.00870373 0)
(-0.000100882 0.00825714 0)
(-5.72716e-05 0.0076214 0)
(-3.59724e-05 0.00773487 0)
(1.36456e-05 0.00895726 0)
(5.47374e-05 0.00991247 0)
(8.44511e-06 0.0107983 0)
(-4.96704e-06 0.0119538 0)
(-2.05562e-05 0.0121471 0)
(-8.43037e-05 0.01145 0)
(-4.6832e-05 0.00622826 0)
(-8.41636e-06 6.14022e-07 0)
(-1.52752e-05 -6.16872e-05 0)
(-3.22364e-05 -3.54414e-05 0)
(-3.95675e-05 -1.8132e-05 0)
(-3.47026e-05 -6.96924e-06 0)
(-2.53273e-05 1.63012e-05 0)
(-1.1007e-05 3.24747e-05 0)
(-5.60744e-06 2.08629e-05 0)
(-8.27161e-06 -2.80234e-05 0)
(-9.05472e-06 -4.55652e-05 0)
(-2.08787e-05 -4.15299e-05 0)
(-4.10742e-05 -6.08346e-06 0)
(-5.97607e-05 2.76267e-05 0)
(-4.67936e-05 2.05184e-05 0)
(-3.20588e-05 4.79494e-05 0)
(-2.51521e-05 8.75111e-05 0)
(-1.53007e-05 0.000121251 0)
(8.01393e-06 0.000146498 0)
(3.26537e-05 0.000142755 0)
(3.16484e-05 0.000169403 0)
(2.0375e-05 0.000327243 0)
(-8.24418e-06 0.000594573 0)
(-2.04587e-05 0.000819996 0)
(-6.08888e-05 0.0013211 0)
(-0.000122735 0.00290062 0)
(1.04491e-05 4.80321e-05 0)
(1.2213e-05 -3.6366e-05 0)
(-5.81066e-06 -2.89874e-05 0)
(-1.22384e-05 -2.20003e-05 0)
(-1.28324e-05 -1.49748e-05 0)
(-1.42808e-05 -2.44543e-05 0)
(-8.97576e-06 -1.82319e-05 0)
(-5.29102e-06 -1.80307e-05 0)
(-2.86242e-06 -2.29862e-05 0)
(-7.42031e-06 -2.51909e-05 0)
(-1.11597e-05 -2.13551e-05 0)
(-1.47356e-05 -4.94817e-06 0)
(-2.11691e-05 1.72513e-05 0)
(-2.62378e-05 2.50467e-05 0)
(-2.6577e-05 2.89824e-05 0)
(-2.66874e-05 4.20272e-05 0)
(-2.04404e-05 5.41393e-05 0)
(-1.02852e-05 5.81478e-05 0)
(5.69489e-06 6.28377e-05 0)
(5.46825e-06 4.66475e-05 0)
(-1.93746e-05 2.29507e-06 0)
(-0.000103937 -4.28257e-05 0)
(-8.01622e-05 0.000134139 0)
(-8.10242e-05 0.00047083 0)
(-5.62554e-05 0.002753 0)
(9.12734e-06 -4.51132e-05 0)
(1.66954e-05 -2.43347e-05 0)
(2.4669e-06 -2.7234e-06 0)
(-6.60256e-07 -2.07798e-05 0)
(-1.69921e-06 -2.39375e-05 0)
(-1.8466e-06 -2.7879e-05 0)
(-1.50661e-06 -2.38518e-05 0)
(1.02502e-06 -1.48755e-05 0)
(1.38058e-06 -9.49578e-06 0)
(-2.78605e-06 -6.99474e-06 0)
(-9.06545e-06 -6.72224e-06 0)
(-1.1918e-05 -2.04713e-06 0)
(-1.30609e-05 8.59883e-06 0)
(-1.25421e-05 1.47243e-05 0)
(-1.02264e-05 1.60953e-05 0)
(-1.05096e-05 2.30984e-05 0)
(-8.13205e-06 2.70391e-05 0)
(-5.78085e-06 3.47579e-05 0)
(-5.60489e-06 5.6504e-05 0)
(-1.27759e-05 0.000101114 0)
(-4.40722e-05 0.000144398 0)
(-0.000113682 3.78854e-05 0)
(-0.000113717 -8.08802e-05 0)
(-8.03373e-05 3.89502e-05 0)
(-2.46563e-05 0.00248248 0)
)
;

boundaryField
{
    inlet
    {
        type            calculated;
        value           uniform (0 0.1 0);
    }
    outlet
    {
        type            calculated;
        value           nonuniform List<vector> 
25
(
(9.12734e-06 -4.51132e-05 0)
(1.66954e-05 -2.43347e-05 0)
(0 1.67497e-07 0)
(0 -1.61836e-05 0)
(0 -1.89796e-05 0)
(0 -2.31461e-05 0)
(0 -1.97886e-05 0)
(1.02502e-06 -1.48755e-05 0)
(1.38058e-06 -9.49578e-06 0)
(-2.78605e-06 -6.99474e-06 0)
(-9.06545e-06 -6.72224e-06 0)
(-1.1918e-05 -2.04713e-06 0)
(-1.30609e-05 8.59883e-06 0)
(-1.25421e-05 1.47243e-05 0)
(0 1.67013e-05 0)
(0 2.48703e-05 0)
(0 3.29561e-05 0)
(0 4.62764e-05 0)
(0 7.18076e-05 0)
(0 0.000119718 0)
(-4.40722e-05 0.000144398 0)
(-0.000113682 3.78854e-05 0)
(-0.000113717 -8.08802e-05 0)
(-8.03373e-05 3.89502e-05 0)
(-2.46563e-05 0.00248248 0)
)
;
    }
    walls
    {
        type            calculated;
        value           uniform (0 0 0);
    }
    defaultFaces
    {
        type            empty;
    }
}


// ************************************************************************* //
