/*--------------------------------*- C++ -*----------------------------------*\
| =========                 |                                                 |
| \\      /  F ield         | OpenFOAM: The Open Source CFD Toolbox           |
|  \\    /   O peration     | Version:  2.3.0                                 |
|   \\  /    A nd           | Web:      www.OpenFOAM.org                      |
|    \\/     M anipulation  |                                                 |
\*---------------------------------------------------------------------------*/
FoamFile
{
    version     2.0;
    format      ascii;
    class       volScalarField;
    location    "0.45";
    object      nut;
}
// * * * * * * * * * * * * * * * * * * * * * * * * * * * * * * * * * * * * * //

dimensions      [0 2 -1 0 0 0 0];

internalField   nonuniform List<scalar> 
545
(
5.03863
4.79811
4.41427
4.08316
3.85659
5.1362
4.80918
4.40253
4.06294
3.81872
5.30395
4.81818
4.37435
4.021
3.751
5.5576
4.81087
4.32913
3.96095
3.64745
5.93362
4.76952
4.27709
3.8966
3.50156
3.7408
3.67759
3.65751
3.65121
3.64926
3.64866
3.64848
3.64843
3.64842
3.64842
3.64843
3.64843
3.64844
3.64845
3.64846
3.64846
3.64847
3.64848
3.64848
3.64849
3.6485
3.6485
3.64851
3.64851
3.64852
3.64852
3.64853
3.64853
3.64853
3.64854
3.64854
3.64854
3.64855
3.64855
3.64855
3.64856
3.64856
3.64856
3.64856
3.64856
3.64856
3.64856
3.64856
3.64857
3.64857
3.71183
3.66872
3.65471
3.65033
3.64898
3.64857
3.64845
3.64842
3.64841
3.64842
3.64843
3.64843
3.64844
3.64845
3.64846
3.64846
3.64847
3.64848
3.64848
3.64849
3.6485
3.6485
3.64851
3.64851
3.64852
3.64852
3.64853
3.64853
3.64854
3.64854
3.64854
3.64855
3.64855
3.64855
3.64855
3.64856
3.64856
3.64856
3.64856
3.64856
3.64856
3.64856
3.64857
3.64857
3.64857
3.66966
3.65386
3.64994
3.64884
3.64852
3.64843
3.64841
3.64841
3.64841
3.64842
3.64843
3.64844
3.64844
3.64845
3.64846
3.64847
3.64847
3.64848
3.64849
3.64849
3.6485
3.6485
3.64851
3.64851
3.64852
3.64852
3.64853
3.64853
3.64854
3.64854
3.64854
3.64855
3.64855
3.64855
3.64855
3.64856
3.64856
3.64856
3.64856
3.64856
3.64856
3.64857
3.64857
3.64857
3.64857
3.61481
3.63652
3.6446
3.64719
3.64801
3.64827
3.64836
3.64839
3.64841
3.64842
3.64843
3.64844
3.64844
3.64845
3.64846
3.64847
3.64847
3.64848
3.64849
3.64849
3.6485
3.6485
3.64851
3.64851
3.64852
3.64852
3.64853
3.64853
3.64854
3.64854
3.64854
3.64855
3.64855
3.64855
3.64856
3.64856
3.64856
3.64856
3.64856
3.64856
3.64857
3.64857
3.64857
3.64857
3.64857
3.55087
3.62185
3.64036
3.6459
3.64761
3.64815
3.64832
3.64838
3.6484
3.64842
3.64843
3.64844
3.64844
3.64845
3.64846
3.64847
3.64847
3.64848
3.64849
3.64849
3.6485
3.6485
3.64851
3.64851
3.64852
3.64852
3.64853
3.64853
3.64854
3.64854
3.64854
3.64855
3.64855
3.64855
3.64856
3.64856
3.64856
3.64856
3.64856
3.64856
3.64857
3.64857
3.64857
3.64857
3.64857
3.55799
3.61739
3.63864
3.64535
3.64744
3.64809
3.6483
3.64837
3.6484
3.64842
3.64843
3.64844
3.64844
3.64845
3.64846
3.64847
3.64847
3.64848
3.64849
3.64849
3.6485
3.6485
3.64851
3.64851
3.64852
3.64852
3.64853
3.64853
3.64854
3.64854
3.64854
3.64855
3.64855
3.64855
3.64856
3.64856
3.64856
3.64856
3.64856
3.64856
3.64857
3.64857
3.64857
3.64857
3.64857
5.93362
4.76952
4.27709
3.8966
3.50156
5.5576
4.81087
4.32913
3.96095
3.64745
5.30395
4.81818
4.37435
4.021
3.751
5.1362
4.80918
4.40253
4.06294
3.81872
5.03863
4.79811
4.41427
4.08316
3.85659
3.55087
3.62185
3.64036
3.6459
3.64761
3.64815
3.64832
3.64838
3.6484
3.64842
3.64843
3.64844
3.64844
3.64845
3.64846
3.64847
3.64847
3.64848
3.64849
3.64849
3.6485
3.6485
3.64851
3.64851
3.64852
3.64852
3.64853
3.64853
3.64854
3.64854
3.64854
3.64855
3.64855
3.64855
3.64856
3.64856
3.64856
3.64856
3.64856
3.64856
3.64857
3.64857
3.64857
3.64857
3.64857
3.61481
3.63652
3.6446
3.64719
3.64801
3.64827
3.64836
3.64839
3.64841
3.64842
3.64843
3.64844
3.64844
3.64845
3.64846
3.64847
3.64847
3.64848
3.64849
3.64849
3.6485
3.6485
3.64851
3.64851
3.64852
3.64852
3.64853
3.64853
3.64854
3.64854
3.64854
3.64855
3.64855
3.64855
3.64856
3.64856
3.64856
3.64856
3.64856
3.64856
3.64857
3.64857
3.64857
3.64857
3.64857
3.66966
3.65386
3.64994
3.64884
3.64852
3.64843
3.64841
3.64841
3.64841
3.64842
3.64843
3.64844
3.64844
3.64845
3.64846
3.64847
3.64847
3.64848
3.64849
3.64849
3.6485
3.6485
3.64851
3.64851
3.64852
3.64852
3.64853
3.64853
3.64854
3.64854
3.64854
3.64855
3.64855
3.64855
3.64855
3.64856
3.64856
3.64856
3.64856
3.64856
3.64856
3.64857
3.64857
3.64857
3.64857
3.71183
3.66872
3.65471
3.65033
3.64898
3.64857
3.64845
3.64842
3.64841
3.64842
3.64843
3.64843
3.64844
3.64845
3.64846
3.64846
3.64847
3.64848
3.64848
3.64849
3.6485
3.6485
3.64851
3.64851
3.64852
3.64852
3.64853
3.64853
3.64854
3.64854
3.64854
3.64855
3.64855
3.64855
3.64855
3.64856
3.64856
3.64856
3.64856
3.64856
3.64856
3.64856
3.64857
3.64857
3.64857
3.7408
3.67759
3.65751
3.65121
3.64926
3.64866
3.64848
3.64843
3.64842
3.64842
3.64843
3.64843
3.64844
3.64845
3.64846
3.64846
3.64847
3.64848
3.64848
3.64849
3.6485
3.6485
3.64851
3.64851
3.64852
3.64852
3.64853
3.64853
3.64853
3.64854
3.64854
3.64854
3.64855
3.64855
3.64855
3.64856
3.64856
3.64856
3.64856
3.64856
3.64856
3.64856
3.64856
3.64857
3.64857
)
;

boundaryField
{
    AirInlet
    {
        type            fixedValue;
        value           uniform 0;
    }
    WaterInlet
    {
        type            fixedValue;
        value           uniform 0;
    }
    ChannelWall
    {
        type            fixedValue;
        value           uniform 0;
    }
    Outlet
    {
        type            calculated;
        value           nonuniform List<scalar> 
11
(
3.64857
3.64857
3.64857
3.64857
3.64857
3.64857
3.64857
3.64857
3.64857
3.64857
3.64857
)
;
    }
    FrontAndBack
    {
        type            empty;
    }
}


// ************************************************************************* //
