/*--------------------------------*- C++ -*----------------------------------*\
| =========                 |                                                 |
| \\      /  F ield         | OpenFOAM: The Open Source CFD Toolbox           |
|  \\    /   O peration     | Version:  2.3.0                                 |
|   \\  /    A nd           | Web:      www.OpenFOAM.org                      |
|    \\/     M anipulation  |                                                 |
\*---------------------------------------------------------------------------*/
FoamFile
{
    version     2.0;
    format      ascii;
    class       surfaceScalarField;
    location    "0.55";
    object      phi;
}
// * * * * * * * * * * * * * * * * * * * * * * * * * * * * * * * * * * * * * //

dimensions      [0 3 -1 0 0 0 0];

internalField   nonuniform List<scalar> 
4432
(
-3.45503e-06
3.45503e-06
-5.54001e-06
2.08498e-06
-4.83494e-06
-7.05072e-07
-2.26512e-06
-2.56982e-06
1.76114e-06
-4.02626e-06
6.59397e-06
-4.83283e-06
1.12453e-05
-4.65136e-06
1.49183e-05
-3.67302e-06
1.73321e-05
-2.41376e-06
1.86003e-05
-1.2682e-06
1.89436e-05
-3.43258e-07
1.85192e-05
4.24376e-07
1.74128e-05
1.10635e-06
1.5669e-05
1.7438e-06
1.31524e-05
2.51666e-06
9.52617e-06
3.62623e-06
4.49399e-06
5.03218e-06
-1.51811e-06
6.0121e-06
-6.07971e-06
4.5616e-06
-1.08452e-05
4.7655e-06
-1.78321e-05
6.98694e-06
-1.56782e-05
-2.15397e-06
-1.56782e-05
-3.85647e-06
7.3115e-06
-5.22038e-06
3.4489e-06
-4.23154e-06
-1.69391e-06
-1.75086e-06
-5.0505e-06
2.08881e-06
-7.86593e-06
6.84245e-06
-9.58646e-06
1.14688e-05
-9.27767e-06
1.51008e-05
-7.30505e-06
1.74582e-05
-4.77113e-06
1.87012e-05
-2.51121e-06
1.91458e-05
-7.87919e-07
1.90902e-05
4.80003e-07
1.87555e-05
1.44102e-06
1.82249e-05
2.27447e-06
1.75145e-05
3.22702e-06
1.64106e-05
4.73014e-06
1.42508e-05
7.19204e-06
9.82517e-06
1.04377e-05
2.56802e-06
1.18188e-05
-6.47989e-06
1.38134e-05
-1.24354e-05
1.29424e-05
-9.83455e-06
-4.75478e-06
-2.55127e-05
-3.05008e-06
1.03616e-05
-3.97368e-06
4.3725e-06
-3.13309e-06
-2.5345e-06
-1.11201e-06
-7.07158e-06
2.25285e-06
-1.12308e-05
6.80549e-06
-1.41391e-05
1.1387e-05
-1.38592e-05
1.49513e-05
-1.08693e-05
1.71833e-05
-7.00314e-06
1.83026e-05
-3.63051e-06
1.86438e-05
-1.12908e-06
1.84708e-05
6.53036e-07
1.79574e-05
1.95441e-06
1.72617e-05
2.9701e-06
1.655e-05
3.93882e-06
1.60581e-05
5.222e-06
1.59467e-05
7.30345e-06
1.53307e-05
1.10537e-05
1.19868e-05
1.51626e-05
5.8684e-06
1.99318e-05
-1.63478e-06
2.04456e-05
-2.13041e-06
-4.25913e-06
-2.76432e-05
-1.86919e-06
1.22308e-05
-2.17888e-06
4.6822e-06
-1.49442e-06
-3.21897e-06
2.10439e-08
-8.58704e-06
2.83412e-06
-1.40439e-05
6.991e-06
-1.8296e-05
1.12958e-05
-1.8164e-05
1.46295e-05
-1.42031e-05
1.66744e-05
-9.04805e-06
1.76721e-05
-4.62822e-06
1.79737e-05
-1.43066e-06
1.78306e-05
7.96162e-07
1.74025e-05
2.38249e-06
1.67984e-05
3.57421e-06
1.61188e-05
4.61838e-06
1.55236e-05
5.81721e-06
1.5396e-05
7.43106e-06
1.61516e-05
1.02981e-05
1.67849e-05
1.45293e-05
1.60198e-05
2.06969e-05
1.34182e-05
2.30471e-05
7.54936e-06
1.60974e-06
-2.00938e-05
-3.07113e-07
1.25379e-05
4.80075e-07
3.89502e-06
1.41446e-06
-4.15336e-06
2.91254e-06
-1.00851e-05
5.50387e-06
-1.66352e-05
8.84686e-06
-2.1639e-05
1.21204e-05
-2.14376e-05
1.45772e-05
-1.66598e-05
1.60729e-05
-1.05438e-05
1.68441e-05
-5.39935e-06
1.71355e-05
-1.72206e-06
1.70878e-05
8.4387e-07
1.6817e-05
2.65333e-06
1.64168e-05
3.97433e-06
1.59711e-05
5.06414e-06
1.55649e-05
6.22339e-06
1.53778e-05
7.61818e-06
1.5972e-05
9.70389e-06
1.77618e-05
1.27395e-05
2.03915e-05
1.80672e-05
2.10245e-05
2.24142e-05
1.3982e-05
8.65224e-06
-6.11182e-06
1.91926e-06
1.06186e-05
4.41547e-06
1.39881e-06
6.63416e-06
-6.37204e-06
9.09852e-06
-1.25495e-05
1.16001e-05
-1.91368e-05
1.34511e-05
-2.34899e-05
1.46973e-05
-2.26838e-05
1.54564e-05
-1.74189e-05
1.58457e-05
-1.09332e-05
1.60689e-05
-5.62256e-06
1.62402e-05
-1.89339e-06
1.63014e-05
7.82752e-07
1.62277e-05
2.72701e-06
1.60559e-05
4.14611e-06
1.58548e-05
5.26523e-06
1.56953e-05
6.38294e-06
1.57344e-05
7.579e-06
1.62319e-05
9.20644e-06
1.76243e-05
1.13471e-05
2.07328e-05
1.49587e-05
2.29929e-05
2.01541e-05
1.67079e-05
1.49373e-05
1.05961e-05
4.40889e-06
6.20974e-06
9.54789e-06
-3.7402e-06
1.44111e-05
-1.12353e-05
1.84042e-05
-1.65425e-05
2.02766e-05
-2.10092e-05
1.98009e-05
-2.30143e-05
1.84771e-05
-2.136e-05
1.73257e-05
-1.62675e-05
1.64815e-05
-1.0089e-05
1.5953e-05
-5.09408e-06
1.56725e-05
-1.61285e-06
1.56814e-05
7.73848e-07
1.57026e-05
2.70577e-06
1.57362e-05
4.11256e-06
1.5783e-05
5.21842e-06
1.58441e-05
6.32178e-06
1.61147e-05
7.30845e-06
1.67821e-05
8.53904e-06
1.78299e-05
1.02993e-05
2.01291e-05
1.26595e-05
2.26111e-05
1.7672e-05
1.88805e-05
1.8668e-05
2.94765e-05
6.79798e-06
-5.88238e-07
1.56211e-05
-1.25633e-05
2.36019e-05
-1.92161e-05
2.78581e-05
-2.07987e-05
2.75059e-05
-2.0657e-05
2.43109e-05
-1.98192e-05
2.10957e-05
-1.81448e-05
1.89474e-05
-1.41192e-05
1.76331e-05
-8.77468e-06
1.68456e-05
-4.30654e-06
1.63825e-05
-1.14974e-06
1.593e-05
1.22629e-06
1.56422e-05
2.9936e-06
1.55429e-05
4.21188e-06
1.5635e-05
5.12632e-06
1.58315e-05
6.12523e-06
1.63553e-05
6.78472e-06
1.73257e-05
7.56858e-06
1.85236e-05
9.10144e-06
2.02512e-05
1.09319e-05
2.2214e-05
1.57092e-05
1.94405e-05
2.14415e-05
4.8917e-05
3.00471e-05
-3.00471e-05
7.77832e-05
-4.7736e-05
0.000148474
-7.06911e-05
0.000167404
-1.89301e-05
0.000148864
1.85403e-05
4.37221e-05
0.000105142
-0.000132383
0.000176105
-0.000209747
7.73649e-05
-0.000228043
1.82952e-05
-0.000214304
-1.37382e-05
-0.000199468
-1.48366e-05
-0.000187224
-1.22441e-05
-0.000177781
-9.44219e-06
-0.000168487
-9.29443e-06
-0.000154647
-1.38403e-05
-0.000135094
-1.95529e-05
-9.94666e-05
-3.56273e-05
-2.84379e-05
-7.10287e-05
-2.84379e-05
5.18156e-07
-3.05653e-05
1.97242e-05
-6.69421e-05
8.95732e-05
-0.00014054
0.00012305
-5.24074e-05
7.01741e-05
7.14168e-05
-0.000124321
0.000299637
-0.000281191
0.000332976
-0.000342076
0.000138249
-0.000350582
2.68008e-05
-0.000328199
-3.61212e-05
-0.000301018
-4.2018e-05
-0.000270558
-4.2703e-05
-0.00024572
-3.42804e-05
-0.000221583
-3.34318e-05
-0.000191942
-4.34812e-05
-0.000157522
-5.39732e-05
-0.000111947
-8.12021e-05
-3.7666e-05
-0.000145309
-6.6104e-05
-1.74592e-05
-1.31062e-05
-2.41133e-06
-8.19899e-05
2.36854e-05
-0.000166637
5.5978e-05
-8.47e-05
3.58083e-06
0.000123814
-0.000197395
0.000500612
-0.000285383
0.000420964
-0.000285328
0.000138194
-0.0003157
5.71726e-05
-0.000380197
2.83758e-05
-0.000428561
6.34699e-06
-0.000442321
-2.89429e-05
-0.000411534
-6.50681e-05
-0.000351869
-9.3097e-05
-0.000286523
-0.000108827
-0.000224384
-0.000116112
-0.000142362
-0.000163225
-4.83809e-05
-0.00023929
-0.000114485
-1.14771e-05
-1.62902e-06
3.84267e-06
-9.73097e-05
7.83182e-06
-0.000170626
4.63688e-05
-0.000123237
3.60535e-05
0.000134129
-0.000107793
0.000644459
-0.000181259
0.00049443
-0.000198695
0.00015563
-0.000259398
0.000117875
-0.000339457
0.000108434
-0.000394538
6.14281e-05
-0.00041968
-3.80072e-06
-0.000406123
-7.86252e-05
-0.000355532
-0.000143689
-0.000291603
-0.000172755
-0.000233043
-0.000174672
-0.000158987
-0.000237281
-5.16976e-05
-0.000346579
-0.000166182
3.43797e-07
-1.97282e-06
1.48426e-05
-0.000111809
1.00843e-05
-0.000165868
5.14895e-05
-0.000164642
7.54478e-05
0.000110171
-2.45004e-05
0.000744407
-9.26436e-05
0.000562573
-0.000160999
0.000223985
-0.000251815
0.000208691
-0.00033094
0.00018756
-0.000383016
0.000113505
-0.000401914
1.50976e-05
-0.000375932
-0.000104608
-0.000307785
-0.000211836
-0.0002275
-0.000253039
-0.000176851
-0.000225322
-0.000122028
-0.000292104
-4.77925e-05
-0.000420815
-0.000213975
1.26743e-05
-1.46471e-05
2.6124e-05
-0.000125258
2.35312e-05
-0.000163275
3.92363e-05
-0.000180347
4.55171e-05
0.00010389
-1.31154e-05
0.00080304
-3.55252e-05
0.000584983
-0.000161795
0.000350255
-0.000270863
0.000317759
-0.000356486
0.000273183
-0.000414164
0.000171182
-0.000431237
3.21711e-05
-0.00039625
-0.000139595
-0.000307409
-0.000300677
-0.000196421
-0.000364027
-0.000120343
-0.0003014
-8.02186e-05
-0.000332228
-4.11535e-05
-0.00045988
-0.000255128
2.72052e-05
-4.18523e-05
3.70955e-05
-0.000135149
3.41801e-05
-0.000160359
3.7464e-05
-0.000183631
4.84987e-05
9.28554e-05
1.66663e-06
0.000849872
-4.66831e-05
0.000633333
-0.000174548
0.000478119
-0.000286103
0.000429315
-0.000373339
0.000360419
-0.000429684
0.000227526
-0.000445648
4.81363e-05
-0.000412379
-0.000172864
-0.000323788
-0.000389268
-0.000196629
-0.000491187
-8.09677e-05
-0.00041706
-4.45903e-05
-0.000368606
-3.27903e-05
-0.00047168
-0.000287919
4.2357e-05
-8.42092e-05
4.54859e-05
-0.000138278
3.86929e-05
-0.000153566
3.70297e-05
-0.000181968
5.75466e-05
7.23385e-05
1.36031e-05
0.000893816
-5.72982e-05
0.000704234
-0.000179699
0.00060052
-0.000282313
0.000531929
-0.000358504
0.00043661
-0.000401676
0.000270699
-0.000409256
5.57163e-05
-0.000382513
-0.000199608
-0.000314663
-0.000457117
-0.000200365
-0.000605485
-5.97697e-05
-0.000557656
-5.11372e-06
-0.000423261
-2.22467e-05
-0.000454548
-0.000310165
2.17687e-05
-2.2357e-05
4.91855e-05
-3.99801e-05
6.36942e-05
-3.37247e-05
6.09408e-05
-1.80454e-05
5.13708e-05
-1.1087e-05
4.20837e-05
-1.05321e-05
3.56526e-05
-1.17138e-05
3.28563e-05
-1.13229e-05
3.30755e-05
-8.99383e-06
3.45322e-05
-5.76325e-06
3.59959e-05
-2.61348e-06
3.71184e-05
1.03794e-07
3.71884e-05
2.92361e-06
3.67065e-05
4.69379e-06
3.60008e-05
5.83201e-06
3.51417e-05
6.9844e-06
3.55311e-05
6.3953e-06
3.75977e-05
5.50193e-06
4.0909e-05
5.79015e-06
4.59926e-05
5.84837e-06
5.53845e-05
6.31725e-06
7.09021e-05
5.92385e-06
1.45865e-05
0.000105233
3.02181e-05
-5.25751e-05
4.80487e-05
-5.78106e-05
2.33429e-05
-9.019e-06
-4.04404e-06
9.34159e-06
-8.63217e-06
-6.49884e-06
-9.34047e-06
-9.8238e-06
-1.20949e-05
-8.95939e-06
-1.13264e-05
-1.20913e-05
-4.57683e-06
-1.57434e-05
4.33342e-06
-1.46735e-05
1.53012e-05
-1.35813e-05
2.80627e-05
-1.26577e-05
3.65418e-05
-5.55547e-06
3.98953e-05
1.34029e-06
3.99044e-05
5.82286e-06
3.76771e-05
9.21168e-06
3.76162e-05
6.4562e-06
3.95752e-05
3.54302e-06
4.22303e-05
3.135e-06
4.6637e-05
1.44169e-06
5.42899e-05
-1.33568e-06
6.38158e-05
-3.60204e-06
-5.39124e-06
8.37935e-05
1.61541e-06
-5.41905e-05
-2.63897e-05
-2.98056e-05
-5.61555e-05
2.07468e-05
-6.93153e-05
2.25014e-05
-7.74164e-05
1.60238e-06
-9.94033e-05
1.21632e-05
-0.00012444
1.60778e-05
-0.000143407
6.87581e-06
-0.00015466
-4.49047e-06
-0.000150991
-1.83429e-05
-0.000124328
-4.02442e-05
-7.49624e-05
-6.20233e-05
-2.4909e-05
-5.56089e-05
1.11428e-07
-2.36801e-05
1.29105e-05
-6.97624e-06
2.48414e-05
-2.71917e-06
3.7643e-05
-6.34545e-06
4.43532e-05
-3.16718e-06
4.60737e-05
1.41458e-06
4.86036e-05
-1.08826e-06
5.39187e-05
-6.65081e-06
6.10284e-05
-1.07117e-05
-1.56646e-05
7.13017e-05
-2.64495e-05
-2.7741e-05
-4.49828e-05
-1.12723e-05
-4.35393e-05
1.93033e-05
-3.04665e-05
9.42877e-06
-3.14312e-05
2.56717e-06
-3.71083e-05
1.78404e-05
-4.21107e-05
2.10803e-05
-4.90085e-05
1.37736e-05
-6.18005e-05
8.30146e-06
-8.20751e-05
1.93156e-06
-0.000112427
-9.89194e-06
-0.00014342
-3.10307e-05
-0.000158935
-4.00937e-05
-0.000149622
-3.2993e-05
-0.000123221
-3.3378e-05
-7.80041e-05
-4.79356e-05
-3.84935e-05
-4.5856e-05
-4.19223e-06
-3.74685e-05
1.43916e-05
-1.71692e-05
3.25963e-05
-1.9293e-05
4.8753e-05
-2.28075e-05
5.81981e-05
-2.01568e-05
-2.2196e-05
6.47295e-05
-2.22907e-05
-5.45038e-06
-2.09082e-05
-1.26548e-05
-9.18466e-06
7.57989e-06
-5.39811e-06
5.64232e-06
-7.83926e-06
5.00845e-06
-4.41993e-06
1.44212e-05
1.65338e-06
1.50071e-05
5.90952e-06
9.5175e-06
8.61795e-06
5.59299e-06
7.03741e-06
3.51207e-06
-7.78632e-06
4.93177e-06
-4.03599e-05
1.54293e-06
-7.00151e-05
-1.04385e-05
-8.01088e-05
-2.28992e-05
-7.4953e-05
-3.85338e-05
-7.85251e-05
-4.43634e-05
-9.12526e-05
-3.31285e-05
-0.000103336
-2.53854e-05
-9.80068e-05
-2.2498e-05
-6.83468e-05
-4.89529e-05
-2.36351e-05
-6.75192e-05
1.92904e-06
-4.5721e-05
-3.68752e-05
1.66082e-05
-8.63296e-06
3.18257e-06
-1.10295e-05
-1.02583e-05
-7.91416e-06
4.46461e-06
-7.78793e-06
5.51619e-06
-9.46217e-06
6.68279e-06
-6.4876e-06
1.14467e-05
-4.35775e-06
1.28773e-05
-4.95497e-06
1.01147e-05
-3.73773e-06
4.37573e-06
2.34398e-06
-2.56966e-06
1.27109e-05
-5.43519e-06
1.69493e-05
-2.69535e-06
1.13516e-06
5.37565e-06
-1.37793e-05
-7.9847e-06
-1.64268e-05
-3.58862e-05
-1.74294e-05
-4.33607e-05
-2.09712e-05
-2.95866e-05
-2.52895e-05
-2.10672e-05
-2.68588e-05
-2.09288e-05
-3.44218e-05
-4.139e-05
-5.04094e-05
-5.15316e-05
-5.26443e-05
-4.34861e-05
-1.86505e-05
-7.08688e-05
-6.32707e-06
9.50963e-06
-8.04417e-06
-8.54117e-06
-6.00566e-06
2.42615e-06
-5.76949e-06
5.28009e-06
-6.01274e-06
6.92612e-06
-3.88841e-06
9.32238e-06
-1.3161e-06
1.0305e-05
-9.31627e-08
8.89177e-06
-9.29966e-07
5.21253e-06
-3.84852e-06
3.48892e-07
-4.43946e-06
-4.84426e-06
-6.69168e-07
-6.46563e-06
5.31667e-06
-6.10142e-07
3.92216e-06
-6.59012e-06
-4.39044e-06
-2.75735e-05
-1.02867e-05
-3.74644e-05
-8.12799e-06
-3.17452e-05
4.82017e-07
-2.96772e-05
1.11766e-05
-3.16235e-05
1.43915e-05
-4.4605e-05
1.12018e-05
-4.83419e-05
2.6518e-05
-5.88023e-05
-4.04313e-05
4.82986e-05
-4.72562e-06
1.42352e-05
-5.73506e-06
-7.53172e-06
-5.08823e-06
1.77937e-06
-4.72192e-06
4.91385e-06
-4.04271e-06
6.24696e-06
-2.42077e-06
7.70047e-06
-8.2196e-07
8.70617e-06
-1.48097e-07
8.2179e-06
-4.3187e-07
5.49629e-06
-7.82396e-07
6.99402e-07
-1.94032e-06
-3.68636e-06
-1.19586e-06
-7.21009e-06
4.66097e-06
-6.46696e-06
7.79059e-06
-9.7197e-06
3.46509e-06
-2.3248e-05
-3.1201e-06
-3.08792e-05
-4.89629e-06
-2.99691e-05
-1.05667e-06
-3.35169e-05
6.76132e-06
-3.94415e-05
1.03637e-05
-4.82074e-05
1.37777e-05
-5.17557e-05
2.43239e-05
-6.93483e-05
-6.61385e-05
5.00314e-05
-3.62748e-06
1.78627e-05
-4.35363e-06
-6.80556e-06
-3.65474e-06
1.08051e-06
-3.34858e-06
4.60773e-06
-2.73617e-06
5.63458e-06
-1.38418e-06
6.3485e-06
3.75715e-07
6.94628e-06
1.81931e-06
6.77431e-06
2.12621e-06
5.18937e-06
6.92355e-07
2.13322e-06
-8.86711e-07
-2.10733e-06
-1.8174e-06
-6.27942e-06
1.05126e-06
-9.33562e-06
5.39107e-06
-1.40595e-05
4.03021e-06
-2.18871e-05
7.3481e-07
-2.75838e-05
-2.6367e-07
-2.89707e-05
1.03028e-07
-3.38836e-05
1.72073e-06
-4.10592e-05
5.14722e-06
-5.16339e-05
1.26908e-05
-5.92993e-05
1.65248e-05
-7.31823e-05
-7.6993e-05
2.73792e-05
-2.5157e-06
2.03784e-05
-3.11676e-06
-6.20449e-06
-2.86042e-06
8.24198e-07
-2.59017e-06
4.3375e-06
-2.05187e-06
5.0963e-06
-1.06067e-06
5.35731e-06
3.71529e-07
5.51409e-06
1.89696e-06
5.24886e-06
3.02587e-06
4.06042e-06
3.49393e-06
1.66509e-06
3.09155e-06
-1.70501e-06
2.38435e-06
-5.57226e-06
2.54188e-06
-9.49318e-06
2.37876e-06
-1.38964e-05
9.6429e-08
-1.96048e-05
-3.20992e-06
-2.42775e-05
-5.25064e-06
-2.693e-05
-7.07918e-06
-3.20551e-05
-8.16928e-06
-3.9969e-05
-8.18065e-06
-5.16224e-05
-5.37246e-06
-6.21074e-05
-6.64061e-06
-7.19141e-05
-7.4558e-05
-9.07562e-06
-1.65291e-06
2.20313e-05
-2.24137e-06
-5.61602e-06
-2.20581e-06
7.8865e-07
-2.06552e-06
4.19722e-06
-1.70709e-06
4.73786e-06
-1.056e-06
4.70623e-06
-6.75238e-08
4.5256e-06
1.14853e-06
4.03278e-06
2.2755e-06
2.93339e-06
2.90764e-06
1.03287e-06
2.90797e-06
-1.70539e-06
2.30853e-06
-4.97285e-06
1.36551e-06
-8.5502e-06
-1.30432e-07
-1.24005e-05
-3.04878e-06
-1.66865e-05
-6.75691e-06
-2.05694e-05
-9.81836e-06
-2.38686e-05
-1.33356e-05
-2.85378e-05
-1.74177e-05
-3.58868e-05
-2.28458e-05
-4.61943e-05
-2.87258e-05
-5.62275e-05
-3.75101e-05
-6.31298e-05
-6.13019e-05
-5.07662e-05
-1.04884e-06
2.30802e-05
-1.64316e-06
-5.02169e-06
-1.77876e-06
9.24249e-07
-1.79349e-06
4.21193e-06
-1.6444e-06
4.58876e-06
-1.31709e-06
4.3789e-06
-7.98779e-07
4.00729e-06
-1.33866e-07
3.36783e-06
5.0692e-07
2.29255e-06
8.6439e-07
6.7535e-07
6.7205e-07
-1.51309e-06
-1.4972e-07
-4.15111e-06
-1.59786e-06
-7.1021e-06
-3.77729e-06
-1.02211e-05
-6.84618e-06
-1.36178e-05
-1.0415e-05
-1.70007e-05
-1.39457e-05
-2.03379e-05
-1.81549e-05
-2.43286e-05
-2.40565e-05
-2.99852e-05
-3.27417e-05
-3.75091e-05
-4.33671e-05
-4.5602e-05
-5.48937e-05
-5.16032e-05
-5.12899e-05
-6.49057e-05
-6.55027e-07
2.37352e-05
-1.2495e-06
-4.42724e-06
-1.54602e-06
1.22074e-06
-1.70899e-06
4.37486e-06
-1.75025e-06
4.62999e-06
-1.69316e-06
4.3218e-06
-1.56378e-06
3.87789e-06
-1.40109e-06
3.20511e-06
-1.3102e-06
2.20162e-06
-1.45467e-06
8.19799e-07
-2.02469e-06
-9.43072e-07
-3.14259e-06
-3.03322e-06
-4.85842e-06
-5.38632e-06
-7.15437e-06
-7.9253e-06
-1.01035e-05
-1.06687e-05
-1.35928e-05
-1.35115e-05
-1.74755e-05
-1.64553e-05
-2.21118e-05
-1.96922e-05
-2.85609e-05
-2.35361e-05
-3.78696e-05
-2.82004e-05
-4.97861e-05
-3.36855e-05
-6.30082e-05
-3.83812e-05
-3.93829e-05
-7.49153e-05
-4.3249e-07
2.41677e-05
-1.02691e-06
-3.83287e-06
-1.44682e-06
1.6406e-06
-1.74214e-06
4.67012e-06
-1.95161e-06
4.83942e-06
-2.11586e-06
4.48603e-06
-2.27611e-06
4.03812e-06
-2.48106e-06
3.41005e-06
-2.80811e-06
2.52866e-06
-3.36173e-06
1.37343e-06
-4.25985e-06
-4.49285e-08
-5.59112e-06
-1.70196e-06
-7.41686e-06
-3.56063e-06
-9.76097e-06
-5.58131e-06
-1.27091e-05
-7.72075e-06
-1.62991e-05
-9.92162e-06
-2.05654e-05
-1.2189e-05
-2.56694e-05
-1.45882e-05
-3.21343e-05
-1.70712e-05
-4.082e-05
-1.95148e-05
-5.27254e-05
-2.17801e-05
-6.8147e-05
-2.29596e-05
-2.17013e-05
-8.58286e-05
-3.30108e-07
2.44978e-05
-9.32117e-07
-3.23094e-06
-1.449e-06
2.1574e-06
-1.85579e-06
5.07684e-06
-2.20337e-06
5.18695e-06
-2.54226e-06
4.82491e-06
-2.91416e-06
4.41001e-06
-3.36572e-06
3.86159e-06
-3.95917e-06
3.12213e-06
-4.77189e-06
2.18618e-06
-5.87811e-06
1.06131e-06
-7.34876e-06
-2.31326e-07
-9.24651e-06
-1.66297e-06
-1.16331e-05
-3.19488e-06
-1.45856e-05
-4.76836e-06
-1.81889e-05
-6.31839e-06
-2.25711e-05
-7.80676e-06
-2.78944e-05
-9.26488e-06
-3.43322e-05
-1.06335e-05
-4.22077e-05
-1.16393e-05
-5.2255e-05
-1.1733e-05
-6.51035e-05
-1.01112e-05
-6.13689e-06
-8.06679e-05
-2.98755e-07
2.47965e-05
-9.20418e-07
-2.60937e-06
-1.51411e-06
2.751e-06
-2.0072e-06
5.56985e-06
-2.47022e-06
5.64992e-06
-2.94821e-06
5.30286e-06
-3.474e-06
4.93578e-06
-4.09648e-06
4.48407e-06
-4.86152e-06
3.8872e-06
-5.83043e-06
3.15514e-06
-7.06274e-06
2.29364e-06
-8.61845e-06
1.32436e-06
-1.05575e-05
2.76017e-07
-1.29426e-05
-8.09894e-07
-1.58319e-05
-1.87917e-06
-1.92863e-05
-2.86395e-06
-2.33945e-05
-3.69859e-06
-2.83118e-05
-4.34758e-06
-3.4217e-05
-4.72835e-06
-4.12474e-05
-4.60895e-06
-4.94413e-05
-3.53919e-06
-5.86999e-05
-8.52501e-07
4.0924e-06
-6.89293e-05
-3.0371e-07
2.51001e-05
-9.56592e-07
-1.95661e-06
-1.6087e-06
3.403e-06
-2.17193e-06
6.133e-06
-2.71908e-06
6.197e-06
-3.3036e-06
5.88733e-06
-3.95222e-06
5.58436e-06
-4.69279e-06
5.22464e-06
-5.57502e-06
4.76947e-06
-6.6432e-06
4.22336e-06
-7.94896e-06
3.59942e-06
-9.54304e-06
2.91838e-06
-1.14791e-05
2.21194e-06
-1.38077e-05
1.51867e-06
-1.65806e-05
8.93705e-07
-1.98481e-05
4.03538e-07
-2.36703e-05
1.23659e-07
-2.81292e-05
1.11294e-07
-3.33276e-05
4.70004e-07
-3.93816e-05
1.44495e-06
-4.62525e-05
3.33169e-06
-5.37025e-05
6.59744e-06
1.1665e-05
-6.12751e-05
-3.22321e-07
2.54224e-05
-1.01114e-06
-1.2679e-06
-1.71107e-06
4.10282e-06
-2.32502e-06
6.74686e-06
-2.93625e-06
6.80816e-06
-3.59498e-06
6.546e-06
-4.32776e-06
6.31708e-06
-5.15601e-06
6.05288e-06
-6.11206e-06
5.72554e-06
-7.23819e-06
5.34949e-06
-8.5745e-06
4.93574e-06
-1.0164e-05
4.50786e-06
-1.20451e-05
4.09305e-06
-1.42632e-05
3.73667e-06
-1.68535e-05
3.48396e-06
-1.98585e-05
3.40865e-06
-2.33145e-05
3.57965e-06
-2.72579e-05
4.05463e-06
-3.17445e-05
4.95664e-06
-3.67449e-05
6.44529e-06
-4.22239e-05
8.81062e-06
-4.79504e-05
1.2324e-05
1.72952e-05
-5.35807e-05
-3.40936e-07
2.57633e-05
-1.06846e-06
-5.40479e-07
-1.80379e-06
4.83806e-06
-2.45401e-06
7.397e-06
-3.1101e-06
7.46417e-06
-3.82114e-06
7.25696e-06
-4.60228e-06
7.09817e-06
-5.47689e-06
6.92749e-06
-6.4749e-06
6.72357e-06
-7.62225e-06
6.49686e-06
-8.95138e-06
6.26483e-06
-1.04946e-05
6.05109e-06
-1.22866e-05
5.88502e-06
-1.43537e-05
5.80387e-06
-1.67269e-05
5.85719e-06
-1.94257e-05
6.10758e-06
-2.24625e-05
6.6164e-06
-2.58666e-05
7.45874e-06
-2.96363e-05
8.72639e-06
-3.37369e-05
1.05459e-05
-3.80778e-05
1.31515e-05
-4.24586e-05
1.67046e-05
2.13973e-05
-4.65608e-05
-3.52124e-07
2.61153e-05
-1.1174e-06
2.24713e-07
-1.87734e-06
5.59793e-06
-2.54924e-06
8.06884e-06
-3.23174e-06
8.14659e-06
-3.97054e-06
7.99568e-06
-4.77901e-06
7.90658e-06
-5.67494e-06
7.8234e-06
-6.67944e-06
7.72808e-06
-7.81542e-06
7.63287e-06
-9.10703e-06
7.55647e-06
-1.05789e-05
7.52295e-06
-1.22523e-05
7.55847e-06
-1.41492e-05
7.70087e-06
-1.62859e-05
7.99391e-06
-1.86686e-05
8.49034e-06
-2.13087e-05
9.25649e-06
-2.4202e-05
1.03521e-05
-2.73134e-05
1.18378e-05
-3.06005e-05
1.38329e-05
-3.39566e-05
1.65076e-05
-3.72269e-05
1.99748e-05
2.43284e-05
-4.0158e-05
-3.52943e-07
2.64682e-05
-1.15132e-06
1.02304e-06
-1.92409e-06
6.37064e-06
-2.60499e-06
8.74968e-06
-3.30003e-06
8.84157e-06
-4.05023e-06
8.7458e-06
-4.86476e-06
8.72108e-06
-5.75768e-06
8.71633e-06
-6.746e-06
8.71643e-06
-7.8471e-06
8.73398e-06
-9.07901e-06
8.78838e-06
-1.04558e-05
8.89977e-06
-1.19962e-05
9.09885e-06
-1.37111e-05
9.41591e-06
-1.56072e-05
9.88997e-06
-1.76848e-05
1.0568e-05
-1.99343e-05
1.1506e-05
-2.23388e-05
1.27566e-05
-2.48697e-05
1.43688e-05
-2.74598e-05
1.6423e-05
-3.00006e-05
1.90484e-05
-3.23635e-05
2.23378e-05
2.63305e-05
-3.43657e-05
-3.42671e-07
2.68109e-05
-1.16421e-06
1.84455e-06
-1.93976e-06
7.14616e-06
-2.61983e-06
9.42969e-06
-3.31432e-06
9.53601e-06
-4.06008e-06
9.49152e-06
-4.86482e-06
9.52582e-06
-5.73901e-06
9.59055e-06
-6.69264e-06
9.6701e-06
-7.74047e-06
9.78183e-06
-8.89431e-06
9.94223e-06
-1.01664e-05
1.01719e-05
-1.15647e-05
1.04972e-05
-1.30948e-05
1.09461e-05
-1.4756e-05
1.15512e-05
-1.65404e-05
1.23524e-05
-1.84316e-05
1.33972e-05
-2.04038e-05
1.47288e-05
-2.24178e-05
1.63829e-05
-2.44095e-05
1.84146e-05
-2.62791e-05
2.0918e-05
-2.79123e-05
2.39709e-05
2.75987e-05
-2.91805e-05
-3.21104e-07
2.7132e-05
-1.15452e-06
2.67793e-06
-1.92194e-06
7.91355e-06
-2.59296e-06
1.01007e-05
-3.2769e-06
1.02199e-05
-4.0077e-06
1.02223e-05
-4.78984e-06
1.0308e-05
-5.62875e-06
1.04295e-05
-6.53607e-06
1.05775e-05
-7.51963e-06
1.07655e-05
-8.58772e-06
1.10104e-05
-9.74706e-06
1.13313e-05
-1.1001e-05
1.17512e-05
-1.23494e-05
1.22945e-05
-1.37868e-05
1.29886e-05
-1.53002e-05
1.38658e-05
-1.68679e-05
1.49649e-05
-1.84598e-05
1.63207e-05
-2.00339e-05
1.79569e-05
-2.15256e-05
1.99064e-05
-2.2846e-05
2.22383e-05
-2.38947e-05
2.50195e-05
2.82778e-05
-2.45738e-05
-2.90061e-07
2.7422e-05
-1.12123e-06
3.50906e-06
-1.87081e-06
8.6631e-06
-2.52559e-06
1.07554e-05
-3.191e-06
1.08853e-05
-3.89759e-06
1.09289e-05
-4.64724e-06
1.10577e-05
-5.4444e-06
1.12268e-05
-6.29605e-06
1.14293e-05
-7.2079e-06
1.16774e-05
-8.18539e-06
1.19879e-05
-9.23058e-06
1.23765e-05
-1.03435e-05
1.28641e-05
-1.152e-05
1.34711e-05
-1.27512e-05
1.42199e-05
-1.40183e-05
1.51328e-05
-1.52989e-05
1.62455e-05
-1.6562e-05
1.75839e-05
-1.77631e-05
1.9158e-05
-1.88472e-05
2.09905e-05
-1.97264e-05
2.31175e-05
-2.03145e-05
2.56076e-05
2.84985e-05
-2.05354e-05
-2.48692e-07
2.76707e-05
-1.06525e-06
4.32558e-06
-1.78901e-06
9.38681e-06
-2.42192e-06
1.13883e-05
-3.06241e-06
1.15258e-05
-3.73782e-06
1.16044e-05
-4.44836e-06
1.17683e-05
-5.19733e-06
1.19759e-05
-5.98918e-06
1.22212e-05
-6.82738e-06
1.25157e-05
-7.71206e-06
1.28727e-05
-8.64434e-06
1.33089e-05
-9.62118e-06
1.3841e-05
-1.06354e-05
1.44853e-05
-1.16772e-05
1.52616e-05
-1.27287e-05
1.61843e-05
-1.37623e-05
1.72791e-05
-1.47478e-05
1.85694e-05
-1.56474e-05
2.00576e-05
-1.64028e-05
2.17458e-05
-1.69386e-05
2.36532e-05
-1.71753e-05
2.58442e-05
2.83728e-05
-1.70496e-05
-1.94003e-07
2.78647e-05
-9.8823e-07
5.11976e-06
-1.68152e-06
1.00801e-05
-2.2882e-06
1.1995e-05
-2.89875e-06
1.21364e-05
-3.53794e-06
1.22436e-05
-4.20508e-06
1.24355e-05
-4.90078e-06
1.26716e-05
-5.62794e-06
1.29485e-05
-6.38857e-06
1.32765e-05
-7.183e-06
1.36672e-05
-8.00886e-06
1.41348e-05
-8.86093e-06
1.46931e-05
-9.72986e-06
1.53542e-05
-1.06026e-05
1.61343e-05
-1.14644e-05
1.70461e-05
-1.22901e-05
1.81048e-05
-1.30476e-05
1.93269e-05
-1.37033e-05
2.07132e-05
-1.42049e-05
2.22474e-05
-1.44871e-05
2.39354e-05
-1.44726e-05
2.58296e-05
2.8004e-05
-1.41038e-05
-1.20241e-07
2.79849e-05
-8.93564e-07
5.89304e-06
-1.55427e-06
1.07408e-05
-2.13084e-06
1.25715e-05
-2.70601e-06
1.27116e-05
-3.30375e-06
1.28415e-05
-3.92222e-06
1.30541e-05
-4.56212e-06
1.33116e-05
-5.22367e-06
1.36102e-05
-5.90854e-06
1.39614e-05
-6.61507e-06
1.43739e-05
-7.33779e-06
1.48576e-05
-8.07175e-06
1.54271e-05
-8.80901e-06
1.60915e-05
-9.53418e-06
1.68594e-05
-1.02334e-05
1.77453e-05
-1.08844e-05
1.87558e-05
-1.14557e-05
1.98982e-05
-1.19208e-05
2.11782e-05
-1.22346e-05
2.25612e-05
-1.23409e-05
2.40417e-05
-1.21684e-05
2.5657e-05
2.7493e-05
-1.16574e-05
-1.75107e-08
2.80024e-05
-7.8451e-07
6.66006e-06
-1.4132e-06
1.13695e-05
-1.95535e-06
1.31137e-05
-2.49065e-06
1.3247e-05
-3.04486e-06
1.33957e-05
-3.61082e-06
1.36201e-05
-4.19031e-06
1.38912e-05
-4.7842e-06
1.42042e-05
-5.39152e-06
1.45689e-05
-6.00811e-06
1.49905e-05
-6.63282e-06
1.54824e-05
-7.25599e-06
1.60502e-05
-7.87072e-06
1.67062e-05
-8.46302e-06
1.74517e-05
-9.01998e-06
1.83022e-05
-9.52155e-06
1.92573e-05
-9.94607e-06
2.03227e-05
-1.02583e-05
2.14903e-05
-1.04383e-05
2.27412e-05
-1.04368e-05
2.40401e-05
-1.01799e-05
2.54002e-05
2.69329e-05
-9.61987e-06
1.10653e-07
2.78917e-05
-6.63949e-07
7.43473e-06
-1.26137e-06
1.19669e-05
-1.76452e-06
1.3617e-05
-2.25683e-06
1.37394e-05
-2.76087e-06
1.38998e-05
-3.27138e-06
1.41306e-05
-3.78863e-06
1.44085e-05
-4.31107e-06
1.47267e-05
-4.83689e-06
1.50948e-05
-5.36471e-06
1.55184e-05
-5.8899e-06
1.60076e-05
-6.40669e-06
1.6567e-05
-6.90589e-06
1.72053e-05
-7.37749e-06
1.79232e-05
-7.80509e-06
1.87298e-05
-8.1784e-06
1.96306e-05
-8.4684e-06
2.06126e-05
-8.66186e-06
2.16838e-05
-8.73506e-06
2.28144e-05
-8.65467e-06
2.39597e-05
-8.37187e-06
2.51173e-05
2.63917e-05
-7.83077e-06
2.54612e-07
2.76371e-05
-5.33245e-07
8.22267e-06
-1.10193e-06
1.25356e-05
-1.56345e-06
1.40785e-05
-2.00918e-06
1.41851e-05
-2.46147e-06
1.43521e-05
-2.9164e-06
1.45856e-05
-3.36871e-06
1.48609e-05
-3.81811e-06
1.51762e-05
-4.26206e-06
1.55388e-05
-4.70013e-06
1.59566e-05
-5.12847e-06
1.6436e-05
-5.54138e-06
1.69799e-05
-5.9262e-06
1.75901e-05
-6.2785e-06
1.82755e-05
-6.58844e-06
1.90397e-05
-6.83351e-06
1.98757e-05
-7.00675e-06
2.07859e-05
-7.08495e-06
2.17619e-05
-7.0555e-06
2.27849e-05
-6.90352e-06
2.38077e-05
-6.59701e-06
2.48107e-05
2.58811e-05
-6.08657e-06
4.01199e-07
2.7236e-05
-3.98438e-07
9.02238e-06
-9.4169e-07
1.30789e-05
-1.36026e-06
1.44971e-05
-1.75839e-06
1.45832e-05
-2.16393e-06
1.47577e-05
-2.56113e-06
1.49829e-05
-2.95051e-06
1.52504e-05
-3.33078e-06
1.55565e-05
-3.69853e-06
1.59066e-05
-4.04821e-06
1.63063e-05
-4.38362e-06
1.67714e-05
-4.69515e-06
1.72914e-05
-4.97339e-06
1.78683e-05
-5.21607e-06
1.85182e-05
-5.40581e-06
1.92295e-05
-5.5355e-06
2.00053e-05
-5.5865e-06
2.08368e-05
-5.54564e-06
2.1721e-05
-5.39986e-06
2.2639e-05
-5.14494e-06
2.35527e-05
-4.77065e-06
2.44364e-05
2.53569e-05
-4.24644e-06
5.53841e-07
2.66822e-05
-2.65419e-07
9.8417e-06
-7.89505e-07
1.36031e-05
-1.16644e-06
1.48741e-05
-1.52425e-06
1.4941e-05
-1.88495e-06
1.51184e-05
-2.23468e-06
1.53327e-05
-2.56792e-06
1.55837e-05
-2.88646e-06
1.58751e-05
-3.18587e-06
1.62061e-05
-3.4645e-06
1.6585e-05
-3.71955e-06
1.70265e-05
-3.94531e-06
1.75171e-05
-4.13769e-06
1.80607e-05
-4.27719e-06
1.86577e-05
-4.36153e-06
1.93137e-05
-4.38179e-06
2.00255e-05
-4.32038e-06
2.07753e-05
-4.15281e-06
2.15534e-05
-3.88174e-06
2.23679e-05
-3.49733e-06
2.31683e-05
-2.99991e-06
2.3939e-05
2.47348e-05
-2.37781e-06
7.15322e-07
2.59669e-05
-1.35661e-07
1.06928e-05
-6.51971e-07
1.41195e-05
-9.94579e-07
1.52167e-05
-1.32183e-06
1.52683e-05
-1.64881e-06
1.54454e-05
-1.95919e-06
1.56431e-05
-2.25268e-06
1.58772e-05
-2.52556e-06
1.61481e-05
-2.77105e-06
1.64516e-05
-3.00223e-06
1.68163e-05
-3.19897e-06
1.72233e-05
-3.36216e-06
1.76804e-05
-3.48454e-06
1.8183e-05
-3.55818e-06
1.87313e-05
-3.5694e-06
1.93249e-05
-3.50262e-06
1.99586e-05
-3.34331e-06
2.06159e-05
-3.08342e-06
2.12934e-05
-2.69767e-06
2.19822e-05
-2.18652e-06
2.26571e-05
-1.54808e-06
2.33006e-05
2.39788e-05
-7.92104e-07
8.7497e-07
2.5092e-05
-8.08109e-09
1.15759e-05
-5.30737e-07
1.46422e-05
-8.48663e-07
1.55346e-05
-1.15906e-06
1.55787e-05
-1.46426e-06
1.57506e-05
-1.7469e-06
1.59258e-05
-2.01329e-06
1.61436e-05
-2.25647e-06
1.63913e-05
-2.4855e-06
1.66808e-05
-2.68327e-06
1.70141e-05
-2.85101e-06
1.73911e-05
-2.98125e-06
1.78106e-05
-3.06947e-06
1.82712e-05
-3.10295e-06
1.87647e-05
-3.07196e-06
1.92938e-05
-2.95969e-06
1.98462e-05
-2.75426e-06
2.04104e-05
-2.43954e-06
2.09787e-05
-1.99225e-06
2.15349e-05
-1.41126e-06
2.20762e-05
-6.98501e-07
2.25878e-05
2.31129e-05
1.67385e-07
1.00732e-06
2.40847e-05
8.54842e-08
1.24979e-05
-4.29461e-07
1.51572e-05
-7.28431e-07
1.58336e-05
-1.03097e-06
1.58812e-05
-1.31975e-06
1.60394e-05
-1.58968e-06
1.61957e-05
-1.83999e-06
1.63939e-05
-2.07505e-06
1.66264e-05
-2.29138e-06
1.68972e-05
-2.48099e-06
1.72038e-05
-2.63863e-06
1.75487e-05
-2.76136e-06
1.79333e-05
-2.84208e-06
1.83519e-05
-2.87214e-06
1.87947e-05
-2.83719e-06
1.92588e-05
-2.72407e-06
1.97331e-05
-2.52058e-06
2.02069e-05
-2.20217e-06
2.06603e-05
-1.76517e-06
2.10979e-05
-1.1974e-06
2.15083e-05
-4.85595e-07
2.18759e-05
2.22437e-05
3.83614e-07
1.10353e-06
2.29813e-05
1.60926e-07
1.34407e-05
-3.41745e-07
1.56599e-05
-6.26501e-07
1.61184e-05
-9.241e-07
1.61788e-05
-1.20073e-06
1.6316e-05
-1.45882e-06
1.64538e-05
-1.70288e-06
1.6638e-05
-1.93272e-06
1.68563e-05
-2.14545e-06
1.711e-05
-2.33695e-06
1.73953e-05
-2.49745e-06
1.77092e-05
-2.62725e-06
1.80631e-05
-2.71769e-06
1.84423e-05
-2.75745e-06
1.88344e-05
-2.73678e-06
1.92381e-05
-2.6472e-06
1.96435e-05
-2.47455e-06
2.00342e-05
-2.19833e-06
2.0384e-05
-1.82661e-06
2.07261e-05
-1.33073e-06
2.10124e-05
-6.96339e-07
2.12415e-05
2.1462e-05
8.53039e-08
1.14316e-06
2.18382e-05
2.09885e-07
1.4374e-05
-2.67524e-07
1.61374e-05
-5.34605e-07
1.63855e-05
-8.22434e-07
1.64667e-05
-1.08417e-06
1.65778e-05
-1.32744e-06
1.66971e-05
-1.56604e-06
1.68767e-05
-1.78277e-06
1.70731e-05
-1.99501e-06
1.73222e-05
-2.18443e-06
1.75847e-05
-2.34284e-06
1.78676e-05
-2.48249e-06
1.82027e-05
-2.58517e-06
1.8545e-05
-2.63288e-06
1.88821e-05
-2.63075e-06
1.92359e-05
-2.57219e-06
1.95849e-05
-2.4402e-06
1.99022e-05
-2.22617e-06
2.01699e-05
-1.92838e-06
2.04283e-05
-1.51629e-06
2.06003e-05
-1.00529e-06
2.07305e-05
2.07948e-05
-3.38116e-07
1.10339e-06
2.07349e-05
2.30853e-07
1.52466e-05
-2.01602e-07
1.65698e-05
-4.48475e-07
1.66323e-05
-7.07993e-07
1.67261e-05
-9.43257e-07
1.6813e-05
-1.18243e-06
1.69363e-05
-1.38657e-06
1.70809e-05
-1.60456e-06
1.72911e-05
-1.78445e-06
1.75021e-05
-1.96339e-06
1.77636e-05
-2.12776e-06
1.8032e-05
-2.25116e-06
1.83261e-05
-2.35225e-06
1.86461e-05
-2.42e-06
1.89499e-05
-2.42634e-06
1.92423e-05
-2.38915e-06
1.95477e-05
-2.29367e-06
1.98067e-05
-2.14034e-06
2.00165e-05
-1.90149e-06
2.01894e-05
-1.59059e-06
2.02894e-05
-1.15963e-06
2.02995e-05
2.02688e-05
-6.33583e-07
9.57812e-07
1.97771e-05
2.11087e-07
1.59934e-05
-1.39454e-07
1.69204e-05
-3.48634e-07
1.68415e-05
-5.76712e-07
1.69542e-05
-7.77232e-07
1.70136e-05
-9.74557e-07
1.71337e-05
-1.16517e-06
1.72715e-05
-1.33718e-06
1.74631e-05
-1.50474e-06
1.76697e-05
-1.6581e-06
1.7917e-05
-1.79176e-06
1.81656e-05
-1.91281e-06
1.84472e-05
-2.00091e-06
1.87342e-05
-2.05639e-06
1.90054e-05
-2.08953e-06
1.92754e-05
-2.0661e-06
1.95242e-05
-2.00281e-06
1.97434e-05
-1.89127e-06
1.99049e-05
-1.71863e-06
2.00167e-05
-1.47422e-06
2.00449e-05
-1.16027e-06
1.99856e-05
1.98505e-05
-7.41965e-07
7.52272e-07
1.90249e-05
1.83382e-07
1.65622e-05
-7.79068e-08
1.71816e-05
-2.37472e-07
1.7001e-05
-4.13293e-07
1.71301e-05
-5.70341e-07
1.71707e-05
-7.20519e-07
1.72839e-05
-8.63122e-07
1.74141e-05
-1.00336e-06
1.76034e-05
-1.12874e-06
1.7795e-05
-1.24892e-06
1.80372e-05
-1.35565e-06
1.82724e-05
-1.44804e-06
1.85397e-05
-1.52764e-06
1.88139e-05
-1.5758e-06
1.90536e-05
-1.61086e-06
1.93105e-05
-1.60746e-06
1.95208e-05
-1.57655e-06
1.97124e-05
-1.50237e-06
1.98307e-05
-1.39657e-06
1.99108e-05
-1.23606e-06
1.98844e-05
-1.02092e-06
1.97705e-05
1.95621e-05
-7.32454e-07
5.16603e-07
1.85083e-05
1.433e-07
1.69355e-05
-2.88481e-08
1.73538e-05
-1.28988e-07
1.71012e-05
-2.43912e-07
1.7245e-05
-3.42256e-07
1.72691e-05
-4.32154e-07
1.73738e-05
-5.29997e-07
1.75119e-05
-6.14595e-07
1.7688e-05
-7.04679e-07
1.78851e-05
-7.77995e-07
1.81105e-05
-8.58031e-07
1.83525e-05
-9.20395e-07
1.8602e-05
-9.79695e-07
1.88732e-05
-1.02809e-06
1.9102e-05
-1.05341e-06
1.93358e-05
-1.07006e-06
1.95374e-05
-1.05913e-06
1.97015e-05
-1.03154e-06
1.98031e-05
-9.80598e-07
1.98599e-05
-9.00972e-07
1.98048e-05
-7.86588e-07
1.96561e-05
1.94018e-05
-6.26271e-07
2.11279e-07
7.44865e-08
9.63737e-09
-3.1096e-08
-7.10253e-08
-9.71387e-08
-1.34796e-07
-1.6733e-07
-1.9771e-07
-2.29021e-07
-2.60146e-07
-2.87826e-07
-3.18649e-07
-3.31997e-07
-3.57119e-07
-3.74995e-07
-3.87156e-07
-3.92206e-07
-3.96153e-07
-3.7613e-07
-3.58657e-07
-3.32922e-07
-2.87026e-07
0.000101919
3.31407e-06
0.000103213
-1.29391e-06
0.000111128
-7.91553e-06
-1.24014e-05
0.000123529
9.30065e-05
-5.89888e-06
0.00010149
-9.77704e-06
0.000107866
-1.42922e-05
-1.88567e-05
0.000114322
7.5557e-05
-1.01541e-05
7.8737e-05
-1.29571e-05
8.08537e-05
-1.64089e-05
-1.97481e-05
8.17451e-05
6.68442e-05
-1.22688e-05
6.83078e-05
-1.44207e-05
6.95575e-05
-1.76587e-05
-2.02084e-05
7.00179e-05
1.7613e-05
-1.32737e-05
1.38315e-05
-1.06392e-05
1.12538e-05
-1.5081e-05
-2.44112e-05
1.54565e-05
-8.86707e-05
4.52845e-06
-0.000108173
8.86339e-06
-0.00011489
-8.36369e-06
-3.15399e-05
-0.000107761
5.41299e-05
-1.30312e-06
5.11023e-05
1.18908e-05
3.12187e-05
1.15198e-05
3.57762e-06
-3.89885e-06
7.23333e-05
-2.36049e-05
9.72556e-05
-1.30312e-05
0.000107958
8.17083e-07
2.24865e-05
8.90495e-05
3.4442e-05
-3.06677e-05
4.53756e-05
-2.39648e-05
5.85432e-05
-1.23505e-05
1.06992e-05
7.03305e-05
-1.02087e-05
-2.95346e-05
-1.11228e-05
-2.30507e-05
-8.73026e-06
-1.4743e-05
1.47134e-09
1.96755e-06
-5.62852e-05
-2.40157e-05
-5.94874e-05
-1.98483e-05
-5.95727e-05
-1.46578e-05
-6.79138e-06
-5.27798e-05
-6.69288e-05
-2.19926e-05
-6.65337e-05
-2.02434e-05
-6.37133e-05
-1.74782e-05
-1.19899e-05
-5.85147e-05
-7.95338e-05
-1.73741e-05
-8.4069e-05
-1.57082e-05
-8.87749e-05
-1.27723e-05
-8.36018e-06
-9.24046e-05
-9.44275e-05
-8.77521e-06
-0.000103309
-6.82713e-06
-0.000112111
-3.97021e-06
-3.80952e-07
-0.00012009
-8.86828e-05
-7.60357e-07
-9.65553e-05
1.04537e-06
-0.000103916
3.39028e-06
6.16501e-06
-0.000110462
-7.42538e-05
4.5642e-06
-7.99516e-05
6.74318e-06
-8.56727e-05
9.11133e-06
1.15813e-05
-9.1089e-05
-6.47192e-05
8.00821e-06
-6.80349e-05
1.0059e-05
-7.12156e-05
1.2292e-05
1.45946e-05
-7.42288e-05
-5.60233e-05
1.04507e-05
-5.82433e-05
1.22789e-05
-6.02217e-05
1.42704e-05
1.63344e-05
-6.19615e-05
-4.82627e-05
1.21526e-05
-4.97365e-05
1.37527e-05
-5.09682e-05
1.55021e-05
1.7331e-05
-5.19648e-05
-4.13261e-05
1.33207e-05
-4.22847e-05
1.47112e-05
-4.30065e-05
1.62239e-05
1.78189e-05
-4.34943e-05
-3.51214e-05
1.40764e-05
-3.5702e-05
1.52919e-05
-3.6073e-05
1.6595e-05
1.79681e-05
-3.62222e-05
-2.96067e-05
1.45025e-05
-2.98877e-05
1.55729e-05
-2.99943e-05
1.67016e-05
1.78789e-05
-2.99051e-05
-2.47353e-05
1.4664e-05
-2.47735e-05
1.5611e-05
-2.4666e-05
1.65941e-05
1.7598e-05
-2.43852e-05
-2.04885e-05
1.46169e-05
-2.03298e-05
1.54523e-05
-2.004e-05
1.63042e-05
1.7146e-05
-1.9588e-05
-1.68461e-05
1.44134e-05
-1.65345e-05
1.51406e-05
-1.60952e-05
1.58649e-05
1.6547e-05
-1.54961e-05
-1.37917e-05
1.41012e-05
-1.33715e-05
1.47205e-05
-1.2821e-05
1.53143e-05
1.58368e-05
-1.21108e-05
-1.12844e-05
1.37283e-05
-1.0805e-05
1.4241e-05
-1.01949e-05
1.47041e-05
1.50723e-05
-9.43042e-06
-9.23344e-06
1.33417e-05
-8.74952e-06
1.3757e-05
-8.14443e-06
1.40989e-05
1.43284e-05
-7.40065e-06
-7.47047e-06
1.29814e-05
-7.02937e-06
1.33158e-05
-6.49009e-06
1.35596e-05
1.36803e-05
-5.84206e-06
-5.7641e-06
1.26588e-05
-5.38506e-06
1.29367e-05
-4.94354e-06
1.3118e-05
1.31716e-05
-4.43481e-06
-3.93947e-06
1.23518e-05
-3.59711e-06
1.25943e-05
-3.22611e-06
1.2747e-05
1.27771e-05
-2.83171e-06
-2.0424e-06
1.20164e-05
-1.68082e-06
1.22327e-05
-1.30673e-06
1.23728e-05
1.24057e-05
-9.35348e-07
-3.93229e-07
1.16175e-05
3.18687e-08
1.18075e-05
4.73183e-07
1.19315e-05
1.19668e-05
9.12034e-07
6.21209e-07
1.11636e-05
1.11049e-06
1.13182e-05
1.62951e-06
1.14124e-05
1.14363e-05
2.15998e-06
8.47428e-07
1.06998e-05
1.35994e-06
1.08057e-05
1.91374e-06
1.08586e-05
1.08538e-05
2.49618e-06
5.12256e-07
1.02728e-05
9.89687e-07
1.03282e-05
1.51414e-06
1.03341e-05
1.02913e-05
2.0766e-06
3.16191e-08
9.90305e-06
4.50194e-07
9.90968e-06
9.11134e-07
9.87316e-06
9.80344e-06
1.39901e-06
-3.23393e-07
9.59292e-06
3.06093e-08
9.55571e-06
4.17316e-07
9.48643e-06
9.39204e-06
8.28715e-07
-4.91725e-07
9.34272e-06
-2.05985e-07
9.26998e-06
1.07613e-07
9.17282e-06
9.05275e-06
4.46914e-07
-5.45497e-07
9.1558e-06
-3.36006e-07
9.06052e-06
-1.09611e-07
8.94644e-06
8.79902e-06
1.44067e-07
-5.17522e-07
9.04708e-06
-3.85536e-07
8.92855e-06
-2.25644e-07
8.78651e-06
8.62699e-06
-5.36618e-08
-2.38242e-07
-1.85529e-07
-1.31533e-07
-7.05659e-08
0.000117337
-7.80165e-05
9.89492e-05
-0.00011989
7.9629e-05
-0.000134246
6.61496e-05
-0.000168489
0.000120863
1.76249e-05
4.36781e-05
0.000971001
-8.93861e-05
0.000837298
-0.000291682
0.000802816
-0.000458198
0.000698445
-0.000561064
0.000539476
-0.000589071
0.000298706
-0.000557308
2.39531e-05
-0.000539879
-0.000217037
-0.0004938
-0.000503196
-0.000342554
-0.000756731
-0.000117207
-0.000783002
6.41641e-05
-0.000604633
-1.12419e-05
-0.000379142
-0.000321407
0.000105061
-6.87563e-05
8.26788e-05
-9.75075e-05
6.11699e-05
-0.000112737
4.50839e-05
-0.000152403
0.000127944
-6.52354e-05
5.35898e-05
0.00104535
4.37928e-07
0.00089045
-6.10324e-05
0.000864286
-0.000147607
0.000785019
-0.000175604
0.000567472
-0.000140589
0.000263692
-0.000110168
-6.46787e-06
-0.000113677
-0.000213528
-0.000136435
-0.000480438
-0.000119826
-0.00077334
-4.10518e-05
-0.000861776
8.29912e-05
-0.000728676
1.75101e-05
-0.00031366
-0.000303897
7.32222e-05
-6.02333e-05
5.51304e-05
-7.94157e-05
3.5178e-05
-9.27851e-05
1.27063e-05
-0.000129931
8.57148e-05
-0.000138244
0.000100635
0.00103043
7.57874e-05
0.000915297
0.000138325
0.000801749
0.000175424
0.000747921
0.000211251
0.000531644
0.000259522
0.000215421
0.000257437
-4.38284e-06
0.000238247
-0.000194339
0.00020665
-0.000448842
0.000148559
-0.000715249
9.5487e-05
-0.000808704
8.64608e-05
-0.00071965
1.82378e-05
-0.000245437
-0.000285659
6.30719e-05
-5.32874e-05
4.44677e-05
-6.08115e-05
1.85803e-05
-6.68977e-05
-1.16867e-05
-9.9664e-05
-4.65451e-06
-0.000145276
0.000145663
0.000880117
0.000159131
0.000901829
0.000223486
0.000737394
0.000347943
0.000623464
0.000452207
0.00042738
0.000484115
0.000183514
0.000476828
2.90456e-06
0.000454394
-0.000171905
0.000436814
-0.000431261
0.000363275
-0.00064171
0.000228121
-0.00067355
6.10321e-05
-0.000552561
1.76402e-05
-0.000202046
-0.000268019
3.09174e-05
-6.87483e-05
2.93018e-05
-5.91959e-05
6.0834e-06
-4.36793e-05
-4.01053e-05
-5.34753e-05
-0.000116947
-6.84339e-05
0.000188074
0.000575096
0.00030028
0.000789624
0.000357387
0.000680286
0.000458001
0.00052285
0.000542973
0.000342408
0.000577622
0.000148865
0.000583087
-2.56105e-06
0.000580204
-0.000169021
0.000576104
-0.000427162
0.000480019
-0.000545625
0.000291817
-0.000485348
4.7111e-05
-0.000307855
2.07572e-05
-0.000175692
-0.000247262
-4.97123e-05
-0.000126797
-6.20629e-06
-0.000102702
-2.68648e-06
-4.71991e-05
-5.88172e-05
2.65546e-06
-0.000124781
-2.47002e-06
0.000291674
0.000158641
0.000584121
0.000497176
0.000668731
0.000595677
0.000695362
0.000496219
0.000693418
0.000344352
0.000679619
0.000162664
0.000659253
1.78043e-05
0.000631976
-0.000141744
0.000572559
-0.000367745
0.000429976
-0.000403042
0.000233043
-0.000288414
5.61193e-05
-0.000130932
2.70473e-05
-0.00014662
-0.000220215
-6.03228e-05
-7.03733e-05
-6.17166e-05
-0.000101308
-4.20892e-06
-0.000104707
2.08748e-06
-3.64094e-06
-3.21089e-05
3.17263e-05
8.18657e-05
4.46663e-05
0.000459761
0.000119281
0.000785404
0.000270035
0.000891448
0.000390175
0.00086456
0.000371239
0.00077708
0.000250145
0.000681338
0.000113546
0.00061385
-7.42561e-05
0.000467214
-0.000221109
0.000276734
-0.000212561
0.000108096
-0.000119776
5.60462e-05
-7.88825e-05
3.80262e-05
-0.0001286
-0.000182189
-5.87304e-06
2.45493e-05
-5.2917e-05
-5.4264e-05
-7.51124e-05
-8.25113e-05
-1.85649e-06
-7.68969e-05
1.75954e-05
1.22745e-05
1.07161e-05
5.15456e-05
6.20258e-05
6.79713e-05
0.000245897
8.61637e-05
0.000484757
0.000151315
0.000623684
0.000232312
0.00059897
0.000274858
0.000527772
0.000184745
0.000473685
-2.01694e-05
0.000354102
-0.000101526
0.000216785
-7.52446e-05
0.000126568
-2.95591e-05
9.53684e-05
-4.76825e-05
6.00181e-05
-9.32496e-05
-0.00012217
5.34754e-05
4.14045e-05
-4.29088e-06
3.50238e-06
-4.46564e-05
-4.21457e-05
-5.83233e-05
-6.323e-05
6.09437e-06
-5.21432e-05
2.89858e-05
2.86542e-05
2.68164e-05
7.01407e-05
3.95267e-05
7.34534e-05
0.00010517
8.56715e-05
0.000215986
0.000121496
0.000313848
0.000176996
0.000379488
0.000119105
0.000337596
2.17228e-05
0.000244062
-7.99145e-06
0.000163926
4.89148e-06
0.0001446
-1.02336e-05
0.000131979
-3.50611e-05
8.16833e-05
-4.29543e-05
-4.04872e-05
2.2692e-05
2.06802e-05
1.66396e-05
9.55482e-06
-1.87995e-05
-6.70661e-06
-4.17454e-05
-4.02841e-05
-4.88967e-05
-4.4992e-05
1.02793e-05
-3.05219e-05
4.73276e-05
3.30925e-05
5.19798e-05
6.88012e-05
5.36044e-05
8.40469e-05
7.86125e-05
9.64876e-05
0.000139538
0.000116071
0.000175793
8.28498e-05
0.00016361
3.39053e-05
0.000149882
5.73684e-06
0.000166492
-1.1719e-05
0.00017697
-2.0711e-05
0.000149265
-7.35613e-06
8.08688e-05
2.54417e-05
4.03816e-05
-3.44382e-05
2.33866e-06
-2.81634e-05
3.28001e-06
-2.44521e-05
-1.0418e-05
-4.73333e-05
-1.7403e-05
-6.83188e-05
-2.40065e-05
-5.36875e-05
-4.51532e-05
-1.61377e-06
-1.89812e-05
5.30523e-05
1.41351e-05
6.57e-05
7.13991e-05
6.17121e-05
0.000100476
7.37804e-05
0.000104002
9.13761e-05
6.52541e-05
0.000116662
8.61974e-06
0.000148905
-2.65068e-05
0.000164842
-2.76559e-05
0.000154627
-1.04959e-05
9.79774e-05
4.92936e-05
4.24845e-05
8.09346e-05
8.28661e-05
-4.76671e-05
-8.50897e-06
-5.80517e-05
1.36646e-05
-0.000107651
3.91815e-05
-0.000195855
7.08009e-05
-0.000299637
7.97747e-05
-0.000368181
2.33911e-05
-0.000331572
-5.55903e-05
-0.000241856
-7.55807e-05
-0.000184089
1.36327e-05
-0.000167533
8.39194e-05
-0.000157121
9.35906e-05
-0.000135265
4.3398e-05
-9.91005e-05
-2.75452e-05
-6.513e-05
-6.04773e-05
-3.66035e-05
-5.61824e-05
-1.24853e-05
-3.4614e-05
8.44536e-06
2.83629e-05
9.38745e-06
7.99925e-05
9.22535e-05
-0.000100383
-5.3016e-07
-0.000115741
2.9022e-05
-0.000148117
7.15579e-05
-0.000203319
0.000126003
-0.00027646
0.000152916
-0.000363384
0.000110315
-0.000439109
2.01351e-05
-0.000465998
-4.86915e-05
-0.000412595
-3.97706e-05
-0.000340458
1.17827e-05
-0.000240722
-6.14572e-06
-0.000188707
-8.61687e-06
-0.000162338
-5.39144e-05
-0.000126687
-9.61281e-05
-9.27084e-05
-9.01611e-05
-5.83857e-05
-6.89368e-05
-2.61569e-05
-3.8658e-06
-1.18313e-05
6.56669e-05
8.04222e-05
-0.000135097
1.44771e-05
-0.000145045
3.897e-05
-0.00014655
7.30632e-05
-0.000140443
0.000119895
-0.000141205
0.000153678
-0.000171765
0.000140875
-0.000240933
8.93034e-05
-0.000321279
3.16541e-05
-0.000352937
-8.11246e-06
-0.000308458
-3.26959e-05
-0.000268381
-4.62228e-05
-0.000244619
-3.23793e-05
-0.00021915
-7.93835e-05
-0.000158343
-0.000156934
-0.000114278
-0.000134227
-7.0717e-05
-0.000112497
-3.38584e-05
-4.07244e-05
-1.48632e-05
4.66717e-05
6.5559e-05
-0.00012339
2.74052e-05
-0.000131178
4.67584e-05
-0.00012636
6.82446e-05
-0.000100263
9.37982e-05
-6.31119e-05
0.000116528
-4.4579e-05
0.000122342
-6.41511e-05
0.000108876
-0.000114448
8.19515e-05
-0.00016082
3.82589e-05
-0.00018533
-8.18533e-06
-0.000202874
-2.86789e-05
-0.000202293
-3.29601e-05
-0.000184812
-9.68652e-05
-0.000161237
-0.000180509
-0.000112489
-0.000182975
-6.25574e-05
-0.000162429
-2.78973e-05
-7.53845e-05
-8.45801e-06
2.72323e-05
5.7101e-05
-0.000100831
3.71476e-05
-0.000105424
5.13506e-05
-0.000101719
6.45399e-05
-8.41238e-05
7.62033e-05
-5.24781e-05
8.48821e-05
-1.94702e-05
8.93341e-05
-2.06266e-06
9.1468e-05
-1.12937e-05
9.11825e-05
-5.32984e-05
8.02637e-05
-0.000105052
4.35682e-05
-0.000138509
4.77859e-06
-0.000147931
-2.35384e-05
-0.000156494
-8.8302e-05
-0.000135959
-0.000201044
-9.98288e-05
-0.000219106
-5.33589e-05
-0.000208899
-2.83954e-05
-0.000100348
-7.74855e-06
6.58547e-06
4.93525e-05
-8.01222e-05
4.3041e-05
-8.28058e-05
5.40342e-05
-8.0514e-05
6.22482e-05
-7.16769e-05
6.73663e-05
-5.59252e-05
6.91304e-05
-3.54666e-05
6.88754e-05
-1.50226e-05
7.1024e-05
-4.01614e-06
8.0176e-05
-1.63737e-05
9.26213e-05
-5.91149e-05
8.63094e-05
-9.73813e-05
4.30452e-05
-0.000117033
-3.88688e-06
-0.000111724
-9.36107e-05
-9.5523e-05
-0.000217245
-8.05808e-05
-0.000234048
-6.68797e-05
-0.0002226
-4.25254e-05
-0.000124702
-1.61215e-05
-1.98184e-05
3.32309e-05
-6.49862e-05
4.60657e-05
-6.62442e-05
5.52922e-05
-6.49038e-05
6.09078e-05
-6.02767e-05
6.27391e-05
-5.30145e-05
6.18682e-05
-4.46578e-05
6.05188e-05
-3.60428e-05
6.2409e-05
-2.8137e-05
7.22701e-05
-2.78217e-05
9.23061e-05
-5.19206e-05
0.000110408
-0.000107265
9.83898e-05
-0.000155778
4.46265e-05
-0.000132303
-0.000117086
-0.000106385
-0.000243162
-0.000103523
-0.00023691
-0.000103465
-0.000222657
-6.79159e-05
-0.000160252
-2.53818e-05
-6.23524e-05
7.84907e-06
-5.34394e-05
4.75404e-05
-5.37974e-05
5.56503e-05
-5.29807e-05
6.00912e-05
-5.06531e-05
6.04115e-05
-4.71452e-05
5.83603e-05
-4.38849e-05
5.72584e-05
-4.24471e-05
6.09711e-05
-4.29496e-05
7.27727e-05
-4.60379e-05
9.53944e-05
-6.36253e-05
0.000127996
-0.000113017
0.000147782
-0.000154845
8.64546e-05
-0.000110977
-0.000160954
-0.000115433
-0.000238707
-0.00012717
-0.000225173
-0.000133956
-0.000215871
-0.000100757
-0.000193451
-3.55644e-05
-0.000127545
-2.77153e-05
-4.38997e-05
4.79458e-05
-4.3554e-05
5.53046e-05
-4.28522e-05
5.93893e-05
-4.17587e-05
5.9318e-05
-4.01762e-05
5.67778e-05
-3.87646e-05
5.58467e-05
-3.92702e-05
6.14766e-05
-4.33529e-05
7.68554e-05
-5.14765e-05
0.000103518
-6.89632e-05
0.000145483
-0.000107943
0.000186762
-0.000143527
0.000122039
-0.000125706
-0.000178775
-0.00011803
-0.000246383
-0.000110116
-0.000233087
-0.000112602
-0.000213385
-0.000102026
-0.000204027
-5.26719e-05
-0.0001769
-8.03872e-05
-3.58484e-05
4.7572e-05
-3.48286e-05
5.42848e-05
-3.37789e-05
5.83397e-05
-3.29029e-05
5.84419e-05
-3.19593e-05
5.58342e-05
-3.10412e-05
5.49286e-05
-3.14435e-05
6.18788e-05
-3.55235e-05
8.09354e-05
-4.51571e-05
0.000113152
-6.3009e-05
0.000163335
-9.43384e-05
0.000218091
-0.000129425
0.000157126
-0.000180212
-0.000127988
-0.000139879
-0.000286716
-0.000105898
-0.000267068
-8.29365e-05
-0.000236347
-6.49753e-05
-0.000221988
-4.12556e-05
-0.000200619
-0.000121643
-2.89897e-05
4.66566e-05
-2.73761e-05
5.26712e-05
-2.56777e-05
5.66413e-05
-2.42672e-05
5.70313e-05
-2.30064e-05
5.45734e-05
-2.17558e-05
5.3678e-05
-2.11692e-05
6.12922e-05
-2.33652e-05
8.31313e-05
-3.12358e-05
0.000121022
-4.6362e-05
0.000178461
-7.04119e-05
0.000242141
-0.000107698
0.000194412
-0.00017939
-5.6296e-05
-0.000187187
-0.000278919
-0.000143188
-0.000311067
-9.55919e-05
-0.000283943
-5.50184e-05
-0.000262562
-2.22563e-05
-0.000233381
-0.000143899
-2.30326e-05
4.53041e-05
-2.08861e-05
5.05247e-05
-1.84462e-05
5.42014e-05
-1.61657e-05
5.47508e-05
-1.40575e-05
5.24652e-05
-1.18316e-05
5.1452e-05
-9.54779e-06
5.90084e-05
-8.47594e-06
8.20594e-05
-1.13835e-05
0.00012393
-1.89469e-05
0.000186024
-3.10433e-05
0.000254237
-6.04233e-05
0.000223792
-0.000123709
6.98989e-06
-0.000190926
-0.000211703
-0.000199195
-0.000302797
-0.00015154
-0.000331599
-8.39958e-05
-0.000330105
-2.53784e-05
-0.000291999
-0.000169278
-1.78105e-05
4.35265e-05
-1.51054e-05
4.78195e-05
-1.18323e-05
5.09283e-05
-8.42959e-06
5.1348e-05
-4.91373e-06
4.89493e-05
-8.4757e-07
4.73858e-05
4.03102e-06
5.41297e-05
8.50015e-06
7.75902e-05
1.17616e-05
0.000120668
1.36175e-05
0.000184168
1.1703e-05
0.000256152
-6.71536e-06
0.000242211
-6.27194e-05
6.2994e-05
-0.000136694
-0.000137728
-0.000170767
-0.000268724
-0.000151732
-0.000350634
-0.000101504
-0.000380334
-3.48644e-05
-0.000358638
-0.000204142
-1.33411e-05
4.13715e-05
-1.01138e-05
4.45921e-05
-5.97606e-06
4.67906e-05
-1.08699e-06
4.6459e-05
4.78027e-06
4.30821e-05
1.17305e-05
4.04356e-05
1.88911e-05
4.69691e-05
2.55423e-05
7.0939e-05
3.26287e-05
0.000113582
4.18756e-05
0.000174921
5.26934e-05
0.000245334
4.39532e-05
0.000250951
1.14027e-06
0.000105807
-5.34215e-05
-8.31663e-05
-8.52746e-05
-0.000236871
-9.24933e-05
-0.000343415
-6.69425e-05
-0.000405885
-2.19692e-05
-0.000403611
-0.000226111
-9.68765e-06
3.89484e-05
-6.12177e-06
4.10262e-05
-1.31e-06
4.19788e-05
5.25608e-06
3.98929e-05
1.43444e-05
3.39938e-05
2.52503e-05
2.95298e-05
3.51097e-05
3.71098e-05
4.3083e-05
6.29657e-05
5.1774e-05
0.000104891
6.4998e-05
0.000161697
8.2564e-05
0.000227768
8.75621e-05
0.000245953
5.95675e-05
0.000133801
2.20088e-05
-4.56075e-05
-7.25852e-08
-0.00021479
-1.15269e-05
-0.000331961
-2.88682e-05
-0.000388543
-4.11991e-06
-0.000428359
-0.000230231
-6.93258e-06
3.64505e-05
-3.34054e-06
3.74341e-05
1.71999e-06
3.69183e-05
9.47905e-06
3.21339e-05
2.16901e-05
2.17828e-05
3.66194e-05
1.46005e-05
4.8834e-05
2.4895e-05
5.75978e-05
5.42018e-05
6.62942e-05
9.61944e-05
8.03961e-05
0.000147596
0.000101316
0.000206848
0.000117416
0.000229852
0.000106852
0.000144366
7.6337e-05
-1.50931e-05
5.74539e-05
-0.000195907
4.83521e-05
-0.000322859
1.86231e-05
-0.000358814
1.31632e-05
-0.0004229
-0.000217068
-5.0617e-06
3.41115e-05
-1.78919e-06
3.41616e-05
2.95445e-06
3.21747e-05
1.10037e-05
2.40846e-05
2.44396e-05
8.34698e-06
4.0178e-05
-1.13795e-06
5.23834e-05
1.26896e-05
6.15346e-05
4.50506e-05
7.05461e-05
8.71828e-05
8.36045e-05
0.000134537
0.000103727
0.000186726
0.00012536
0.000208219
0.000125711
0.000144016
0.000106804
3.81393e-06
9.25889e-05
-0.000181692
7.45998e-05
-0.00030487
5.399e-05
-0.000338204
1.84639e-05
-0.000387373
-0.000198604
-3.89891e-06
3.21683e-05
-1.29677e-06
3.15595e-05
2.35048e-06
2.85275e-05
8.68057e-06
1.77546e-05
1.85648e-05
-1.53732e-06
2.94453e-05
-1.20184e-05
3.89788e-05
3.156e-06
4.86963e-05
3.53331e-05
5.90858e-05
7.67933e-05
7.11166e-05
0.000122506
8.86703e-05
0.000169173
0.000110182
0.000186707
0.000117162
0.000137036
0.000113994
6.98189e-06
0.000101905
-0.000169603
8.11383e-05
-0.000284104
5.88963e-05
-0.000315962
2.37422e-05
-0.000352219
-0.000174862
-3.00163e-06
3.07351e-05
-1.28167e-06
2.98395e-05
5.40894e-07
2.67049e-05
2.64274e-06
1.56527e-05
5.12915e-06
-4.02374e-06
8.60399e-06
-1.54933e-05
1.35683e-05
-1.80839e-06
2.15438e-05
2.73575e-05
3.19049e-05
6.64322e-05
4.34795e-05
0.000110932
5.95243e-05
0.000153128
7.91141e-05
0.000167118
9.32877e-05
0.000122862
0.000105821
-5.55108e-06
9.28263e-05
-0.000156608
7.47388e-05
-0.000266016
5.25146e-05
-0.000293738
2.41105e-05
-0.000323815
-0.000150751
-1.84701e-06
2.97504e-05
-9.17737e-07
2.89102e-05
-9.88728e-07
2.67758e-05
-3.88807e-06
1.85521e-05
-8.41775e-06
5.05925e-07
-1.19089e-05
-1.20022e-05
-1.32989e-05
-4.18394e-07
-1.08309e-05
2.48894e-05
-3.58965e-06
5.9191e-05
7.13546e-06
0.000100207
2.37117e-05
0.000136552
4.34883e-05
0.000147341
7.04654e-05
9.5885e-05
9.52784e-05
-3.0364e-05
8.96665e-05
-0.000150996
7.52103e-05
-0.00025156
5.20895e-05
-0.000270617
2.38991e-05
-0.000295625
-0.000126852
-1.21525e-07
2.89365e-05
5.04043e-07
2.82846e-05
-5.64324e-08
2.73363e-05
-4.80915e-06
2.33048e-05
-1.48628e-05
1.05596e-05
-2.48663e-05
-1.99879e-06
-3.07238e-05
5.43905e-06
-3.48562e-05
2.90218e-05
-3.33467e-05
5.76815e-05
-2.40705e-05
9.09304e-05
-6.31475e-06
0.000118796
2.00768e-05
0.000120949
5.98298e-05
5.6132e-05
8.45809e-05
-5.51151e-05
8.971e-05
-0.000156125
7.6831e-05
-0.000238681
5.03441e-05
-0.00024413
2.30458e-05
-0.000268327
-0.000103806
1.87409e-06
2.79744e-05
2.66068e-06
2.7498e-05
2.74232e-06
2.72546e-05
-3.08701e-07
2.63557e-05
-1.05132e-05
2.0764e-05
-2.38365e-05
1.13246e-05
-3.17241e-05
1.33266e-05
-3.64623e-05
3.376e-05
-3.82358e-05
5.94551e-05
-3.02985e-05
8.2993e-05
-1.00569e-05
9.85545e-05
2.80135e-05
8.28789e-05
7.08547e-05
1.32908e-05
8.67934e-05
-7.10538e-05
9.20573e-05
-0.000161389
8.01381e-05
-0.000226762
4.97801e-05
-0.000213772
1.85363e-05
-0.000237083
-8.527e-05
3.42892e-06
2.67054e-05
4.60825e-06
2.63186e-05
5.47828e-06
2.63846e-05
5.38051e-06
2.64535e-05
1.96785e-07
2.59478e-05
-1.05135e-05
2.20349e-05
-1.79575e-05
2.07706e-05
-1.73113e-05
3.31139e-05
-1.29894e-05
5.51332e-05
-2.49814e-06
7.25017e-05
2.09965e-05
7.50598e-05
5.82224e-05
4.56531e-05
8.6565e-05
-1.50517e-05
9.05559e-05
-7.50448e-05
8.86296e-05
-0.000159463
8.32104e-05
-0.000221343
5.87419e-05
-0.000189304
2.3895e-05
-0.000202236
-6.1375e-05
3.96008e-06
2.52415e-05
5.47735e-06
2.48013e-05
6.99846e-06
2.48635e-05
8.81981e-06
2.46322e-05
9.32401e-06
2.54436e-05
5.91563e-06
2.54434e-05
2.52027e-06
2.4166e-05
6.79761e-06
2.88366e-05
1.96753e-05
4.22555e-05
3.75836e-05
5.45935e-05
6.14598e-05
5.11836e-05
8.56038e-05
2.15091e-05
9.39762e-05
-2.3424e-05
9.20861e-05
-7.31546e-05
8.95387e-05
-0.000156916
7.85065e-05
-0.00021031
5.99945e-05
-0.000170792
2.40843e-05
-0.000166326
-3.72907e-05
3.52683e-06
2.37913e-05
5.09513e-06
2.3233e-05
6.93533e-06
2.30232e-05
9.25992e-06
2.23077e-05
1.22393e-05
2.24644e-05
1.45057e-05
2.3177e-05
1.67184e-05
2.19534e-05
2.39426e-05
2.16125e-05
3.89785e-05
2.72197e-05
5.87179e-05
3.48542e-05
7.87523e-05
3.11492e-05
9.04482e-05
9.81317e-06
9.02844e-05
-2.32601e-05
9.17143e-05
-7.45845e-05
8.53975e-05
-0.000150599
7.1179e-05
-0.000196092
5.13593e-05
-0.000150972
2.10002e-05
-0.000135966
-1.62904e-05
2.67785e-06
2.25124e-05
4.09686e-06
2.1814e-05
5.92772e-06
2.11924e-05
8.02116e-06
2.02142e-05
1.12632e-05
1.92223e-05
1.52035e-05
1.92368e-05
2.01262e-05
1.70307e-05
2.91551e-05
1.25836e-05
4.31535e-05
1.32214e-05
5.99501e-05
1.80575e-05
7.43822e-05
1.67172e-05
8.11563e-05
3.03905e-06
8.39811e-05
-2.6085e-05
8.75833e-05
-7.81866e-05
7.55566e-05
-0.000138572
6.25861e-05
-0.000183121
4.51237e-05
-0.00013351
1.68402e-05
-0.000107683
5.49763e-07
1.91691e-06
2.14242e-05
3.13158e-06
2.05993e-05
4.7607e-06
1.95632e-05
6.54731e-06
1.84275e-05
9.32094e-06
1.64487e-05
1.31732e-05
1.53845e-05
1.78531e-05
1.23508e-05
2.55434e-05
4.89337e-06
3.78154e-05
9.49263e-07
5.35986e-05
2.2744e-06
6.74957e-05
2.82011e-06
7.46814e-05
-4.14663e-06
8.10942e-05
-3.24978e-05
8.33721e-05
-8.04646e-05
6.87464e-05
-0.000123946
6.15188e-05
-0.000175893
4.32232e-05
-0.000115214
-1.51382e-06
-6.29458e-05
-9.64074e-07
1.31442e-06
2.05566e-05
2.3309e-06
1.95828e-05
3.6738e-06
1.82203e-05
5.3141e-06
1.67872e-05
7.52894e-06
1.42338e-05
1.10164e-05
1.1897e-05
1.50665e-05
8.30069e-06
1.99509e-05
9.0553e-09
2.85522e-05
-7.65203e-06
4.22264e-05
-1.13998e-05
5.61224e-05
-1.10759e-05
6.60116e-05
-1.40358e-05
7.29893e-05
-3.94755e-05
7.29322e-05
-8.04074e-05
6.41602e-05
-0.000115174
6.10468e-05
-0.00017278
3.58912e-05
-9.00585e-05
1.75817e-05
-4.46363e-05
1.66176e-05
7.7738e-07
1.99233e-05
1.55398e-06
1.88061e-05
2.53675e-06
1.72374e-05
3.90105e-06
1.54229e-05
5.52583e-06
1.2609e-05
8.01928e-06
9.40359e-06
1.11087e-05
5.21124e-06
1.3502e-05
-2.38415e-06
1.64766e-05
-1.06266e-05
2.30323e-05
-1.79554e-05
3.36618e-05
-2.17054e-05
4.54493e-05
-2.58233e-05
5.43898e-05
-4.84159e-05
5.40434e-05
-8.00611e-05
5.16803e-05
-0.000112811
3.53636e-05
-0.000156463
-1.82053e-05
-3.64897e-05
-2.18036e-06
-6.06612e-05
1.44372e-05
3.37204e-07
1.95323e-05
8.28498e-07
1.83147e-05
1.4482e-06
1.66177e-05
2.30262e-06
1.45685e-05
3.25365e-06
1.1658e-05
4.52721e-06
8.13003e-06
6.23128e-06
3.50717e-06
7.38878e-06
-3.54166e-06
8.19181e-06
-1.14296e-05
1.01856e-05
-1.99491e-05
1.63443e-05
-2.78642e-05
2.52816e-05
-3.47605e-05
3.27901e-05
-5.59245e-05
3.31306e-05
-8.04016e-05
3.43211e-05
-0.000114002
-1.42728e-05
-0.00010787
4.51121e-05
-9.58746e-05
0.000151937
-0.000167486
0.000166374
7.25248e-08
2.52916e-07
4.71563e-07
7.60162e-07
1.07933e-06
1.4852e-06
1.99207e-06
2.3715e-06
2.68317e-06
3.11829e-06
4.89414e-06
8.19885e-06
1.13479e-05
1.5025e-05
2.27258e-05
3.77898e-05
0.000144755
0.000343324
)
;

boundaryField
{
    leftWall
    {
        type            calculated;
        value           uniform 0;
    }
    rightWall
    {
        type            calculated;
        value           uniform 0;
    }
    lowerWall
    {
        type            calculated;
        value           uniform 0;
    }
    atmosphere
    {
        type            calculated;
        value           nonuniform List<scalar> 
46
(
1.8297e-05
1.70723e-05
1.74186e-05
1.71419e-05
1.7285e-05
1.72952e-05
1.74114e-05
1.75445e-05
1.77183e-05
1.79165e-05
1.81417e-05
1.83802e-05
1.86329e-05
1.88866e-05
1.91271e-05
1.93536e-05
1.95496e-05
1.97065e-05
1.98071e-05
1.98399e-05
1.97874e-05
1.96304e-05
1.93559e-05
8.9983e-06
8.87583e-06
8.73248e-06
8.566e-06
1.93892e-05
1.81343e-05
1.6399e-05
1.42798e-05
1.13388e-05
7.72415e-06
3.00033e-06
-3.92108e-06
-1.17412e-05
-2.03842e-05
-2.964e-05
-3.80652e-05
-5.90735e-05
-8.40787e-05
-0.000121702
-0.000122934
-0.000202839
-0.000366056
0.000509699
)
;
    }
    defaultFaces
    {
        type            empty;
        value           nonuniform 0();
    }
}


// ************************************************************************* //
