/*--------------------------------*- C++ -*----------------------------------*\
| =========                 |                                                 |
| \\      /  F ield         | OpenFOAM: The Open Source CFD Toolbox           |
|  \\    /   O peration     | Version:  2.3.0                                 |
|   \\  /    A nd           | Web:      www.OpenFOAM.org                      |
|    \\/     M anipulation  |                                                 |
\*---------------------------------------------------------------------------*/
FoamFile
{
    version     2.0;
    format      ascii;
    class       volScalarField;
    location    "4.30002";
    object      p;
}
// * * * * * * * * * * * * * * * * * * * * * * * * * * * * * * * * * * * * * //

dimensions      [1 -1 -2 0 0 0 0];

internalField   nonuniform List<scalar> 
10000
(
100101
100076
100041
100019
100004
100001
100001
100000
100000
100000
100000
100000
100000
100001
100002
100005
100021
100062
100085
100114
100009
100005
99994.4
99997.4
99999.9
100000
99999.9
100000
100000
100000
100001
100000
100000
100000
100001
100002
99999.1
100004
100008
100010
100001
100001
100002
99998.8
100000
100000
100000
100000
100000
100000
99999.9
100000
100000
99999.9
100000
100001
100003
100003
99974.1
100000
99999.7
99999.9
100008
100001
100000
100000
100000
100000
100000
100000
100000
100000
100000
100000
100000
99999.9
99999.8
99999
99972.8
99998.3
99979.9
99999.5
99998.3
100003
100000
100000
100000
100000
100000
100000
100000
100000
100000
100000
100000
99999.7
99999.6
99981.3
100009
99974.4
99978.3
99999.2
100006
100002
100000
100000
100000
100000
100000
100000
100000
100000
100000
100000
100000
99999.9
99999.7
99983.6
100041
99979.1
99998.8
99998.8
100005
99998.1
99999.9
100000
100000
100000
100000
100000
100000
100000
100000
100000
100000
100000
99999.8
100007
100035
100020
100004
99981.8
99989.5
99996.4
99999.7
99999.9
100000
100000
100000
100000
100000
100000
100000
100000
100000
100000
99997.2
100024
100001
100028
100015
99983.3
99999.7
100003
99999.8
100000
100000
100000
100000
100000
100000
100000
100000
100000
100000
99999.9
99995.9
100019
100000
100017
100020
100007
100012
100004
99999.9
99999.7
99999.5
99999.6
99999.5
99999.4
99999.5
99999.5
99999.6
99999.7
99999.8
99999.8
99998.5
99999.9
100000
99999.9
100010
100017
100000
100000
100000
100000
100001
100000
100001
100001
100001
100001
100001
100001
100001
100000
99998.8
99999.6
100000
99999.8
99999.3
100012
99999.1
100000
100000
100000
100001
100000
100000
100000
100000
100000
100000
100000
99999.9
100000
99999.2
99999.9
100000
99999.8
99999.4
99999
99984.6
99996.4
99999.8
100000
100000
100000
99999.7
99999.7
99999.8
99999.7
99999.7
99999.7
99999.7
99999.6
99999.2
100001
100000
99999.6
99999.6
99982.7
99992.3
99994.9
99999.6
99999.8
99999.7
99999.8
99999.9
99999.8
99999.8
99999.9
99999.9
99999.9
99999.9
99999.5
99999.6
100001
100000
99999.9
99998.5
99982.9
100018
100003
99999.7
100000
99999.9
99999.9
100000
100000
99999.9
99999.8
99999.8
99999.8
100000
99999.9
99999.5
99999.9
100000
99999.7
99984.9
100001
100012
100004
99999.8
99999.9
99999.8
99999.9
100000
100000
99999.9
99999.8
100000
100000
100000
99999.9
99999.2
100000
100000
99998.9
99984.3
99999.8
100000
99992.6
99999.9
100000
100000
100000
99999.8
99999.8
100000
100000
100000
100001
100000
100000
99999.3
100000
100000
99979
100001
99999.4
100000
99995.7
100000
100000
100001
100001
100000
99999.9
100000
100001
100001
100001
100000
100001
99999.9
100000
100000
99991.6
99997.4
100001
100000
100007
100000
100001
100001
100001
100001
100001
100000
100001
100001
100002
100001
100001
100001
100000
100000
100024
100003
100001
100000
100002
100000
100000
100000
100000
100000
100000
100000
100000
100000
100000
100000
100000
100000
100000
100000
100010
100200
100159
100091
100040
100006
100001
100001
100000
100000
100000
100000
100000
100000
100001
100002
100008
100049
100130
100187
100232
100021
100012
99992.2
99999.9
100000
100002
99999.8
100000
100000
100000
100001
100000
100000
100000
100001
100005
99997.9
100011
100021
100024
100003
100004
100002
100000
100000
100000
100000
99999.9
99999.9
100000
99999.8
100000
100000
99999.8
100000
100001
100004
100007
99953
100002
100001
100001
100012
100002
100000
100000
100000
100000
100000
100000
100000
100000
100000
100000
100000
99999.8
100000
99998.3
99947.4
99998.7
99966.2
99999.8
99994.6
100002
100000
100000
100000
100000
100000
100000
100000
100000
100000
100000
100000
99999.3
99999.7
99966.7
100014
99956.2
99963.7
99999.3
100014
100003
100001
100000
100000
100000
100000
100000
100000
100000
100000
100000
100000
99999.7
99999.9
99967.8
100069
99959.9
99998.9
99998.3
100013
99997
100000
100000
100000
100000
100000
100000
100000
100000
100000
100000
100000
100000
100000
100010
100052
100032
100006
99968.6
99983
99994.2
99999.3
99999.9
100000
100000
100000
100000
100000
100000
100000
100000
100000
100000
99996.1
100041
100000
100041
100024
99970.4
99998.6
100003
100000
100000
100001
100000
100000
100000
100000
100000
100000
100001
100000
100000
99993.9
100028
100001
100026
100031
100013
100019
100006
99999.9
99999.7
99999.3
99999.4
99999.3
99999.2
99999.3
99999.3
99999.4
99999.5
99999.7
99999.7
99996.6
99999.6
100000
99999.9
100016
100027
100001
100000
100000
100000
100001
100000
100001
100001
100001
100001
100001
100001
100001
100000
99997.2
99998.7
100000
100000
99998.5
100019
99999.2
100000
100000
100000
100001
100000
100000
100000
100000
100000
100000
100000
99999.9
100000
99998.5
99999.6
100001
99999.8
99999.4
99998.1
99974.8
99994.2
99999.7
99999.9
99999.9
100000
99999.7
99999.6
99999.8
99999.7
99999.7
99999.6
99999.6
99999.6
99998.9
100002
100001
99999.7
99999.7
99969.9
99985.2
99992
99999.8
99999.8
99999.7
99999.8
99999.8
99999.8
99999.7
99999.8
99999.8
99999.8
99999.8
99999.6
99999.9
100002
100001
100000
99998.6
99971.7
100026
100005
99999.6
99999.9
99999.8
99999.9
100000
100000
99999.8
99999.7
99999.7
99999.7
100000
99999.9
100000
99999.7
100001
99999.8
99976.2
100006
100018
100007
99999.7
99999.9
99999.7
99999.8
100000
100000
99999.8
99999.7
100000
100000
100000
99999.8
100000
99999.8
100001
99998.7
99978.7
100005
100001
99987.9
100000
100000
100000
100000
99999.7
99999.7
100000
100000
100001
100001
100000
100000
100000
99999.9
100001
99963.6
100009
100008
100001
99994.9
100000
100000
100001
100001
100000
99999.9
100000
100001
100001
100001
100000
100000
100001
100000
100001
99988.9
100007
100007
100001
100011
100000
100001
100001
100001
100001
100001
100000
100001
100001
100001
100001
100000
100002
100000
100001
100036
100006
100003
100000
100003
100000
100000
100000
100000
100000
100000
100000
100000
100000
100000
100000
100000
100001
100000
100000
100013
100269
100225
100135
100059
100007
100002
100002
100000
100000
100000
100000
100000
100000
100001
100002
100009
100078
100185
100272
100318
100033
100019
99996.8
100001
100001
100003
99999.7
100001
100001
100000
100002
100000
100000
100000
100001
100008
99997.1
100017
100033
100036
100004
100007
100001
100001
100000
100000
100000
99999.8
99999.8
100000
99999.8
100000
100000
99999.8
100000
100002
100003
100010
99960.5
100003
100003
100001
100011
100002
100000
100000
100000
99999.9
100000
100000
100000
100000
100000
100000
100000
99999.6
100000
99997.6
99951.1
99999.5
99968.3
100000
99991
100003
100001
100000
100000
100000
100000
100000
100000
100000
99999.9
99999.9
100000
99998.9
99999.9
99971.3
100011
99962.5
99967.9
99999.3
100021
100003
100001
100000
100000
100000
100000
100000
100000
100000
100000
100000
100000
99999.6
100000
99969.7
100057
99961.7
99999.6
99998
100022
99997.7
100000
100000
100000
100000
100000
100000
100000
100000
100000
100000
100000
100000
100001
100009
100041
100027
100005
99971.7
99985.3
99994.2
99999.1
99999.9
100000
100000
100000
100000
100000
100000
100000
100000
99999.9
100001
99996.6
100036
100000
100030
100022
99973.9
99997.4
100002
100000
100001
100001
100001
100001
100001
100001
100001
100001
100001
100001
100001
99995
100024
100002
100022
100026
100012
100016
100005
99999.9
99999.7
99999.3
99999.4
99999.3
99999.2
99999.3
99999.3
99999.3
99999.4
99999.7
99999.6
99996.2
99999.2
100000
99999.6
100014
100023
100002
100000
100000
100000
100000
100000
100001
100001
100000
100001
100001
100001
100000
100000
99996.7
99997.6
100000
100000
99997.7
100016
99999
100000
100000
100000
100001
100000
100000
100000
100000
100000
100000
100000
99999.9
100000
99998.5
99999.3
100001
100000
99999.7
99997.3
99977.7
99994.9
99999.7
99999.9
100000
99999.9
99999.7
99999.7
99999.8
99999.7
99999.7
99999.7
99999.7
99999.7
99999.1
100003
100001
99999.8
100000
99972.2
99985.7
99993.1
99999.7
99999.8
99999.7
99999.8
99999.8
99999.8
99999.7
99999.8
99999.8
99999.8
99999.8
99999.6
100000
100003
100001
100001
99999.2
99975.8
100021
100004
99999.7
99999.9
99999.8
99999.9
100000
100000
99999.8
99999.8
99999.7
99999.7
100000
99999.8
100001
99999.6
100001
100000
99978.4
100007
100016
100006
99999.8
99999.9
99999.7
99999.9
100000
100000
99999.9
99999.7
100000
100000
100000
99999.8
100001
99999.6
100001
99999
99984.5
100008
100002
99989.6
100000
100000
100000
100000
99999.7
99999.7
100000
100000
100001
100001
100000
100000
100001
100000
100001
99968.6
100012
100012
100002
99997
100000
100000
100000
100000
100000
99999.9
100000
100000
100000
100000
100000
100000
100002
100001
100001
99993.4
100013
100010
100001
100009
100000
100000
100000
100001
100001
100000
100000
100000
100000
100000
100000
100000
100002
100001
100001
100033
100007
100004
100001
100003
100000
100000
100000
100000
100000
100000
100000
100000
100000
100000
100000
100000
100001
100001
100001
100011
100330
100281
100174
100077
100008
100002
100002
100000
100000
100000
100000
100000
100000
100001
100002
100010
100103
100234
100347
100394
100044
100024
100002
100001
100001
100004
99999.6
100001
100001
100000
100002
100000
100000
100000
100001
100010
99996.2
100023
100044
100047
100005
100010
99999.6
100002
100000
100000
100000
99999.8
99999.8
100000
99999.7
100000
100000
99999.7
100000
100002
100003
100014
99967.6
100004
100004
100002
100010
100002
100000
100000
99999.9
99999.9
100000
100000
100000
100000
100000
100000
100001
99999.5
100000
99996.8
99956.8
99999.9
99969
100001
99987.6
100003
100001
100000
100000
99999.9
100000
100000
100000
100000
99999.9
99999.9
100000
99998.6
99999.9
99971.9
100009
99968.9
99970.8
99999.3
100029
100004
100001
100000
100000
99999.9
100000
100000
100000
100000
100000
100000
100000
99999.4
100001
99971.3
100046
99963.9
100000
99997.6
100030
99998.4
100000
100000
100000
100000
100000
100000
100000
100000
100000
100000
100000
100000
100001
100007
100035
100023
100004
99973.3
99987.7
99993.8
99998.8
99999.9
100000
99999.9
100000
100000
100000
100000
100000
100000
99999.9
100001
99997
100032
99999.9
100024
100020
99976.6
99996.7
100002
100001
100001
100002
100001
100001
100001
100001
100001
100002
100002
100002
100002
99994.9
100022
100003
100021
100023
100012
100014
100005
99999.8
99999.6
99999.2
99999.3
99999.2
99999.2
99999.3
99999.2
99999.2
99999.3
99999.6
99999.4
99996
99998.8
100000
99998.8
100013
100021
100003
100001
100000
100000
100000
100000
100000
100000
100000
100000
100000
100000
100000
100000
99996.3
99996.5
100001
100001
99996.7
100015
99998.6
100001
99999.9
100000
100000
100000
100000
100000
100000
100000
100000
100000
100000
100000
99998.4
99999.1
100001
100000
99999.8
99996
99979.5
99995.3
99999.6
99999.8
99999.9
99999.8
99999.7
99999.7
99999.8
99999.7
99999.7
99999.7
99999.7
99999.7
99999.1
100004
100002
99999.9
100000
99974
99985.8
99992.9
99999.7
99999.7
99999.7
99999.8
99999.8
99999.8
99999.8
99999.9
99999.9
99999.9
99999.8
99999.6
100000
100004
100001
100001
99999.4
99979.2
100019
100003
99999.8
100000
99999.8
99999.9
100000
100000
99999.9
99999.8
99999.8
99999.8
100000
99999.8
100001
99999.5
100002
100000
99980.4
100008
100015
100005
99999.9
99999.9
99999.8
99999.9
100000
100000
99999.9
99999.8
100000
100000
100000
99999.8
100001
99999.4
100002
99999
99988.4
100011
100002
99991.2
100000
100000
100000
100000
99999.7
99999.7
100000
100000
100000
100000
100000
100000
100001
100000
100002
99972.2
100015
100015
100002
99997.8
100000
100000
100000
100000
99999.9
99999.9
100000
100000
100000
100000
100000
100000
100003
100001
100002
99995.9
100015
100011
100002
100009
100000
100000
100000
100000
100000
100000
100000
100000
99999.9
99999.9
99999.9
99999.8
100003
100001
100002
100032
100008
100004
100001
100003
100000
99999.8
100000
99999.9
99999.8
99999.7
99999.7
99999.9
100000
100000
100000
99999.9
100001
100001
100001
100012
100383
100327
100209
100093
100008
100003
100003
100000
100000
100000
100000
100000
100001
100001
100003
100011
100125
100276
100412
100462
100053
100030
100008
100001
100002
100005
99999.5
100001
100001
100000
100002
100000
100000
100000
100001
100013
99995.3
100029
100054
100058
100006
100012
99998.2
100002
100000
100001
100000
99999.7
99999.7
100000
99999.6
100000
99999.9
99999.7
100000
100002
100003
100017
99971.8
100005
100005
100002
100009
100002
100000
100000
99999.9
99999.9
100000
100000
100000
100000
100000
100000
100001
99999.3
99999.8
99996.7
99961.2
100000
99968.6
100001
99985.1
100003
100001
100000
100000
99999.9
100000
100000
100000
100000
99999.9
99999.9
100000
99998.3
99999.9
99971.9
100008
99973.3
99972.3
99999.2
100036
100004
100002
100000
100000
99999.9
100000
100000
100000
100000
99999.9
100000
99999.9
99999.3
100001
99971.9
100038
99965.2
100001
99997.1
100038
99998.8
100000
100000
100000
100000
100000
100000
100000
100000
100000
100000
100000
100000
100001
100007
100030
100020
100004
99974
99989.6
99993.7
99998.6
99999.8
100000
99999.9
100000
100000
100000
100000
99999.9
100000
99999.9
100001
99997.4
100030
99999.3
100021
100019
99977.9
99996.2
100001
100000
100001
100002
100001
100002
100002
100001
100002
100002
100002
100002
100002
99995.1
100021
100003
100018
100022
100012
100013
100005
99999.7
99999.5
99999.2
99999.2
99999.2
99999.2
99999.2
99999.2
99999.2
99999.2
99999.5
99999.2
99995.9
99998.3
100001
99998.1
100012
100019
100003
100001
100000
100000
100000
100000
100000
100000
100000
100000
100000
100000
100000
100000
99996
99995.3
100001
100001
99995.8
100014
99998.5
100001
99999.9
99999.9
100000
99999.9
99999.9
99999.9
99999.8
99999.9
99999.9
99999.9
99999.9
100000
99998.4
99998.9
100002
100000
99999.8
99994.4
99980.7
99995.5
99999.6
99999.7
99999.8
99999.7
99999.7
99999.6
99999.7
99999.7
99999.7
99999.7
99999.6
99999.7
99999
100005
100002
100000
100000
99975
99985.8
99993
99999.8
99999.7
99999.7
99999.7
99999.9
99999.9
99999.8
99999.9
99999.9
99999.9
99999.9
99999.6
100000
100005
100002
100002
99999.6
99981.3
100018
100002
99999.9
100000
99999.9
100000
100000
100000
100000
99999.9
99999.8
99999.8
100000
99999.8
100001
99999.5
100002
100001
99982.2
100009
100014
100005
100000
100000
99999.8
100000
100000
100000
100000
99999.9
100000
100000
100000
99999.8
100002
99999.1
100003
99998.9
99991.2
100013
100003
99992.2
99999.9
100000
100000
100000
99999.7
99999.7
100000
100000
100000
100000
100000
100000
100001
100000
100003
99974.2
100017
100016
100003
99997.7
100000
100000
100000
100000
99999.9
99999.8
100000
100000
99999.8
99999.8
99999.8
100000
100003
100001
100003
99998.1
100016
100012
100002
100008
100000
99999.9
99999.4
99999.7
100000
100000
99999.9
99999.5
99999.4
99999.4
99999.4
99999.5
100003
100001
100002
100031
100008
100004
100001
100002
99999.7
99999.4
99999.6
99999.6
99999.4
99999.4
99999.4
99999.5
99999.6
99999.6
99999.6
99999.6
100001
100001
100001
100011
100428
100363
100239
100107
100008
100004
100003
100000
100000
100000
100000
100000
100001
100001
100003
100012
100144
100312
100467
100518
100062
100034
100013
100002
100002
100006
99999.4
100001
100001
100000
100002
100000
100000
100000
100001
100015
99994.4
100035
100065
100067
100007
100015
99996.9
100002
100000
100001
100000
99999.7
99999.7
100000
99999.6
100000
99999.9
99999.7
100000
100003
100003
100019
99975.3
100006
100006
100003
100008
100002
100000
100000
99999.9
99999.9
100000
100000
100000
100000
99999.9
100000
100001
99999.1
99999.6
99997.2
99964.9
100000
99968.2
100002
99984.3
100003
100001
100000
100000
99999.9
100000
100000
100000
100000
99999.9
99999.9
100000
99998
99999.9
99972
100006
99976.4
99973.7
99999.3
100042
100004
100002
100000
100000
99999.9
100000
100000
100000
100000
99999.9
100000
100000
99999.2
100001
99972.6
100032
99967.5
100001
99996.7
100045
99999
100000
100000
100000
100000
100000
100000
100000
100000
100000
100000
100000
100000
100002
100006
100024
100018
100004
99974.5
99991.6
99993.7
99998.5
99999.8
99999.9
99999.9
99999.9
100000
100000
99999.9
99999.9
100000
99999.9
100001
99997.7
100029
99998.2
100018
100018
99978.8
99995.9
100001
99999.8
100001
100002
100001
100001
100001
100001
100001
100002
100002
100002
100001
99995.4
100020
100003
100014
100020
100013
100012
100004
100019
100000
99999.9
100000
100000
100000
100000
100000
100000
100000
100000
100000
99995.9
99997.6
100001
99998.3
100010
100018
100003
100001
100027
100000
100000
100000
100000
100000
100000
100000
100000
100000
100000
100018
99995.8
99994.2
100001
100002
99995.1
100013
99998.8
100001
100013
100000
99999.6
100000
99999.4
99999.5
100000
99999.5
99999.5
99999.5
99999.6
99999.9
99998.4
99998.6
100002
100000
99999.7
99992.8
99981.7
99995.8
99980.3
100000
99999.6
100000
99999.6
99999.6
100000
99999.6
99999.6
99999.6
99999.7
99999.7
99999
100007
100003
100000
100000
99976.1
99986.4
99993.2
100003
100000
99999.7
100000
100000
100000
100000
100000
100000
100000
100000
99999.7
100000
100005
100002
100002
100000
99983
100017
100002
100081
100000
100000
100000
100000
100000
100000
100000
100000
100000
100000
99999.9
100001
99999.7
100003
100002
99983.9
100011
100012
100004
100067
100000
100000
100000
100000
100000
100000
100000
100000
100000
100000
99999.9
100002
99998.8
100003
99999
99993.6
100014
100004
99992.9
99976.9
100000
100000
100000
99999.6
99999.6
100000
100000
100000
100000
100000
100000
100001
100000
100004
99976
100018
100017
100004
99997.6
99900.1
100000
100000
100000
100000
100000
100000
100000
99999.9
99999.9
100000
100001
100003
100002
100003
100001
100016
100012
100002
100008
99932.8
100000
100000
100000
100000
100000
100000
100000
100000
100000
100000
99966.7
100003
100002
100003
100030
100008
100004
100001
100002
99996.9
100018
100018
100018
100018
100018
100018
100018
100018
100018
100018
99989.9
100001
100001
100001
100011
100464
100390
100264
100118
100008
100005
100003
100000
100000
100000
100000
100000
100001
100001
100003
100012
100159
100341
100513
100565
100070
100039
100018
100002
100003
100006
99999.3
100001
100001
100000
100002
100000
100000
100000
100001
100017
99993.6
100040
100075
100075
100009
100018
99995.8
100003
100000
100001
100000
99999.7
99999.7
100000
99999.5
100000
99999.9
99999.7
100001
100003
100003
100021
99978.8
100007
100007
100004
100005
100002
100000
100000
99999.9
99999.9
100000
100000
100000
100000
99999.9
100000
100001
99999
99999.4
99997.9
99968.3
100001
99968.1
100002
99985.6
100004
100001
100000
100000
99999.9
100000
100000
100000
100000
99999.9
99999.8
100000
99997.8
99999.8
99972.3
100005
99979
99975.2
99999.6
100047
100004
100002
100000
100000
99999.9
100000
100000
100000
100000
99999.9
99999.9
99999.9
99999.2
100002
99973.5
100028
99970.7
100002
99996.5
100052
99999.2
100000
100000
100000
100000
100000
100000
100000
100000
100000
100000
100000
100000
100002
100006
100019
100016
100004
99975.1
99993.7
99993.7
99998.3
99999.7
99999.9
99999.8
99999.9
99999.9
99999.9
99999.9
99999.9
100000
99999.8
100001
99998.1
100028
99996.4
100014
100018
99979.9
99995.4
100000
99999.3
100001
100001
100001
100001
100001
100001
100001
100001
100001
100001
100001
99995.6
100018
100003
100008
100019
100013
100012
100004
100017
100000
100000
100000
100000
100000
100000
100000
100000
100000
100000
100020
99995.9
99996.8
100001
99999.2
100008
100017
100002
100001
100018
100000
100000
100000
100000
100000
100000
100000
100000
100000
100000
100006
99995.7
99993.1
100001
100002
99994.6
100011
99999.4
100001
100008
100000
100000
100000
100000
100000
100000
100000
100000
100000
100000
100019
99998.3
99998.3
100003
100001
99999.5
99991.5
99982.7
99996.2
99982
100000
100000
100000
100000
100000
100000
100000
100000
100000
100000
100032
99998.9
100008
100004
100000
100000
99977.8
99987.2
99993.4
99995.2
100000
100000
100000
100000
100000
100000
100000
100000
100000
100000
100019
100000
100006
100002
100003
100000
99984.6
100015
100001
100046
100000
100000
100000
100000
100000
100000
100000
100000
100000
100000
100004
100001
99999.8
100004
100003
99985.6
100012
100011
100004
100034
100000
100000
100000
100000
100000
100000
100000
100000
100000
100000
99986.3
100002
99998.5
100004
99999.2
99995.9
100014
100004
99993.6
99992
100000
100000
100000
100000
100000
100000
100000
100000
100000
100000
99970.2
100002
100000
100005
99978.8
100018
100016
100004
99997.8
99958.5
100000
100000
100000
100000
100000
100000
100000
100000
100000
100000
99952.9
100003
100002
100004
100002
100016
100012
100002
100007
99973.6
100000
100000
100000
100000
100000
100000
100000
100000
100000
100000
99990.2
100003
100002
100003
100028
100007
100004
100001
100002
99993.4
100018
100018
100018
100018
100018
100018
100018
100018
100018
100018
99991.3
100001
100001
100002
100010
100492
100409
100285
100128
100008
100006
100003
100000
100000
100000
100000
100000
100001
100001
100003
100013
100172
100365
100549
100601
100076
100042
100023
100003
100004
100006
99999.2
100001
100001
100000
100002
100000
100000
100000
100001
100018
99993
100044
100085
100081
100012
100021
99994.7
100003
100000
100001
100000
99999.6
99999.6
100000
99999.5
100000
99999.9
99999.7
100001
100003
100003
100023
99982
100008
100006
100006
100002
100001
100001
100000
99999.9
99999.9
100000
100000
100000
100000
99999.9
100000
100001
99998.8
99999
99998.6
99972
100001
99968.1
100001
99988.5
100004
100002
100000
100000
99999.9
100000
100000
100000
100000
99999.9
99999.8
100000
99997.7
99999.8
99973
100004
99981.9
99976.8
100000
100051
100004
100003
100000
100000
99999.9
100000
100000
100000
100000
99999.9
99999.9
100000
99999.1
100002
99974.5
100023
99974.7
100002
99996.3
100058
99999.3
100001
100000
100000
100000
100000
100000
100000
100000
100000
100000
100000
100000
100003
100006
100015
100015
100004
99975.6
99995.8
99993.7
99998.1
99999.7
99999.8
99999.7
99999.8
99999.9
99999.9
99999.8
99999.8
99999.9
99999.8
100002
99998.5
100027
99994.6
100010
100017
99981.5
99994.9
99999.8
99998.9
100000
100001
100000
100001
100001
100000
100001
100001
100001
100001
100000
99995.7
100017
100003
100003
100018
100013
100011
100004
100016
100000
100000
100000
100000
100000
100000
100000
100000
100000
100000
100003
99995.9
99996.1
100001
100000
100005
100016
100002
100001
100011
100000
100000
100000
100000
100000
100000
100000
100000
100000
100000
99997.4
99995.5
99991.9
100001
100002
99994
100008
99999.9
100001
100005
100000
100000
100000
100000
100000
100000
100000
100000
100000
100000
100007
99998.3
99998.1
100003
100001
99999.5
99990.7
99983.8
99996.5
99984.6
100000
100000
100000
100000
100000
100000
100000
100000
100000
100000
100022
99998.9
100009
100004
100000
100001
99980
99987.9
99993.6
99993.3
100000
100000
100000
100000
100000
100000
100000
100000
100000
100000
100015
100000
100007
100003
100004
100001
99986.3
100014
100001
100031
100000
100000
100000
100000
100000
100000
100000
100000
100000
100000
100001
100001
99999.8
100004
100004
99987.6
100013
100010
100003
100019
100000
100000
100000
100000
100000
100000
100000
100000
100000
100000
99991.7
100002
99998.3
100005
99999.6
99998.6
100014
100005
99994.2
99996.2
100000
100000
100000
100000
100000
100000
100000
100000
100000
100000
99986.3
100002
100001
100005
99982.1
100018
100016
100005
99998.2
99978.5
100000
100000
100000
100000
100000
100000
100000
100000
100000
100000
99981.8
100003
100003
100004
100004
100016
100012
100003
100007
99980.1
100000
100000
100000
100000
100000
100000
100000
100000
100000
100000
99993.8
100003
100002
100004
100027
100007
100004
100001
100001
99991.8
100018
100018
100018
100018
100018
100018
100018
100018
100018
100018
99989.8
100001
100001
100002
100010
100513
100422
100302
100135
100007
100007
100002
100000
100000
100000
100000
100000
100001
100001
100003
100013
100182
100383
100578
100629
100081
100045
100026
100003
100004
100006
99999.1
100001
100001
100000
100002
100000
100000
100000
100001
100020
99992.7
100048
100094
100086
100016
100022
99993.9
100003
100000
100001
100000
99999.6
99999.6
100000
99999.5
100000
99999.8
99999.7
100001
100003
100003
100024
99984.8
100009
100005
100008
99998.5
100001
100001
100000
99999.9
99999.9
100000
100000
100000
100000
99999.9
100000
100001
99998.7
99998.7
99999.4
99976.2
100001
99968.4
100001
99992
100003
100002
100000
100000
99999.9
100000
100000
100000
100000
99999.9
99999.8
100000
99997.5
99999.7
99974
100002
99985
99978.6
100001
100055
100004
100003
100000
100000
99999.9
100000
100000
100000
100000
99999.9
99999.9
100000
99999.1
100002
99975.5
100019
99979.7
100003
99996.3
100064
99999.4
100001
100000
100000
100000
100000
100000
100000
100000
100000
100000
100000
100000
100003
100006
100011
100013
100005
99976
99997.7
99993.6
99997.9
99999.6
99999.7
99999.7
99999.7
99999.8
99999.8
99999.7
99999.7
99999.9
99999.7
100002
99998.9
100025
99992.8
100005
100016
99983.3
99994.4
99999.4
99998.5
100000
100000
99999.9
100000
100000
99999.9
100000
100000
100000
100000
100000
99995.9
100016
100003
99997.7
100016
100013
100011
100004
100017
100000
100000
100000
100000
100000
100000
100000
100000
100000
100000
99998.5
99995.9
99995.3
100001
100001
100002
100015
100002
100001
100009
100000
100000
100000
100000
100000
100000
100000
100000
100000
100000
99992.8
99995.5
99990.5
100001
100002
99993.1
100005
100000
100001
100005
100000
100000
100000
100000
100000
100000
100000
100000
100000
100000
100003
99998.3
99998
100004
100001
99999.5
99990.3
99985
99996.8
99987.9
100000
100000
100000
100000
100000
100000
100000
100000
100000
100000
100021
99998.8
100010
100005
100001
100002
99982
99988.4
99993.7
99994
100000
100000
100000
100000
100000
100000
100000
100000
100000
100000
100015
100000
100008
100003
100004
100001
99988.7
100013
100001
100025
100000
100000
100000
100000
100000
100000
100000
100000
100000
100000
99999.9
100001
99999.8
100005
100005
99990.2
100014
100009
100002
100012
100000
100000
100000
100000
100000
100000
100000
100000
100000
100000
99992.7
100002
99998
100006
100000
99999.8
100015
100006
99994.7
99996.6
100000
100000
100000
100000
100000
100000
100000
100000
100000
100000
99989.6
100002
100001
100006
99985.1
100018
100016
100005
99998.7
99985.3
100000
100000
100000
100000
100000
100000
100000
100000
100000
100000
99988
100003
100003
100005
100005
100015
100012
100003
100006
99983
100000
100000
100000
100000
100000
100000
100000
100000
100000
100000
99994.8
100003
100002
100005
100026
100007
100004
100001
100001
99990.8
100018
100018
100018
100018
100018
100018
100018
100018
100018
100018
99988.5
100000
100001
100002
100010
100527
100427
100314
100140
100007
100008
100002
100000
100000
100000
99999.9
100000
100001
100001
100003
100013
100189
100395
100600
100648
100085
100046
100030
100003
100003
100006
99999
100001
100001
100000
100002
100000
100000
100000
100001
100021
99992.5
100051
100100
100090
100019
100024
99993.2
100003
100000
100001
100000
99999.6
99999.6
100000
99999.5
100000
99999.8
99999.7
100001
100003
100003
100026
99987.4
100010
100004
100009
99995.3
100002
100001
100000
99999.9
99999.8
100000
100000
100000
100000
99999.9
100000
100001
99998.6
99998.4
100000
99980.4
100001
99968.7
100001
99995.7
100003
100002
100000
100000
99999.9
100000
100000
100000
100000
99999.9
99999.8
100000
99997.4
99999.6
99975.2
100001
99988.5
99980.4
100001
100058
100004
100003
100000
100000
99999.9
100000
100000
100000
100000
99999.9
99999.9
100000
99999.1
100002
99976.2
100015
99985.2
100004
99996.3
100069
99999.5
100001
100000
100000
100000
100000
100000
100000
100000
100000
100000
100000
100000
100004
100006
100007
100011
100005
99976.5
99999.1
99993.6
99997.7
99999.5
99999.6
99999.6
99999.6
99999.7
99999.7
99999.6
99999.6
99999.8
99999.6
100001
99999.4
100024
99991.4
100001
100015
99985.2
99994
99999
99998.2
99999.7
100000
99999.5
99999.9
99999.9
99999.6
99999.9
100000
100000
100000
99999.8
99996.1
100014
100003
99993.7
100015
100013
100010
100004
100023
100000
100000
100000
100000
100000
100000
100000
100000
100000
100000
100005
99995.8
99994.5
100001
100000
99999
100013
100002
100001
100010
100000
100000
100000
100000
100000
100000
100000
100000
100000
100000
99991.5
99995.5
99989.1
100002
100003
99991.7
100002
100001
100001
100008
100000
100000
100000
100000
100000
100000
100000
100000
100000
100000
100002
99998.2
99997.8
100004
100001
99999.6
99989.9
99986
99997
99991.6
100000
100000
100000
100000
100000
100000
100000
100000
100000
100000
100023
99998.7
100011
100005
100001
100003
99983.6
99988.9
99993.9
99996.2
100000
100000
100000
100000
100000
100000
100000
100000
100000
100000
100018
100000
100009
100004
100005
100002
99991.7
100012
100000
100022
100000
100000
100000
100000
100000
100000
100000
100000
100000
100000
100000
100001
99999.6
100005
100005
99992.5
100014
100008
100002
100008
100000
100000
100000
100000
100000
100000
100000
100000
100000
100000
99992.4
100002
99997.7
100007
100001
100001
100015
100006
99995.2
99996.1
100000
100000
100000
100000
100000
100000
100000
100000
100000
100000
99989.9
100002
100001
100007
99987.9
100018
100016
100006
99999.2
99988
100000
100000
100000
100000
100000
100000
100000
100000
100000
100000
99989.3
100002
100003
100005
100007
100015
100012
100003
100006
99985.1
100000
100000
100000
100000
100000
100000
100000
100000
100000
100000
99995.1
100002
100003
100005
100025
100007
100004
100002
100001
99990.2
100018
100018
100018
100018
100018
100018
100018
100018
100018
100018
99987.7
100000
100001
100002
100009
100534
100428
100322
100143
100005
100008
100002
100000
100000
100000
99999.9
100000
100001
100001
100003
100013
100194
100403
100614
100659
100088
100045
100032
100004
100003
100005
99999
100001
100001
100000
100002
100000
100000
100000
100001
100021
99992.5
100053
100105
100092
100022
100025
99992.8
100003
100000
100001
100000
99999.6
99999.6
100000
99999.6
100000
99999.7
99999.8
100001
100003
100002
100026
99989.9
100010
100004
100010
99992.6
100002
100001
100000
99999.9
99999.8
100000
100000
100000
100000
99999.9
100000
100001
99998.6
99998.1
100001
99983.9
100000
99968.9
100002
99999.4
100003
100002
100000
100000
99999.9
100000
100000
100000
100000
99999.9
99999.8
100000
99997.4
99999.6
99976.4
99999.2
99992.5
99982.1
100002
100062
100005
100003
100000
100000
99999.9
100000
100000
100000
100000
99999.9
99999.9
100000
99999.1
100002
99977
100011
99989.9
100005
99996.5
100073
99999.5
100001
100000
100000
100000
100000
100000
100000
100000
100000
100000
100000
100000
100004
100006
100003
100008
100006
99977
100000
99993.6
99997.4
99999.5
99999.5
99999.5
99999.5
99999.6
99999.6
99999.5
99999.5
99999.7
99999.5
100001
99999.9
100023
99990.7
99996.7
100015
99986.9
99993.7
99998.8
99997.8
99999.4
99999.6
99999.2
99999.5
99999.5
99999.3
99999.6
99999.7
99999.7
99999.7
99999.4
99996.3
100013
100002
99990.1
100013
100013
100009
100003
100052
100000
100000
100000
100000
100000
100000
100000
100000
100000
100000
100032
99995.7
99993.6
100002
99999.5
99996.1
100012
100003
100002
100019
100000
100000
100000
100000
100000
100000
100000
100000
100000
100000
99996.8
99995.4
99987.9
100002
100003
99989.9
99998.8
100001
100001
100014
100000
100000
100000
100000
100000
100000
100000
100000
100000
100000
100005
99998.2
99997.4
100005
100001
99999.3
99989.1
99987
99997.2
99997.4
100000
100000
100000
100000
100000
100000
100000
100000
100000
100000
100030
99998.6
100013
100006
100001
100004
99985.3
99989.3
99994
100001
100000
100000
100000
100000
100000
100000
100000
100000
100000
100000
100025
99999.9
100011
100004
100006
100002
99994.6
100011
99999.9
100023
100000
100000
100000
100000
100000
100000
100000
100000
100000
100000
100002
100001
99999.3
100006
100006
99994.1
100014
100007
100002
100007
100000
100000
100000
100000
100000
100000
100000
100000
100000
100000
99992.9
100002
99997.3
100007
100002
100003
100014
100007
99995.7
99996.9
100000
100000
100000
100000
100000
100000
100000
100000
100000
100000
99990.5
100002
100001
100007
99991
100018
100016
100006
99999.6
99989.4
100000
100000
100000
100000
100000
100000
100000
100000
100000
100000
99989.8
100002
100004
100006
100009
100015
100012
100003
100005
99986.6
100000
100000
100000
100000
100000
100000
100000
100000
100000
100000
99994.9
100002
100003
100006
100024
100007
100004
100002
100001
99990.1
100018
100018
100018
100018
100018
100018
100018
100018
100018
100018
99987.8
100000
100001
100003
100009
100535
100424
100326
100144
100005
100009
100002
100000
100000
100000
99999.9
100000
100001
100001
100002
100012
100196
100406
100622
100663
100090
100042
100034
100004
100003
100004
99999
100001
100001
100000
100002
100000
100000
100000
100001
100021
99992.7
100053
100107
100092
100024
100026
99992.6
100003
100000
100001
100000
99999.6
99999.6
100000
99999.6
100000
99999.7
99999.8
100001
100003
100002
100026
99992.4
100009
100003
100011
99990.3
100001
100000
100000
99999.9
99999.8
100000
100000
100000
100000
100000
100000
100001
99998.5
99997.9
100001
99986.8
99999.3
99969
100003
100003
100003
100002
100000
100000
99999.9
100000
100000
100000
100000
99999.9
99999.8
100000
99997.4
99999.6
99977.5
99998.1
99996.5
99983.6
100003
100064
100004
100004
100000
100000
99999.9
100000
100000
100000
100000
99999.9
99999.9
100000
99999.1
100003
99977.9
100007
99993.9
100007
99996.7
100076
99999.6
100001
100000
100000
99999.9
100000
100000
100000
100000
100000
100000
100000
100000
100004
100006
99998.6
100006
100006
99977.4
100001
99993.6
99997.2
99999.3
99999.4
99999.4
99999.4
99999.4
99999.4
99999.4
99999.4
99999.6
99999.4
100001
100000
100022
99990.6
99992.8
100014
99988.6
99993.5
99998.6
99997.3
99999
99999.2
99998.9
99999.2
99999.2
99999
99999.3
99999.3
99999.3
99999.4
99999.1
99996.5
100012
100002
99986.9
100011
100013
100008
100003
100173
100000
100000
100000
100000
100000
100000
100000
100000
100000
100000
100145
99995.6
99992.6
100002
99998.5
99993
100011
100004
100002
100058
100000
100000
100000
100000
100000
100000
100000
100000
100000
100000
100026
99995.4
99986.9
100001
100003
99988.1
99996.4
100002
100001
100037
100000
100000
100000
100000
100000
100000
100000
100000
100000
100000
100022
99998.1
99996.9
100005
100002
99998.6
99987.6
99987.8
99997.4
100012
100000
100000
100000
100000
100000
100000
100000
100000
100000
100000
100051
99998.5
100014
100006
100001
100005
99987.3
99989.7
99994.2
100012
100000
100000
100000
100000
100000
100000
100000
100000
100000
100000
100042
99999.9
100012
100004
100006
100003
99996.9
100010
99999.6
100033
99940.1
100000
100000
100000
100000
100000
100000
100000
100000
100000
100009
100001
99998.8
100006
100007
99995.9
100014
100006
100001
100012
100000
100000
100000
100000
100000
100000
100000
100000
100000
100000
99997.4
100002
99996.9
100008
100003
100005
100014
100007
99996.2
100002
100000
100000
100000
100000
100000
100000
100000
100000
100000
100000
99994.4
100003
100002
100008
99994.2
100018
100016
100006
99999.9
99991.8
100000
100000
100000
100000
100000
100000
100000
100000
100000
100000
99991.6
100002
100004
100006
100011
100015
100012
100003
100005
99987.8
100000
100000
100000
100000
100000
100000
100000
100000
100000
100000
99995.1
100002
100003
100006
100023
100007
100005
100002
100001
99991.1
100018
100018
100018
100018
100018
100018
100018
100018
100018
100018
99989.5
100000
100001
100003
100009
100531
100415
100325
100144
100004
100009
100002
100000
100000
100000
99999.9
100000
100001
100001
100002
100012
100196
100405
100622
100659
100090
100038
100034
100004
100002
100002
99999
100001
100001
100000
100001
100000
100000
100000
100001
100021
99993.1
100052
100107
100091
100025
100026
99992.9
100003
100000
100001
100000
99999.6
99999.7
100000
99999.6
100000
99999.7
99999.8
100001
100003
100002
100026
99994.6
100009
100003
100012
99988.6
100001
100000
100000
99999.8
99999.8
100000
100000
100000
100000
100000
100000
100001
99998.5
99997.7
100002
99988.9
99998.2
99968.9
100003
100006
100003
100002
100000
100000
99999.9
100000
100000
100000
100000
99999.9
99999.8
99999.9
99997.4
99999.6
99978.4
99997.3
100000
99985
100003
100067
100004
100004
100000
100000
99999.9
100000
100000
100000
100000
99999.9
99999.9
100000
99999.1
100003
99978.8
100004
99997.5
100009
99996.9
100079
99999.6
100001
100000
100000
99999.9
100000
100000
100000
100000
100000
100000
100000
100000
100005
100006
99994.3
100003
100007
99977.7
100001
99993.7
99997.2
99999.3
99999.4
99999.4
99999.3
99999.3
99999.3
99999.3
99999.3
99999.5
99999.3
100001
100001
100021
99991
99989.2
100013
99990.1
99993.4
99998.5
99996.9
99998.8
99998.9
99998.6
99999
99999
99998.7
99999.1
99999.1
99999
99999.1
99998.8
99996.8
100011
100002
99984
100009
100013
100007
100003
99621.8
99684.5
99657.4
99627.9
99604.3
99587.7
99586.8
99600.3
99625.1
99653.6
99672.7
99615.9
99995.3
99991.8
100002
99997.6
99990.1
100010
100005
100001
99888.4
99833.3
99810.7
99790.5
99770.9
99760.1
99755.6
99770.9
99794.6
99819.1
99861.1
99933.7
99995.3
99986.1
100001
100003
99986.5
99993.9
100002
100001
99929.9
99867.5
99847.9
99833.2
99821.4
99812.6
99804.1
99826.6
99846.3
99864
99895.2
99933.3
99998
99996.6
100005
100002
99997.6
99985.5
99988.5
99997.4
99950.9
99904.8
99885.7
99871.7
99859.2
99852.4
99853.1
99865.4
99881.2
99899.4
99918.3
99959.9
99998.4
100015
100007
100002
100005
99989.5
99990
99994.3
99962.9
99929.2
99910.3
99900.3
99891.1
99886.3
99888.3
99896.3
99907.1
99919.6
99932.7
99969
99999.8
100014
100004
100007
100004
99998.7
100009
99999.4
99970.5
99940.1
99927.2
99921.2
99916.1
99913.1
99914.7
99919.5
99925.9
99933.3
99943.1
99970.4
100001
99998.3
100007
100008
99998
100014
100005
100001
99974.6
99946.1
99938.6
99936.7
99935.5
99933.9
99934.8
99937
99939.9
99943.7
99950.9
99972.5
100002
99996.5
100009
100004
100007
100014
100008
99996.8
99978.3
99959.3
99951.7
99950
99950.6
99949.8
99951
99950.5
99950.8
99953.3
99957.9
99977
100003
100002
100009
99997.2
100018
100016
100007
100000
99982.2
99970.5
99966.7
99962.8
99961.2
99961.3
99966.3
99960.7
99958.9
99964.9
99964.7
99984.5
100002
100005
100007
100013
100015
100012
100003
100005
99985.4
99980.4
99977.3
99976.3
99974.8
99975.1
99977.4
99973.7
99971.1
99974
99975.4
99991.3
100002
100003
100007
100022
100006
100005
100002
100000
99990.4
99990.8
99988.9
99991.5
99992.2
99992.1
99990
99991.3
99989.9
99987
99988.7
99986.8
100000
100001
100003
100008
100521
100402
100320
100142
100003
100009
100002
100000
100000
100000
99999.9
100000
100001
100001
100002
100011
100194
100399
100616
100648
100088
100033
100035
100003
100002
100001
99999
100001
100001
100000
100001
100000
100000
100000
100001
100020
99993.5
100050
100105
100088
100026
100026
99993.6
100003
100000
100001
100000
99999.7
99999.7
100000
99999.6
100000
99999.7
99999.8
100000
100003
100002
100026
99996.4
100008
100003
100013
99987.4
100001
100000
100000
99999.8
99999.8
100000
100000
100000
100000
100000
99999.9
100001
99998.6
99997.5
100002
99990.5
99996.9
99968.5
100003
100009
100003
100002
100000
100000
99999.9
100000
100000
100000
100000
99999.9
99999.8
99999.9
99997.5
99999.6
99979.2
99997
100004
99986.4
100004
100068
100004
100004
100000
100000
99999.9
100000
100000
100000
100000
99999.9
99999.9
100000
99999.2
100003
99979.8
100000
100001
100011
99997
100080
99999.7
100001
100000
100000
99999.9
100000
100000
100000
100000
100000
100000
100000
100000
100005
100006
99990.3
100001
100008
99978
100000
99993.8
99997.2
99999.4
99999.4
99999.4
99999.4
99999.4
99999.4
99999.4
99999.4
99999.6
99999.4
100001
100001
100020
99991.6
99985.9
100011
99991.4
99993.4
99998.5
99996.5
99998.5
99998.7
99998.4
99998.7
99998.8
99998.5
99998.8
99998.9
99998.8
99998.9
99998.3
99997.1
100010
100002
99981.3
100006
100013
100005
100003
100170
100000
100000
100000
99604.2
99587.7
100000
99600.3
99625
100000
99672.7
100156
99995.5
99990.9
100002
99996.7
99988.2
100008
100006
100002
100058
99833.3
99810.6
100000
100000
100000
99755.6
100000
100000
99819.1
100000
99934.1
99995.2
99985.4
100001
100003
99984.9
99991.3
100002
100001
100037
100000
100000
100000
99821.4
99812.6
100000
99826.5
99846.3
100000
99895.2
100020
99998
99996.4
100005
100002
99996.5
99983.1
99989
99997.4
100014
100000
100000
100000
99859.2
99852.4
100000
99865.4
99881.2
100000
99918.3
100055
99998.4
100016
100007
100002
100006
99991.9
99990.1
99994.4
100013
100000
100000
100000
99891.1
99886.3
100000
99896.3
99907.1
100000
99932.7
100046
99999.9
100015
100004
100007
100004
100000
100008
99999.2
100030
100000
100000
100000
99916.1
99913.1
100000
99919.5
99925.9
100000
99943.1
100008
100001
99997.8
100007
100009
100000
100014
100004
100001
100011
100000
100000
100000
99935.5
99933.9
100000
99937
99939.9
100000
99950.9
99995.8
100003
99996.1
100010
100005
100009
100015
100008
99997.4
100004
100000
100000
100000
99950.6
99949.8
100000
99950.5
99950.8
100000
99957.9
99995
100003
100002
100009
100000
100019
100016
100007
100001
99991.8
100000
100000
100000
99961.2
99961.3
100000
99960.7
99958.9
100000
99964.7
99992.6
100002
100005
100008
100015
100015
100012
100003
100004
99986.8
100000
99977.3
100000
100000
100000
99977.4
100000
100000
99974
100000
99991.4
100002
100003
100008
100022
100006
100005
100002
100000
99992.3
100018
100018
100018
100018
100018
100018
100018
100018
100018
100018
99990.8
100000
100001
100004
100008
100505
100384
100310
100138
100003
100009
100001
100000
100000
100000
99999.9
100000
100001
100001
100002
100010
100189
100389
100604
100629
100086
100028
100034
100003
100002
99999.5
99999.1
100000
100001
100000
100001
100000
100000
100000
100000
100019
99994.1
100047
100101
100084
100026
100025
99994.8
100003
100000
100001
100000
99999.7
99999.7
100000
99999.7
100000
99999.7
99999.8
100000
100002
100001
100025
99997.7
100006
100003
100014
99986.7
100001
100000
100000
99999.9
99999.8
100000
100000
100000
100000
100000
99999.9
100000
99998.6
99997.4
100002
99991.9
99995.4
99968
100003
100011
100003
100003
100000
100000
99999.9
100000
100000
100000
100000
99999.9
99999.8
99999.9
99997.6
99999.6
99980.1
99996.7
100007
99987.8
100004
100068
100004
100004
100000
100000
99999.9
100000
100000
100000
100000
99999.9
99999.9
100000
99999.2
100004
99980.6
99997.1
100003
100014
99997.1
100080
99999.7
100001
100000
100000
99999.9
100000
100000
100000
100000
100000
100000
100000
100000
100005
100006
99986.8
100000
100008
99978.3
99999.8
99993.9
99997.3
99999.5
99999.5
99999.5
99999.5
99999.5
99999.5
99999.5
99999.5
99999.6
99999.5
100001
100002
100019
99992.2
99982.9
100009
99992.6
99993.5
99998.6
99996.1
99998.2
99998.3
99998
99998.4
99998.4
99998.1
99998.5
99998.5
99998.4
99998.5
99998
99997.4
100009
100001
99978.8
100004
100014
100004
100003
100046
100000
100000
100000
100000
100000
100000
100000
100000
100000
100000
100035
99995.5
99990.2
100002
99996
99987.2
100007
100006
100002
100021
100000
100000
100000
100000
100000
100000
100000
100000
100000
100000
100025
99995.3
99984.7
100001
100003
99983.3
99988.7
100003
100001
100015
100000
100000
100000
100000
100000
100000
100000
100000
100000
100000
100002
99998
99996.3
100005
100002
99995.5
99980.8
99989.5
99997.4
100001
100000
100000
100000
100000
100000
100000
100000
100000
100000
100000
100037
99998.4
100017
100007
100002
100006
99993.9
99990
99994.6
100002
100000
100000
100000
100000
100000
100000
100000
100000
100000
100000
100032
99999.9
100016
100005
100008
100004
100002
100007
99999.1
100018
100000
100000
100000
100000
100000
100000
100000
100000
100000
100000
99999.2
100001
99997.3
100008
100010
100002
100014
100003
100000
100004
100000
100000
100000
100000
100000
100000
100000
100000
100000
100000
99990.2
100003
99995.8
100011
100006
100011
100015
100008
99998.1
100001
100000
100000
100000
100000
100000
100000
100000
100000
100000
100000
99991.9
100003
100002
100010
100003
100019
100017
100007
100001
99990.1
100000
100000
100000
100000
100000
100000
100000
100000
100000
100000
99991.8
100002
100005
100008
100017
100015
100012
100003
100004
99985.9
100000
100000
100000
100000
100000
100000
100000
100000
100000
100000
99992.8
100002
100003
100008
100021
100006
100005
100002
100000
99992.5
100018
100018
100018
100018
100018
100018
100018
100018
100018
100018
99989.8
100000
100001
100004
100007
100485
100361
100296
100132
100002
100009
100001
100000
100000
100000
99999.9
100000
100001
100001
100001
100010
100182
100375
100584
100605
100082
100023
100033
100003
100002
99998.2
99999.1
100000
100000
100000
100001
100000
100000
100000
100000
100018
99994.6
100042
100095
100078
100026
100025
99995.6
100003
100000
100001
100000
99999.7
99999.8
100000
99999.7
100000
99999.8
99999.9
100000
100002
100001
100023
99998.6
100004
100002
100014
99986.4
100001
100000
100000
99999.9
99999.8
100000
100000
100000
100000
100000
99999.9
100000
99998.6
99997.4
100002
99993.3
99993.8
99967.3
100003
100013
100003
100002
100000
100000
99999.9
100000
100000
100000
100000
99999.9
99999.8
99999.9
99997.7
99999.7
99981.1
99996.4
100010
99989.2
100004
100068
100004
100004
100000
100000
99999.9
100000
100000
100000
100000
99999.9
99999.9
100000
99999.3
100004
99981.3
99994
100004
100017
99997.1
100079
99999.7
100001
100000
100000
99999.9
99999.9
100000
100000
100000
100000
100000
100000
100000
100006
100006
99983.8
99999.5
100007
99978.5
99998.8
99994.1
99997.4
99999.5
99999.6
99999.6
99999.6
99999.6
99999.6
99999.6
99999.6
99999.7
99999.6
100001
100002
100018
99992.8
99980.3
100007
99993.6
99993.8
99998.7
99995.8
99997.8
99997.9
99997.6
99998
99998
99997.7
99998.1
99998.1
99998
99998.2
99997.7
99997.6
100008
100001
99976.5
100001
100015
100003
100003
100014
100000
100000
100000
100000
100000
100000
100000
100000
100000
100000
100002
99995.4
99989.5
100002
99995.5
99986.4
100005
100007
100002
100012
100000
100000
100000
100000
100000
100000
100000
100000
100000
100000
99991.7
99995.2
99984.2
100001
100003
99981.6
99986.4
100003
100001
100010
100000
100000
100000
100000
100000
100000
100000
100000
100000
100000
99996.5
99998
99996.2
100004
100002
99994.4
99978.3
99989.8
99997.3
99997.2
100000
100000
100000
100000
100000
100000
100000
100000
100000
100000
100032
99998.5
100019
100007
100002
100006
99995.2
99989.8
99994.7
99997.9
100000
100000
100000
100000
100000
100000
100000
100000
100000
100000
100029
99999.9
100017
100005
100008
100005
100003
100005
99999.1
100012
100000
100000
100000
100000
100000
100000
100000
100000
100000
100000
99996.6
100001
99996.8
100008
100011
100005
100014
100003
100000
100003
100000
100000
100000
100000
100000
100000
100000
100000
100000
100000
99989
100003
99995.4
100011
100006
100012
100015
100009
99998.7
100001
100000
100000
100000
100000
100000
100000
100000
100000
100000
100000
99992
100003
100002
100010
100006
100020
100017
100008
100001
99990.7
100000
100000
100000
100000
100000
100000
100000
100000
100000
100000
99992.8
100002
100006
100009
100019
100016
100013
100003
100004
99986.4
100000
100000
100000
100000
100000
100000
100000
100000
100000
100000
99991
100001
100003
100009
100021
100006
100005
100002
100000
99993.6
100018
100018
100018
100018
100018
100018
100018
100018
100018
100018
99990.2
100000
100001
100004
100007
100459
100333
100278
100125
100002
100008
100001
100000
100000
100000
99999.9
100000
100001
100001
100001
100009
100173
100357
100558
100573
100077
100019
100033
100002
100001
99997
99999.2
100000
100000
100000
100001
100000
100000
100000
100000
100017
99995.2
100038
100087
100072
100025
100024
99995.7
100003
100000
100001
100000
99999.8
99999.8
100000
99999.8
100000
99999.8
99999.9
100000
100002
100001
100022
99999.4
100002
100002
100015
99986.7
100001
100000
100000
99999.9
99999.8
100000
100000
100000
100000
100000
99999.9
100000
99998.7
99997.4
100001
99994.5
99992.2
99966.4
100003
100014
100003
100002
100000
100000
99999.9
100000
100000
100000
100000
99999.9
99999.8
99999.9
99997.9
99999.8
99982.1
99996.2
100012
99990.5
100004
100066
100004
100004
100000
100000
99999.9
100000
100000
100000
100000
99999.9
99999.9
100000
99999.3
100004
99982.1
99991.1
100005
100021
99997.2
100077
99999.7
100001
100000
100000
99999.9
99999.9
100000
100000
100000
99999.9
100000
100000
100000
100006
100006
99981.3
99999.2
100005
99978.7
99997.5
99994.3
99997.5
99999.6
99999.7
99999.7
99999.6
99999.6
99999.7
99999.7
99999.7
99999.8
99999.7
100001
100003
100018
99993.4
99977.8
100005
99994.5
99994.2
99998.8
99995.4
99997.4
99997.5
99997.2
99997.6
99997.6
99997.3
99997.7
99997.7
99997.6
99997.8
99997.3
99997.9
100007
100001
99974.5
99998.6
100016
100003
100003
100005
100000
100000
100000
100000
100000
100000
100000
100000
100000
100000
99992.4
99995.4
99988.8
100002
99995
99985.4
100004
100008
100001
100011
100000
100000
100000
100000
100000
100000
100000
100000
100000
100000
99982.3
99995.2
99983.8
100001
100003
99980.2
99984.4
100004
100001
100009
100000
100000
100000
100000
100000
100000
100000
100000
100000
100000
99994.6
99998
99996
100004
100002
99993.4
99975.9
99989.9
99997.2
99995.6
100000
100000
100000
100000
100000
100000
100000
100000
100000
100000
100032
99998.5
100020
100007
100002
100005
99995.7
99989.4
99994.9
99995.2
100000
100000
100000
100000
100000
100000
100000
100000
100000
100000
100029
100000
100018
100004
100008
100006
100005
100003
99999
100008
100000
100000
100000
100000
100000
100000
100000
100000
100000
100000
99996.1
100001
99996.2
100009
100011
100007
100014
100003
100000
100002
100000
100000
100000
100000
100000
100000
100000
100000
100000
100000
99989
100003
99995.1
100012
100007
100013
100016
100009
99999.4
100002
100000
100000
100000
100000
100000
100000
100000
100000
100000
100000
99992.8
100003
100002
100011
100007
100021
100017
100008
100002
99992.5
100000
100000
100000
100000
100000
100000
100000
100000
100000
100000
99994.1
100002
100006
100010
100022
100016
100012
100003
100003
99988
100000
100000
100000
100000
100000
100000
100000
100000
100000
100000
99990.7
100001
100003
100010
100021
100006
100005
100002
100000
99995
100018
100018
100018
100018
100018
100018
100018
100018
100018
100018
99991.4
100000
100001
100005
100007
100429
100301
100257
100116
100002
100007
100001
100000
100000
100000
99999.9
100000
100000
100000
100001
100008
100161
100334
100524
100535
100071
100016
100032
100001
100001
99996
99999.3
99999.8
100000
100000
100001
100000
100000
100000
100000
100015
99995.8
100032
100079
100065
100023
100023
99995.6
100003
100000
100001
100000
99999.8
99999.8
100000
99999.8
100000
99999.9
99999.9
100000
100001
100000
100020
100000
99999
100001
100015
99987.7
100001
100000
100000
99999.9
99999.8
100000
100000
100000
100000
100000
99999.8
100000
99998.8
99997.5
100000
99995.4
99990.6
99965.4
100003
100014
100003
100002
100000
100000
99999.9
100000
100000
100000
100000
99999.9
99999.8
99999.9
99998.1
99999.9
99983.2
99996.2
100014
99991.9
100004
100062
100004
100004
100000
100000
99999.9
100000
100000
100000
100000
99999.9
99999.9
100000
99999.4
100005
99982.8
99988.5
100007
100026
99997.2
100074
99999.7
100001
100000
100000
99999.9
99999.9
100000
100000
99999.9
99999.9
100000
100000
100000
100006
100006
99979.2
99998.9
100003
99979
99995.9
99994.5
99997.6
99999.7
99999.7
99999.7
99999.7
99999.7
99999.7
99999.7
99999.8
99999.8
99999.8
100001
100003
100017
99993.9
99975.5
100004
99995.3
99994.7
99999.1
99995.1
99997
99997.1
99996.8
99997.2
99997.2
99996.9
99997.3
99997.3
99997.2
99997.4
99996.9
99998.1
100006
100000
99972.8
99997
100017
100002
100003
100002
100000
100000
100000
100000
100000
100000
100000
100000
100000
100000
99988.7
99995.4
99988.1
100002
99994.6
99984
100002
100008
100001
100012
100000
100000
100000
100000
100000
100000
100000
100000
100000
100000
99978.2
99995.1
99983.4
100000
100002
99979.2
99982.5
100004
100001
100009
100000
100000
100000
100000
100000
100000
100000
100000
100000
100000
99993.3
99998
99995.9
100004
100002
99992.7
99973.7
99989.9
99997
99994.7
100000
100000
100000
100000
100000
100000
100000
100000
100000
100000
100032
99998.7
100020
100006
100002
100004
99995.8
99989.1
99995
99992.7
100000
100000
100000
100000
100000
100000
100000
100000
100000
100000
100031
100000
100018
100004
100007
100007
100006
100002
99999
100005
100000
100000
100000
100000
100000
100000
100000
100000
100000
100000
99997.1
100001
99995.5
100008
100011
100009
100014
100002
100000
100002
100000
100000
100000
100000
100000
100000
100000
100000
100000
100000
99989.5
100003
99994.8
100013
100008
100013
100016
100009
100000
100003
100000
100000
100000
100000
100000
100000
100000
100000
100000
100000
99993.4
100003
100002
100011
100010
100021
100018
100008
100002
99995.2
100000
100000
100000
100000
100000
100000
100000
100000
100000
100000
99995.5
100002
100006
100010
100023
100016
100013
100003
100003
99990.5
100000
100000
100000
100000
100000
100000
100000
100000
100000
100000
99991.2
100001
100003
100011
100021
100006
100004
100002
100000
99996.7
100018
100018
100018
100018
100018
100018
100018
100018
100018
100018
99992.9
100000
100001
100005
100007
100394
100266
100232
100105
100001
100006
100000
100000
100000
100000
99999.9
100000
100000
100000
100001
100007
100148
100307
100484
100491
100065
100014
100030
100001
100001
99995.2
99999.4
99999.7
100000
100000
100000
100000
100000
100000
100000
100014
99996.3
100027
100070
100058
100022
100021
99995.4
100003
99999.9
100001
100000
99999.9
99999.9
100000
99999.8
100000
99999.9
100000
100000
100001
100000
100019
100000
99996
100001
100015
99989.3
100001
100000
100000
99999.9
99999.8
100000
100000
100000
100000
100000
99999.8
100000
99998.9
99997.8
99999.5
99996.2
99988.9
99964.3
100002
100013
100003
100002
100000
100000
99999.9
100000
100000
100000
100000
99999.9
99999.9
99999.9
99998.3
100000
99984.3
99996.2
100016
99993.4
100004
100057
100004
100004
100000
100000
99999.9
100000
100000
100000
100000
100000
99999.9
100000
99999.5
100005
99983.6
99986
100009
100031
99997.3
100069
99999.6
100001
100000
100000
99999.9
99999.9
100000
100000
99999.9
99999.9
100000
100000
100000
100006
100007
99977.5
99998.7
100001
99979.2
99994.2
99994.7
99997.7
99999.7
99999.8
99999.8
99999.7
99999.8
99999.8
99999.8
99999.8
99999.9
99999.9
100001
100004
100016
99994.4
99973.4
100003
99996.1
99995.2
99999.4
99994.8
99996.7
99996.8
99996.5
99996.9
99996.8
99996.5
99997
99997
99996.8
99997.1
99996.4
99998.4
100006
100000
99971.1
99996
100018
100002
100003
100000
100000
100000
100000
100000
100000
100000
100000
100000
100000
100000
99984.4
99995.4
99987.5
100002
99994.6
99982.6
100001
100008
100001
100013
100000
100000
100000
100000
100000
100000
100000
100000
100000
100000
99971.9
99995.1
99983.2
100001
100002
99978.1
99980.5
100004
100001
100011
100000
100000
100000
100000
100000
100000
100000
100000
100000
100000
99990.8
99998.1
99996
100003
100002
99992.1
99972.2
99989.8
99996.9
99994.2
100000
100000
100000
100000
100000
100000
100000
100000
100000
100000
100037
99998.8
100021
100006
100002
100004
99995.8
99988.9
99995.2
99989.4
100000
100000
100000
100000
100000
100000
100000
100000
100000
100000
100038
100000
100019
100004
100007
100007
100006
100001
99999.1
100000
100000
100000
100000
100000
100000
100000
100000
100000
100000
100000
100001
100001
99994.9
100008
100011
100011
100014
100002
100000
99999.5
100000
100000
100000
100000
100000
100000
100000
100000
100000
100000
99990.1
100004
99994.5
100012
100009
100014
100016
100009
100001
100004
100000
100000
100000
100000
100000
100000
100000
100000
100000
100000
99992.7
100004
100003
100011
100013
100021
100018
100008
100003
99998.9
100000
100000
100000
100000
100000
100000
100000
100000
100000
100000
99996.7
100001
100007
100011
100024
100017
100013
100003
100003
99993.8
100000
100000
100000
100000
100000
100000
100000
100000
100000
100000
99992.5
100001
100003
100011
100021
100006
100004
100002
100000
99998.5
100018
100018
100018
100018
100018
100018
100018
100018
100018
100018
99994.4
100000
100001
100005
100006
100354
100227
100204
100093
100001
100005
100000
99999.9
100000
100000
99999.9
100000
100000
100000
100001
100006
100132
100275
100436
100440
100058
100012
100028
100000
100001
99994.6
99999.6
99999.6
100000
100000
100000
100000
100000
100000
100000
100012
99996.7
100022
100060
100050
100020
100020
99995
100002
99999.8
100000
99999.9
99999.9
99999.9
100000
99999.9
100000
99999.9
100000
100000
100001
100000
100017
100001
99992.9
100001
100015
99991.2
100001
100000
100000
99999.9
99999.8
100000
100000
100000
100000
100000
99999.8
100000
99999
99998.1
99998.4
99996.9
99987.3
99963.4
100002
100011
100003
100002
100000
100000
99999.9
100000
100000
100000
100000
99999.9
99999.9
99999.9
99998.6
100000
99985.6
99996.4
100018
99995
100004
100052
100003
100003
100000
100000
99999.9
100000
100000
100000
100000
100000
100000
100000
99999.6
100005
99984.2
99983.9
100012
100035
99997.4
100062
99999.5
100001
100000
100000
99999.9
99999.9
100000
100000
99999.9
99999.9
100000
100000
100000
100006
100008
99976.3
99998.6
99999.3
99979.5
99992.1
99995
99997.9
99999.8
99999.8
99999.8
99999.8
99999.8
99999.9
99999.9
99999.9
99999.9
99999.9
100000
100004
100015
99994.9
99971.6
100002
99996.7
99996
99999.8
99994.6
99996.5
99996.6
99996.4
99996.7
99996.6
99996.3
99996.8
99996.8
99996.7
99996.9
99996.2
99998.7
100005
100000
99969.1
99995.7
100019
100002
100003
99997.8
100000
100000
100000
100000
100000
100000
100000
100000
100000
100000
99974.9
99995.5
99987
100002
99995.3
99981.2
100001
100008
100001
100018
100000
100000
100000
100000
100000
100000
100000
100000
100000
100000
99950.1
99995.1
99982.7
100001
100002
99976.9
99978.3
100004
100001
100015
100000
100000
100000
100000
100000
100000
100000
100000
100000
100000
99983.2
99998.3
99996.4
100003
100003
99992
99971.5
99989.7
99996.8
99993.8
100000
100000
100000
100000
100000
100000
100000
100000
100000
100000
100054
99999
100020
100005
100002
100003
99995.8
99989
99995.3
99983.9
100000
100000
100000
100000
100000
100000
100000
100000
100000
100000
100055
100000
100019
100004
100006
100007
100006
100000
99999.1
99993.7
99999.7
100000
100000
100000
100000
100000
100000
100000
100000
100000
100009
100001
99994.1
100007
100010
100011
100013
100001
100000
99994.7
100000
100000
100000
100000
100000
100000
100000
100000
100000
100000
99989.6
100004
99994.1
100011
100009
100015
100016
100008
100001
100004
100000
100000
100000
100000
100000
100000
100000
100000
100000
100000
99987.9
100004
100003
100010
100015
100022
100018
100007
100003
100006
100000
100000
100000
100000
100000
100000
100000
100000
100000
100000
99995.7
100001
100007
100011
100025
100017
100013
100003
100002
100000
100000
100000
100000
100000
100000
100000
100000
100000
100000
100000
99993.4
100001
100003
100012
100021
100006
100004
100002
100000
100001
100018
100018
100018
100018
100018
100018
100018
100018
100018
100018
99996.3
100000
100000
100005
100006
100308
100186
100173
100079
100001
100003
100000
99999.9
100000
100000
99999.9
100000
100000
100000
100001
100005
100115
100239
100380
100382
100049
100011
100025
99999.7
100000
99994.5
99999.8
99999.5
100000
100000
100000
100000
100000
100000
100000
100010
99997.2
100017
100049
100042
100017
100018
99994.8
100002
99999.8
100000
99999.9
99999.9
99999.9
100000
99999.9
100000
100000
100000
100000
100001
99999.9
100014
100001
99989.3
100000
100014
99992.8
100001
100000
100000
99999.9
99999.9
100000
100000
100000
100000
100000
99999.8
100000
99999.1
99998.6
99997.5
99997.6
99986.1
99962.4
100001
100010
100003
100002
100000
100000
100000
100000
100000
100000
100000
99999.9
99999.9
99999.9
99998.8
100000
99987
99996.7
100019
99996.5
100003
100045
100003
100003
100000
100000
99999.9
100000
100000
100000
100000
100000
100000
100000
99999.7
100005
99984.8
99982
100014
100039
99997.6
100054
99999.3
100001
99999.9
100000
99999.9
100000
100000
100000
99999.9
100000
100000
100000
100000
100006
100009
99975.4
99998.7
99998.2
99979.7
99990.5
99995.4
99998.2
99999.8
99999.9
99999.9
99999.8
99999.9
99999.9
99999.9
100000
99999.9
100000
100000
100004
100014
99995.3
99970.2
100001
99997.2
99996.5
100000
99994.9
99996.7
99996.8
99996.6
99996.9
99996.7
99996.5
99996.9
99997
99996.8
99997
99996.4
99998.9
100004
99999.7
99967.3
99995.8
100020
100003
100003
100000
100000
100000
100000
100000
100000
100000
100000
100000
100000
100000
99999.7
99995.6
99986.5
100001
99996.2
99980.1
100000
100008
100001
100000
100000
100000
100000
100000
100000
100000
100000
100000
100000
100000
99999.9
99995.3
99982.2
100001
100001
99975.4
99976
100004
100001
99999.9
100000
100000
100000
100000
100000
100000
100000
100000
100000
100000
100000
99998.4
99997.3
100002
100002
99992.3
99971.2
99989.6
99996.7
99999.7
99999.9
99999.9
99999.8
99999.7
99999.7
99999.7
99999.7
99999.7
99999.7
99999.7
99999.9
99999.2
100020
100005
100002
100003
99996.2
99989.3
99995.6
99999.9
99999.9
99999.7
99999.7
99999.7
100000
100000
99999.8
99999.7
99999.7
99999.8
99999.9
100000
100019
100003
100006
100006
100006
99999.5
99999.1
100000
99999.8
99999.8
100000
100000
100000
100000
100000
100000
100000
100000
99999.9
100001
99993.5
100007
100008
100011
100011
100001
100000
100000
99999.8
100000
100000
100000
100000
100000
100000
100000
99999.9
100000
99999.9
100004
99993.5
100009
100009
100015
100015
100008
100001
100000
100000
99999.9
100000
100000
100000
100000
99999.9
99999.9
100000
100000
100000
100004
100004
100008
100016
100022
100018
100007
100003
100000
100000
100000
100000
99999.9
100000
100000
99999.9
100000
100000
100000
100000
100001
100007
100009
100026
100017
100014
100002
100002
99999.8
99999.9
100000
100000
100000
100000
100000
100000
100000
99999.6
99999.7
99999.9
100001
100002
100011
100020
100006
100004
100002
100000
99999.5
99999.4
99999.4
99999.4
99999.7
100000
100000
99999.7
99999.4
99999.6
99999.5
99999.4
100000
100000
100005
100006
100258
100144
100139
100064
100001
100002
99999.9
99999.9
100000
100000
99999.9
100000
100000
100000
100000
100004
100095
100198
100318
100317
100040
100009
100021
99999.3
100000
99994.2
99999.7
99999.5
100000
100000
100000
100000
100000
100000
100000
100008
99997.7
100013
100039
100033
100015
100017
99995
100001
99999.8
100000
99999.9
99999.9
99999.9
100000
100000
100000
100000
100000
100000
100000
99999.6
100012
100001
99984.8
100000
100012
99994
100001
100000
100000
99999.9
99999.9
100000
100000
100000
100000
100000
99999.8
100000
99999.2
99999.2
99997
99998.2
99985.5
99960.8
100001
100008
100003
100001
100000
100000
100000
100000
100000
100000
100000
99999.9
99999.9
99999.9
99999.1
100001
99988.4
99997.2
100021
99997.7
100003
100037
100003
100003
99999.9
100000
99999.9
100000
100000
100000
100000
100000
100000
100000
99999.8
100004
99985.3
99980.1
100015
100042
99998
100045
99998.9
100001
99999.9
100000
99999.9
100000
100000
100000
100000
100000
100000
100000
100000
100006
100010
99974.5
99998.9
99997.8
99979.8
99990
99995.8
99998.5
99999.9
99999.9
99999.9
99999.9
99999.9
99999.9
100000
100000
100000
100000
100000
100003
100014
99995.8
99968.7
100001
99997.5
99996
100001
99995.6
99997.2
99997.3
99997.1
99997.3
99997.2
99997
99997.4
99997.4
99997.3
99997.5
99996.9
99999.1
100004
99999.4
99965.3
99996.2
100020
100004
100003
100000
100000
100000
100000
100000
100000
100000
100000
100000
100000
100000
99999.8
99995.8
99986
100001
99997.1
99978.9
100000
100007
100001
100000
99999.9
99999.9
99999.9
99999.9
100000
100000
100000
99999.9
99999.9
99999.9
99999.9
99995.5
99981.8
100001
100001
99973.9
99973.7
100004
100001
99999.9
100000
100000
100000
100000
100000
100000
100000
100000
100000
100000
100000
99998.6
99998.3
100002
100002
99992.8
99970.3
99989.8
99996.7
99999.7
100000
100000
99999.9
99999.9
99999.8
99999.8
99999.8
99999.9
99999.9
99999.8
99999.9
99999.3
100019
100004
100002
100002
99997.3
99989.7
99995.9
100000
100000
99999.8
99999.8
99999.8
100000
100000
99999.8
99999.8
99999.8
99999.8
99999.8
100000
100018
100003
100006
100006
100005
99999.2
99999.3
100000
99999.8
99999.8
99999.9
100000
100000
100000
100000
100000
99999.9
99999.9
99999.9
100001
99993.3
100006
100007
100010
100010
100001
100000
100000
99999.8
99999.9
99999.9
99999.9
99999.9
99999.9
99999.9
99999.9
99999.9
100000
99999.8
100003
99992.9
100008
100008
100013
100012
100007
100001
100000
100000
99999.9
99999.9
99999.9
99999.9
99999.9
99999.9
99999.9
100000
100000
100000
100004
100004
100007
100013
100020
100016
100006
100003
100000
100000
100000
100000
99999.9
99999.9
99999.9
99999.8
100000
100000
100000
100000
100001
100007
100006
100024
100016
100013
100001
100001
100000
100000
100000
100000
100000
99999.9
99999.9
100000
100000
100000
100000
100000
100001
100002
100008
100018
100006
100005
100002
100000
99999.9
99999.8
99999.7
99999.7
99999.9
100000
100000
100000
99999.7
100000
99999.9
99999.8
100000
100000
100005
100006
100205
100102
100102
100047
100001
100001
99999.9
100000
100000
100000
100000
100000
100000
100000
100000
100004
100073
100155
100248
100247
100031
100007
100015
99998.6
100000
99993.1
99999.6
99999.6
100000
100000
100000
100000
100000
100000
100000
100006
99997.9
100009
100028
100025
100012
100016
99996.3
100001
99999.8
100000
100000
100000
100000
100000
100000
100000
100000
100000
100000
100000
99999.3
100009
100001
99978.9
100000
100010
99995.2
100001
100000
100000
100000
99999.9
100000
100000
100000
100000
100000
99999.9
100000
99999.4
99999.7
99996.5
99998.7
99984.5
99957.2
100000
100006
100003
100001
100000
100000
100000
100000
100000
100000
100000
100000
99999.9
100000
99999.3
100001
99990
99997.8
100025
99999
100002
100028
100003
100002
99999.8
100000
99999.9
100000
100000
100000
100000
100000
100000
100000
99999.9
100004
99985.6
99977.3
100016
100044
99998.5
100035
99998.5
100001
99999.7
100000
100000
100000
100000
99999.9
100000
100000
100000
100000
100000
100005
100010
99972.4
99999
99997.8
99979.3
99990.6
99996.4
99998.8
99999.9
99999.9
99999.9
99999.9
99999.9
100000
100000
100000
100000
100000
100000
100003
100014
99996.4
99965.9
100000
99998
99994.8
100001
99996.7
99997.9
99998
99997.9
99998
99997.9
99997.8
99998.1
99998.1
99998
99998.1
99997.7
99999.4
100003
99999.2
99961.7
99996.4
100021
100005
100003
100000
100000
100000
100000
100000
100000
100000
100000
100000
100000
100000
100000
99995.9
99985.2
100001
99997.9
99976.7
100000
100007
100001
100000
99999.8
99999.8
99999.8
99999.9
100000
100000
99999.9
99999.9
99999.8
99999.9
99999.9
99995.7
99981.2
100001
100002
99971.4
99970.3
100003
100001
99999.9
100000
100000
100000
100000
100000
100000
100000
100000
100000
100000
100000
99998.8
99999.2
100002
100002
99992.8
99967.7
99990.1
99996.7
99999.7
100000
100000
100000
99999.9
99999.8
99999.8
99999.9
99999.9
99999.9
99999.9
99999.9
99999.5
100019
100004
100002
100002
99998.6
99989.8
99996.1
100000
100000
99999.8
99999.8
99999.8
100000
100000
99999.8
99999.8
99999.8
99999.8
99999.8
100000
100017
100003
100006
100005
100005
99998.9
99999.4
100000
99999.8
99999.7
99999.9
99999.9
100000
100000
99999.9
99999.9
99999.9
99999.9
99999.9
100001
99993.4
100006
100007
100009
100009
100001
100000
100000
99999.8
99999.9
99999.9
99999.9
99999.9
99999.9
99999.9
99999.9
99999.8
100000
99999.8
100003
99992.4
100007
100008
100011
100009
100006
100001
100000
100000
99999.8
99999.8
99999.8
99999.9
99999.9
99999.8
99999.8
100000
100000
100000
100004
100004
100005
100010
100016
100013
100005
100002
100000
100000
100000
100000
99999.8
99999.9
99999.8
99999.7
100000
100000
100000
100000
100001
100007
100004
100019
100014
100010
100000
100001
100000
100000
100000
100000
100000
99999.9
99999.9
100000
100000
100001
100001
100000
100000
100001
100005
100015
100005
100004
100002
100000
100000
100000
99999.9
99999.9
100000
100000
100000
100000
100000
100000
100000
100000
100000
99999.8
100004
100005
100147
100062
100063
100030
100001
99999.3
99999.9
100000
100000
100000
100000
100000
100000
100000
99999.6
100004
100050
100108
100170
100172
100022
100004
100004
99997.3
100000
99990.8
100002
99999.5
100000
100000
99999.8
100000
100000
100000
100000
100002
99997
100006
100017
100016
100010
100015
99998.2
100000
99999.9
100000
100000
100000
100000
100000
100000
100000
100000
100000
99999.9
100000
99998.9
100006
100001
99973.6
100000
100008
99996.6
100001
100000
100000
100000
99999.9
100000
100000
100000
100000
100000
99999.9
100000
99999.6
100000
99996.3
99999
99983.2
99952.7
100000
100004
100003
100001
100000
100000
100000
100000
100000
100000
100000
100000
100000
100000
99999.6
100001
99991.2
99998.1
100031
100001
100001
100018
100003
100001
99999.7
100000
99999.9
100000
100000
100000
100000
100000
100000
100000
99999.9
100003
99985.9
99973.6
100018
100052
99999
100023
99998.1
100000
99999.6
100000
100000
100000
100000
99999.9
100000
100000
100000
100000
100000
100004
100012
99969.5
99998.6
99997.9
99977
99992
99996.6
99999.2
99999.9
100000
100000
99999.9
99999.9
100000
100000
100000
100000
100000
100000
100003
100014
99997.3
99962.5
99999.5
99998.8
99993.2
100001
99998
99998.8
99998.9
99998.8
99998.9
99998.8
99998.7
99998.9
99998.9
99998.9
99998.9
99998.7
99999.7
100002
99999.2
99958
99996.5
100023
100005
100003
100000
100000
100000
100000
100000
100000
100000
100000
100000
100000
100000
100000
99996.1
99983.8
100000
99999
99973.4
99999.6
100008
100001
100000
99999.8
99999.8
99999.8
99999.9
99999.9
100000
99999.9
99999.8
99999.8
99999.8
100000
99995.3
99978.7
100001
100003
99966.1
99966.6
100002
100000
99999.9
100000
100001
100001
100000
100000
100000
100001
100000
100000
100000
100000
99998.9
100000
100002
100002
99993
99965
99990.4
99996.7
99999.7
100000
100000
100000
99999.9
99999.8
99999.8
99999.9
100000
100000
99999.9
99999.9
99999.6
100021
100003
100002
100003
99999.9
99988
99995.9
100000
100000
99999.9
99999.8
99999.8
100000
100000
99999.7
99999.8
99999.8
99999.8
99999.8
100000
100017
100001
100005
100004
100004
99998.3
99999.4
100000
99999.8
99999.7
99999.9
99999.9
99999.9
99999.9
99999.9
99999.9
99999.9
99999.9
99999.9
100000
99993.5
100004
100007
100008
100006
100001
100000
100000
99999.8
99999.9
99999.9
99999.9
99999.9
99999.9
99999.9
99999.8
99999.8
100000
99999.8
100004
99991.6
100005
100007
100008
100006
100007
100001
100000
100000
99999.8
99999.8
99999.8
99999.8
99999.8
99999.8
99999.8
100000
100000
100000
100003
100005
100003
100006
100010
100008
100004
100002
100000
100000
100000
100000
99999.8
99999.8
99999.8
99999.7
100000
100001
100000
100000
100000
100005
100002
100012
100010
100008
99998.6
100000
100000
100000
100000
100000
100000
99999.9
99999.9
100000
100001
100001
100001
100000
100000
100000
100003
100010
100004
100003
100002
99999.9
100000
100000
100000
100000
100000
100000
100000
100000
100000
100000
100000
100000
99999.9
99999.9
100003
100004
100071
100024
100025
100013
100002
99999.8
100000
100000
100000
100000
100000
100000
100000
100000
100000
100003
100024
100051
100078
100081
100010
100001
99994.9
99996.4
100000
99990.5
100008
99999.3
100000
100000
99999.4
100000
100000
100000
100000
99998.7
99995.8
100003
100006
100006
100006
100012
99999.4
99999.8
99999.9
100000
99999.9
100000
100000
100000
100000
100000
100000
100000
99999.8
100000
99998.4
100003
100000
99984.8
100000
100006
99998.6
100000
100000
100000
100000
99999.9
100000
100000
100000
100000
99999.9
99999.9
100000
99999.8
100000
99997.5
99999.3
99990.7
99975.5
100000
100001
100002
100000
100000
100000
100000
100000
100000
100000
100000
100000
100000
100000
99999.9
100000
99992.9
99998.8
100019
100002
100001
100007
100002
100000
99999.6
100000
100000
100000
100000
100000
100000
100000
100000
100000
100000
100002
99991.8
99983.9
100010
100030
99999.5
100010
99998.7
100000
99999.6
100000
100000
100000
100000
99999.9
100000
100000
100000
100000
100000
100004
100008
99983.5
99998.6
99998.6
99986.3
99996.2
99997.5
99999.7
100000
100000
100000
100000
100000
100000
100000
100000
100000
100000
100000
100002
100009
99999.3
99978.7
99999
99999.6
99993.2
100001
99999.5
99999.7
99999.7
99999.7
99999.7
99999.7
99999.7
99999.7
99999.8
99999.7
99999.8
99999.7
100000
100001
99999.8
99977.5
99997.4
100013
100003
100003
100000
100000
100000
100000
100000
100000
100000
100000
100000
100000
100000
100000
99997.2
99990.4
99999.1
100000
99985.2
99999.4
100006
100001
100000
99999.8
99999.8
99999.8
99999.9
100000
100000
99999.9
99999.8
99999.8
99999.9
100000
99995.4
99987.6
100000
100003
99981.3
99981.3
100001
100000
100000
100000
100000
100000
100000
100000
100000
100000
100000
100000
100000
100000
99999.2
100000
100002
100001
99996.5
99981.3
99993.9
99997.6
99999.7
100000
100000
100000
99999.9
99999.8
99999.8
99999.8
100000
100000
99999.8
99999.9
99999.9
100012
100001
99999.5
100002
100000
99991.7
99996.4
99999.9
100000
99999.8
99999.8
99999.8
100000
100000
99999.7
99999.8
99999.8
99999.8
99999.7
100000
100009
99999.1
100002
100002
100001
99998.6
99999.3
100000
99999.8
99999.7
99999.9
100000
100000
100000
100000
100000
99999.9
99999.9
99999.9
100000
99995.2
99999.9
100004
100003
100001
100000
99999.8
100000
99999.9
99999.9
99999.9
99999.9
99999.9
99999.9
99999.9
99999.9
99999.9
100000
99999.9
100003
99993.1
100001
100003
100001
100000
100004
100001
100000
100000
99999.9
99999.9
99999.9
99999.9
99999.9
99999.9
99999.9
100000
100000
100000
100002
100003
100000
99999.6
99998.6
99999
100001
100001
100000
100000
100000
100000
99999.9
99999.9
99999.9
99999.8
100000
100001
100000
100000
99999.9
100002
99998.7
99999.6
100001
100000
99995.8
99999.9
100000
100000
100000
100000
100000
99999.9
99999.9
100000
100000
100001
100001
100001
99999.9
99998.6
99999
100002
100002
100001
100001
99999.8
100000
100000
100000
100000
100000
100000
100000
100000
100000
100000
100000
100000
99999.9
99999.1
100001
100001
)
;

boundaryField
{
    aeration
    {
        type            fixedFluxPressure;
        gradient        nonuniform List<scalar> 
500
(
30.5996
26.5519
26.9119
26.6881
26.6287
26.5226
26.4721
26.4429
26.4539
26.5109
26.6193
26.7783
26.9823
27.228
27.5107
27.8246
28.1675
28.5389
28.9375
29.3515
29.8073
30.2264
30.8838
30.7446
35.8172
32.3156
29.3531
29.5745
29.2012
29.0291
28.7885
28.5926
28.4139
28.2886
28.2793
28.4653
28.8059
29.2254
29.6832
30.1748
30.7034
31.2703
31.8788
32.5395
33.2658
34.0861
34.9829
36.1419
37.0432
42.2084
42.4459
38.4401
38.1044
37.167
36.6494
36.0955
35.6087
35.1676
34.7736
34.426
34.1418
33.9644
33.9541
34.1302
34.4287
34.786
35.1736
35.5838
36.0186
36.478
37.0087
37.5819
38.7068
39.8928
43.8715
60.4546
53.7603
53.464
53.1154
53.9585
55.3216
57.8168
61.6228
66.6628
70.8781
71.6057
68.8249
66.5287
64.3134
62.4027
60.728
59.2378
57.9216
56.832
56.018
55.5883
55.4625
56.1795
57.7608
68.6825
901.03
922.879
969.15
1009.06
1054.78
1101.17
1147.73
1192.03
1234.49
1289.14
1367.37
1412.56
1461.49
1512.38
1556.22
1572.39
1561.07
1549.07
1538.58
1528.68
1524.35
1524.13
1525.25
1521.62
1580.22
1495.62
1517.31
1528.41
1537.31
1547.31
1555.99
1565.65
1569.14
1567.93
1565.39
1563.33
1559.63
1555.73
1553.48
1552.42
1551.36
1549.83
1546.63
1541.04
1532.51
1520.23
1503.49
1486.79
1469.85
1465.87
1573.91
1591.03
1611.43
1612.15
1610.1
1601.87
1592.78
1579.88
1565.3
1545.96
1524.04
1495.8
1463.44
1424.74
1379.57
1328.71
1276.38
1225.78
1180.34
1142.22
1113.42
1101.14
1102.83
1106.77
1094.89
28.3243
33.9376
37.2402
41.6402
47.2498
53.2816
59.5417
64.5361
69.601
75.2012
81.4561
88.128
95.3495
102.909
110.212
117.329
123.573
128.85
132.9
135.134
135.571
135.56
132.477
132.976
135.7
44.6174
50.9259
54.177
57.2242
60.208
62.2285
64.2918
66.416
68.5465
70.7091
72.792
74.8363
76.758
78.5465
80.136
81.5534
82.8017
83.863
84.6915
85.3768
85.9504
86.3196
86.5245
87.1928
89.3268
52.8277
58.9587
61.1111
62.9136
64.7485
66.7024
68.673
70.712
72.869
75.2562
77.7668
80.1907
82.3389
84.3417
86.425
88.6446
90.7475
92.4829
93.7734
94.8574
95.9829
97.0014
97.6027
101.384
103.69
26.6922
29.5679
30.3932
31.145
31.6381
32.0451
32.3041
32.473
32.4991
32.411
32.0977
31.7006
31.1322
30.5034
29.7481
28.961
28.0619
27.1454
26.118
25.2182
74.5628
169.173
256.261
306.603
319.687
70.1356
77.5723
82.2566
86.1603
90.5723
95.5546
101.196
107.743
115.282
124.161
134.561
146.833
160.994
177.231
195.63
216.976
243.021
277.324
322.045
380.083
453.337
535.286
608.071
640.832
668.259
31.9667
34.399
35.1709
36.0259
36.91
37.7932
38.4474
39.2434
39.9866
41.1271
42.7305
45.5026
49.1999
54.2393
61.1841
69.5968
77.3318
82.5031
87.8177
92.6064
96.2535
98.1785
98.555
97.1972
92.5494
1047.46
1041.5
1055.6
1062.21
1058.16
1051.89
1045.97
1039.1
1035.53
1033.68
1033.28
1076.07
1190.97
1364.6
1452.86
602.148
46.7648
52.7515
56.1673
60.1304
62.8367
64.9091
65.5772
63.6653
59.7855
990.847
991.964
1032.6
1048.27
1067.7
1083.42
1099.95
1115.13
1130.02
1144.22
1157.98
1170.83
1181.88
1189.9
1191.64
1193.46
1218.41
1238.76
1263.37
1288.61
1318.2
1346.29
1383.43
1436.39
1312.67
176.743
165.572
169.21
172.227
176.281
180.505
185.018
189.691
194.57
199.575
204.749
210.025
215.432
220.901
226.429
231.897
237.4
243.355
249.564
255.575
260.206
262.116
251.191
238.076
258.274
49.6284
44.5951
43.1584
41.7212
40.945
40.3812
39.938
39.6054
39.3656
39.2103
39.1419
39.1554
39.2299
39.3435
39.5166
39.7469
40.0346
40.3818
40.7913
41.2696
41.8515
42.5221
43.8002
44.6247
50.9999
37.1498
33.3615
33.5633
33.0801
32.7561
32.3836
32.0393
31.7111
31.4294
31.2151
31.0936
31.0878
31.1994
31.4047
31.6777
31.9991
32.3582
32.7506
33.177
33.6312
34.1364
34.6003
35.3591
35.2425
40.1085
32.1962
28.8353
28.8647
28.3093
27.9777
27.6411
27.3592
27.0811
26.7992
26.5152
26.2553
26.0731
26.0556
26.2249
26.5035
26.8234
27.1555
27.4898
27.8284
28.1649
28.5283
28.8355
29.3429
29.2247
32.7837
29.4275
25.5143
25.7531
25.4216
25.2472
25.0664
24.9508
24.8676
24.828
24.8295
24.8775
24.9752
25.1234
25.3214
25.5653
25.8488
26.1679
26.523
26.9187
27.3543
27.858
28.3411
29.0856
29.1279
33.4041
)
;
        value           nonuniform List<scalar> 
500
(
100101
100200
100269
100330
100383
100428
100464
100492
100513
100527
100534
100535
100531
100521
100505
100485
100459
100429
100394
100354
100308
100258
100205
100147
100072
100076
100159
100225
100281
100327
100363
100390
100410
100422
100427
100428
100424
100415
100402
100384
100361
100333
100301
100266
100227
100186
100144
100102
100062
100024
100041
100091
100135
100174
100209
100239
100264
100285
100302
100314
100322
100326
100325
100320
100310
100296
100278
100257
100232
100204
100173
100139
100102
100063
100025
100019
100040
100059
100077
100093
100107
100119
100128
100135
100140
100143
100144
100144
100142
100138
100132
100125
100116
100106
100093
100079
100064
100047
100030
100013
100005
100006
100008
100009
100009
100009
100009
100009
100008
100008
100007
100006
100005
100005
100004
100004
100003
100003
100003
100003
100003
100003
100003
100003
100003
100002
100002
100003
100004
100004
100005
100006
100007
100008
100009
100010
100010
100011
100011
100011
100010
100010
100009
100008
100006
100005
100003
100002
100001
100001
100003
100003
100003
100004
100004
100004
100004
100004
100004
100004
100003
100003
100003
100003
100003
100002
100002
100002
100001
100001
100001
100001
100001
100001
100001
100000
100000
100000
100000
100000
100000
100000
100000
100000
100000
100000
100000
100000
100000
100000
100000
100000
100000
100000
100000
100000
100000
100000
100000
100000
100000
100000
100000
100000
100000
100000
100000
100000
100000
100000
100000
100000
100000
100000
100000
100000
100000
100000
100000
100000
100000
100000
100000
100000
100000
100000
100000
100000
100000
100000
100000
100000
100000
100000
100000
100000
100000
100000
100000
100000
100000
100000
100000
100000
100000
100000
100000
100000
100000
100000
100000
100000
100000
100000
100000
100000
100000
100000
100000
100000
100000
100000
100000
100000
99999.9
99999.9
99999.9
100000
100000
100000
100000
100000
100000
100000
100000
100000
100000
100000
100000
100000
100000
100000
100000
100000
100000
100000
100000
100000
100000
100000
100000
100000
100000
100000
100000
100000
100000
100001
100001
100001
100000
100000
100000
100000
100001
100001
100001
100001
100001
100001
100001
100001
100001
100001
100001
100001
100001
100001
100000
100000
100000
100000
100000
100000
100000
100001
100002
100002
100002
100002
100002
100002
100002
100002
100002
100002
100002
100002
100002
100003
100001
100001
100001
100000
100000
100000
100000
100000
100000
100000
100002
100003
100003
100003
100004
100004
100004
100004
100004
100004
100004
100004
100003
100003
100003
100003
100002
100002
100002
100002
100002
100002
100001
100001
100001
100005
100008
100009
100010
100011
100012
100012
100013
100013
100013
100013
100012
100012
100011
100011
100010
100009
100008
100007
100006
100005
100004
100004
100004
100004
100021
100049
100078
100103
100125
100144
100159
100172
100182
100189
100194
100196
100196
100194
100189
100182
100173
100161
100148
100132
100115
100095
100073
100050
100024
100062
100130
100185
100234
100276
100312
100341
100365
100383
100396
100403
100406
100405
100399
100390
100375
100357
100334
100307
100275
100239
100198
100155
100108
100051
100085
100187
100272
100347
100412
100467
100513
100549
100578
100600
100614
100622
100622
100616
100604
100584
100558
100524
100484
100436
100380
100318
100248
100171
100078
100114
100232
100318
100394
100462
100518
100565
100601
100629
100648
100659
100663
100659
100648
100629
100605
100573
100535
100491
100440
100382
100317
100247
100172
100081
)
;
    }
    xsides
    {
        type            fixedValue;
        value           uniform 100000;
    }
    zsides
    {
        type            fixedValue;
        value           uniform 100000;
    }
    outlet
    {
        type            fixedValue;
        value           uniform 100000;
    }
    semiConductor1
    {
        type            zeroGradient;
    }
    semiConductor1-shadow
    {
        type            zeroGradient;
    }
    semiConductor2
    {
        type            zeroGradient;
    }
    semiConductor2-shadow2
    {
        type            zeroGradient;
    }
}


// ************************************************************************* //
