/*--------------------------------*- C++ -*----------------------------------*\
| =========                 |                                                 |
| \\      /  F ield         | OpenFOAM: The Open Source CFD Toolbox           |
|  \\    /   O peration     | Version:  2.3.0                                 |
|   \\  /    A nd           | Web:      www.OpenFOAM.org                      |
|    \\/     M anipulation  |                                                 |
\*---------------------------------------------------------------------------*/
FoamFile
{
    version     2.0;
    format      ascii;
    class       volScalarField;
    location    "0.35";
    object      p;
}
// * * * * * * * * * * * * * * * * * * * * * * * * * * * * * * * * * * * * * //

dimensions      [1 -1 -2 0 0 0 0];

internalField   nonuniform List<scalar> 
8000
(
-0.230241
-0.230244
-0.230247
-0.230252
-0.230259
-0.230269
-0.230281
-0.230295
-0.230307
-0.230313
-0.230313
-0.230307
-0.230295
-0.230281
-0.230269
-0.230259
-0.230252
-0.230247
-0.230244
-0.230241
-0.690781
-0.690788
-0.690794
-0.6908
-0.690808
-0.690817
-0.690828
-0.690839
-0.690848
-0.690852
-0.690852
-0.690848
-0.690839
-0.690828
-0.690817
-0.690808
-0.6908
-0.690794
-0.690788
-0.690781
-1.15133
-1.15134
-1.15134
-1.15135
-1.15136
-1.15136
-1.15137
-1.15138
-1.15139
-1.15139
-1.15139
-1.15139
-1.15138
-1.15137
-1.15136
-1.15136
-1.15135
-1.15134
-1.15134
-1.15133
-1.61188
-1.61189
-1.61189
-1.6119
-1.6119
-1.61191
-1.61192
-1.61192
-1.61193
-1.61193
-1.61193
-1.61193
-1.61192
-1.61192
-1.61191
-1.6119
-1.6119
-1.61189
-1.61189
-1.61188
-2.07243
-2.07244
-2.07244
-2.07245
-2.07245
-2.07246
-2.07246
-2.07247
-2.07247
-2.07247
-2.07247
-2.07247
-2.07247
-2.07246
-2.07246
-2.07245
-2.07245
-2.07244
-2.07244
-2.07243
-2.53298
-2.53299
-2.53299
-2.533
-2.533
-2.533
-2.53301
-2.53301
-2.53301
-2.53301
-2.53301
-2.53301
-2.53301
-2.53301
-2.533
-2.533
-2.533
-2.53299
-2.53299
-2.53298
-2.99353
-2.99354
-2.99354
-2.99354
-2.99355
-2.99355
-2.99355
-2.99356
-2.99356
-2.99356
-2.99356
-2.99356
-2.99356
-2.99355
-2.99355
-2.99355
-2.99354
-2.99354
-2.99354
-2.99353
-3.45408
-3.45409
-3.45409
-3.45409
-3.4541
-3.4541
-3.4541
-3.4541
-3.45411
-3.45411
-3.45411
-3.45411
-3.4541
-3.4541
-3.4541
-3.4541
-3.45409
-3.45409
-3.45409
-3.45408
-3.91464
-3.91464
-3.91464
-3.91464
-3.91465
-3.91465
-3.91465
-3.91465
-3.91465
-3.91465
-3.91465
-3.91465
-3.91465
-3.91465
-3.91465
-3.91465
-3.91464
-3.91464
-3.91464
-3.91464
-4.37519
-4.37519
-4.37519
-4.37519
-4.3752
-4.3752
-4.3752
-4.3752
-4.3752
-4.3752
-4.3752
-4.3752
-4.3752
-4.3752
-4.3752
-4.3752
-4.37519
-4.37519
-4.37519
-4.37519
-4.83574
-4.83574
-4.83574
-4.83574
-4.83575
-4.83575
-4.83575
-4.83575
-4.83575
-4.83575
-4.83575
-4.83575
-4.83575
-4.83575
-4.83575
-4.83575
-4.83574
-4.83574
-4.83574
-4.83574
-5.29629
-5.29629
-5.29629
-5.29629
-5.2963
-5.2963
-5.2963
-5.2963
-5.2963
-5.2963
-5.2963
-5.2963
-5.2963
-5.2963
-5.2963
-5.2963
-5.29629
-5.29629
-5.29629
-5.29629
-5.75684
-5.75684
-5.75684
-5.75684
-5.75685
-5.75685
-5.75685
-5.75685
-5.75685
-5.75685
-5.75685
-5.75685
-5.75685
-5.75685
-5.75685
-5.75685
-5.75684
-5.75684
-5.75684
-5.75684
-6.21739
-6.21739
-6.21739
-6.2174
-6.2174
-6.2174
-6.2174
-6.2174
-6.2174
-6.2174
-6.2174
-6.2174
-6.2174
-6.2174
-6.2174
-6.2174
-6.2174
-6.21739
-6.21739
-6.21739
-6.67794
-6.67794
-6.67795
-6.67795
-6.67795
-6.67795
-6.67795
-6.67795
-6.67795
-6.67795
-6.67795
-6.67795
-6.67795
-6.67795
-6.67795
-6.67795
-6.67795
-6.67795
-6.67794
-6.67794
-7.13849
-7.1385
-7.1385
-7.1385
-7.1385
-7.1385
-7.1385
-7.1385
-7.1385
-7.1385
-7.1385
-7.1385
-7.1385
-7.1385
-7.1385
-7.1385
-7.1385
-7.1385
-7.1385
-7.13849
-7.59904
-7.59905
-7.59905
-7.59905
-7.59905
-7.59905
-7.59905
-7.59905
-7.59905
-7.59905
-7.59905
-7.59905
-7.59905
-7.59905
-7.59905
-7.59905
-7.59905
-7.59905
-7.59905
-7.59905
-8.05959
-8.0596
-8.0596
-8.0596
-8.0596
-8.0596
-8.0596
-8.0596
-8.0596
-8.0596
-8.0596
-8.0596
-8.0596
-8.0596
-8.0596
-8.0596
-8.0596
-8.0596
-8.0596
-8.0596
-8.52015
-8.52015
-8.52015
-8.52015
-8.52015
-8.52015
-8.52015
-8.52015
-8.52015
-8.52015
-8.52015
-8.52015
-8.52015
-8.52015
-8.52015
-8.52015
-8.52015
-8.52015
-8.52015
-8.52015
-8.9807
-8.9807
-8.9807
-8.9807
-8.9807
-8.9807
-8.9807
-8.9807
-8.9807
-8.9807
-8.9807
-8.9807
-8.9807
-8.9807
-8.9807
-8.9807
-8.9807
-8.9807
-8.9807
-8.9807
-9.44125
-9.44125
-9.44125
-9.44125
-9.44125
-9.44125
-9.44125
-9.44125
-9.44125
-9.44125
-9.44125
-9.44125
-9.44125
-9.44125
-9.44125
-9.44125
-9.44125
-9.44125
-9.44125
-9.44125
-9.9018
-9.9018
-9.9018
-9.9018
-9.9018
-9.9018
-9.9018
-9.9018
-9.9018
-9.9018
-9.9018
-9.9018
-9.9018
-9.9018
-9.9018
-9.9018
-9.9018
-9.9018
-9.9018
-9.9018
-10.3623
-10.3623
-10.3623
-10.3623
-10.3623
-10.3623
-10.3623
-10.3623
-10.3623
-10.3623
-10.3623
-10.3623
-10.3623
-10.3623
-10.3623
-10.3623
-10.3623
-10.3623
-10.3623
-10.3623
-10.8229
-10.8229
-10.8229
-10.8229
-10.8229
-10.8229
-10.8229
-10.8229
-10.8229
-10.8229
-10.8229
-10.8229
-10.8229
-10.8229
-10.8229
-10.8229
-10.8229
-10.8229
-10.8229
-10.8229
-11.2834
-11.2835
-11.2835
-11.2835
-11.2835
-11.2835
-11.2835
-11.2835
-11.2835
-11.2835
-11.2835
-11.2835
-11.2835
-11.2835
-11.2835
-11.2834
-11.2834
-11.2834
-11.2834
-11.2834
-11.744
-11.744
-11.744
-11.744
-11.744
-11.744
-11.744
-11.744
-11.744
-11.744
-11.744
-11.744
-11.744
-11.744
-11.744
-11.744
-11.744
-11.744
-11.744
-11.744
-12.2045
-12.2046
-12.2046
-12.2046
-12.2046
-12.2046
-12.2046
-12.2046
-12.2046
-12.2046
-12.2046
-12.2046
-12.2046
-12.2046
-12.2046
-12.2046
-12.2046
-12.2046
-12.2046
-12.2045
-12.6651
-12.6651
-12.6651
-12.6651
-12.6651
-12.6651
-12.6651
-12.6651
-12.6651
-12.6651
-12.6651
-12.6651
-12.6651
-12.6651
-12.6651
-12.6651
-12.6651
-12.6651
-12.6651
-12.6651
-13.1257
-13.1257
-13.1257
-13.1257
-13.1257
-13.1257
-13.1257
-13.1257
-13.1257
-13.1257
-13.1257
-13.1257
-13.1257
-13.1257
-13.1257
-13.1257
-13.1257
-13.1257
-13.1257
-13.1256
-13.5862
-13.5862
-13.5862
-13.5862
-13.5862
-13.5862
-13.5862
-13.5862
-13.5862
-13.5862
-13.5862
-13.5862
-13.5862
-13.5862
-13.5862
-13.5862
-13.5862
-13.5862
-13.5862
-13.5862
-14.0468
-14.0468
-14.0468
-14.0468
-14.0468
-14.0468
-14.0468
-14.0468
-14.0468
-14.0468
-14.0468
-14.0468
-14.0468
-14.0468
-14.0468
-14.0468
-14.0468
-14.0468
-14.0468
-14.0467
-14.5073
-14.5073
-14.5073
-14.5073
-14.5073
-14.5073
-14.5073
-14.5073
-14.5073
-14.5073
-14.5073
-14.5073
-14.5073
-14.5073
-14.5073
-14.5073
-14.5073
-14.5073
-14.5073
-14.5073
-14.9679
-14.9679
-14.9679
-14.9679
-14.9679
-14.9679
-14.9679
-14.9679
-14.9679
-14.9679
-14.9679
-14.9679
-14.9679
-14.9679
-14.9679
-14.9679
-14.9679
-14.9679
-14.9679
-14.9679
-15.4284
-15.4284
-15.4284
-15.4284
-15.4284
-15.4284
-15.4284
-15.4284
-15.4284
-15.4284
-15.4284
-15.4284
-15.4284
-15.4284
-15.4284
-15.4284
-15.4284
-15.4284
-15.4284
-15.4284
-15.889
-15.889
-15.889
-15.889
-15.889
-15.889
-15.889
-15.889
-15.889
-15.889
-15.889
-15.889
-15.889
-15.889
-15.889
-15.889
-15.889
-15.889
-15.889
-15.889
-16.3495
-16.3495
-16.3495
-16.3495
-16.3495
-16.3495
-16.3495
-16.3495
-16.3495
-16.3495
-16.3495
-16.3495
-16.3495
-16.3495
-16.3495
-16.3495
-16.3495
-16.3495
-16.3495
-16.3495
-16.8101
-16.8101
-16.8101
-16.8101
-16.8101
-16.8101
-16.8101
-16.8101
-16.8101
-16.8101
-16.8101
-16.8101
-16.8101
-16.8101
-16.8101
-16.8101
-16.8101
-16.8101
-16.8101
-16.8101
-17.2706
-17.2706
-17.2706
-17.2706
-17.2706
-17.2706
-17.2706
-17.2706
-17.2706
-17.2706
-17.2706
-17.2706
-17.2706
-17.2706
-17.2706
-17.2706
-17.2706
-17.2706
-17.2706
-17.2706
-17.7312
-17.7312
-17.7312
-17.7312
-17.7312
-17.7312
-17.7312
-17.7312
-17.7312
-17.7312
-17.7312
-17.7312
-17.7312
-17.7312
-17.7312
-17.7312
-17.7312
-17.7312
-17.7312
-17.7312
-18.1917
-18.1917
-18.1917
-18.1917
-18.1917
-18.1917
-18.1917
-18.1917
-18.1917
-18.1917
-18.1917
-18.1917
-18.1917
-18.1917
-18.1917
-18.1917
-18.1917
-18.1917
-18.1917
-18.1917
-18.6523
-18.6523
-18.6523
-18.6523
-18.6523
-18.6523
-18.6523
-18.6523
-18.6523
-18.6523
-18.6523
-18.6523
-18.6523
-18.6523
-18.6523
-18.6523
-18.6523
-18.6523
-18.6523
-18.6523
-19.1128
-19.1128
-19.1128
-19.1128
-19.1128
-19.1128
-19.1128
-19.1128
-19.1128
-19.1128
-19.1128
-19.1128
-19.1128
-19.1128
-19.1128
-19.1128
-19.1128
-19.1128
-19.1128
-19.1128
-19.5734
-19.5734
-19.5734
-19.5734
-19.5734
-19.5734
-19.5734
-19.5734
-19.5734
-19.5734
-19.5734
-19.5734
-19.5734
-19.5734
-19.5734
-19.5734
-19.5734
-19.5734
-19.5734
-19.5734
-20.0339
-20.0339
-20.0339
-20.0339
-20.0339
-20.0339
-20.0339
-20.0339
-20.0339
-20.0339
-20.0339
-20.0339
-20.0339
-20.0339
-20.0339
-20.0339
-20.0339
-20.0339
-20.0339
-20.0339
-20.4945
-20.4945
-20.4945
-20.4945
-20.4945
-20.4945
-20.4945
-20.4945
-20.4945
-20.4945
-20.4945
-20.4945
-20.4945
-20.4945
-20.4945
-20.4945
-20.4945
-20.4945
-20.4945
-20.4945
-20.955
-20.955
-20.955
-20.955
-20.955
-20.955
-20.955
-20.955
-20.955
-20.955
-20.955
-20.955
-20.955
-20.955
-20.955
-20.955
-20.955
-20.955
-20.955
-20.955
-21.4156
-21.4156
-21.4156
-21.4156
-21.4156
-21.4156
-21.4156
-21.4156
-21.4156
-21.4156
-21.4156
-21.4156
-21.4156
-21.4156
-21.4156
-21.4156
-21.4156
-21.4156
-21.4156
-21.4156
-21.8761
-21.8761
-21.8761
-21.8761
-21.8761
-21.8761
-21.8761
-21.8761
-21.8761
-21.8761
-21.8761
-21.8761
-21.8761
-21.8761
-21.8761
-21.8761
-21.8761
-21.8761
-21.8761
-21.8761
-22.3367
-22.3367
-22.3367
-22.3367
-22.3367
-22.3367
-22.3367
-22.3367
-22.3367
-22.3367
-22.3367
-22.3367
-22.3367
-22.3367
-22.3367
-22.3367
-22.3367
-22.3367
-22.3367
-22.3367
-22.7972
-22.7972
-22.7972
-22.7972
-22.7972
-22.7972
-22.7972
-22.7972
-22.7972
-22.7972
-22.7972
-22.7972
-22.7972
-22.7972
-22.7972
-22.7972
-22.7972
-22.7972
-22.7972
-22.7972
-23.2578
-23.2578
-23.2578
-23.2578
-23.2578
-23.2578
-23.2578
-23.2578
-23.2578
-23.2578
-23.2578
-23.2578
-23.2578
-23.2578
-23.2578
-23.2578
-23.2578
-23.2578
-23.2578
-23.2578
-23.7183
-23.7183
-23.7183
-23.7183
-23.7183
-23.7183
-23.7183
-23.7183
-23.7183
-23.7183
-23.7183
-23.7183
-23.7183
-23.7183
-23.7183
-23.7183
-23.7183
-23.7183
-23.7183
-23.7183
-24.1789
-24.1789
-24.1789
-24.1789
-24.1789
-24.1789
-24.1789
-24.1789
-24.1789
-24.1789
-24.1789
-24.1789
-24.1789
-24.1789
-24.1789
-24.1789
-24.1789
-24.1789
-24.1789
-24.1789
-24.6394
-24.6394
-24.6394
-24.6394
-24.6394
-24.6394
-24.6394
-24.6394
-24.6394
-24.6394
-24.6394
-24.6394
-24.6394
-24.6394
-24.6394
-24.6394
-24.6394
-24.6394
-24.6394
-24.6394
-25.1
-25.1
-25.1
-25.1
-25.1
-25.1
-25.1
-25.1
-25.1
-25.1
-25.1
-25.1
-25.1
-25.1
-25.1
-25.1
-25.1
-25.1
-25.1
-25.1
-25.5605
-25.5605
-25.5605
-25.5605
-25.5605
-25.5605
-25.5605
-25.5605
-25.5605
-25.5605
-25.5605
-25.5605
-25.5605
-25.5605
-25.5605
-25.5605
-25.5605
-25.5605
-25.5605
-25.5605
-26.0211
-26.0211
-26.0211
-26.0211
-26.0211
-26.0211
-26.0211
-26.0211
-26.0211
-26.0211
-26.0211
-26.0211
-26.0211
-26.0211
-26.0211
-26.0211
-26.0211
-26.0211
-26.0211
-26.0211
-26.4816
-26.4816
-26.4816
-26.4816
-26.4816
-26.4816
-26.4816
-26.4816
-26.4816
-26.4816
-26.4816
-26.4816
-26.4816
-26.4816
-26.4816
-26.4816
-26.4816
-26.4816
-26.4816
-26.4816
-26.9422
-26.9422
-26.9422
-26.9422
-26.9422
-26.9422
-26.9422
-26.9422
-26.9422
-26.9422
-26.9422
-26.9422
-26.9422
-26.9422
-26.9422
-26.9422
-26.9422
-26.9422
-26.9422
-26.9422
-27.4027
-27.4027
-27.4027
-27.4027
-27.4027
-27.4027
-27.4027
-27.4027
-27.4027
-27.4027
-27.4027
-27.4027
-27.4027
-27.4027
-27.4027
-27.4027
-27.4027
-27.4027
-27.4027
-27.4027
-27.8633
-27.8633
-27.8633
-27.8633
-27.8633
-27.8633
-27.8633
-27.8633
-27.8633
-27.8633
-27.8633
-27.8633
-27.8633
-27.8633
-27.8633
-27.8633
-27.8633
-27.8633
-27.8633
-27.8633
-28.3238
-28.3238
-28.3238
-28.3238
-28.3238
-28.3238
-28.3238
-28.3238
-28.3238
-28.3238
-28.3238
-28.3238
-28.3238
-28.3238
-28.3238
-28.3238
-28.3238
-28.3238
-28.3238
-28.3238
-28.7844
-28.7844
-28.7844
-28.7844
-28.7844
-28.7844
-28.7844
-28.7844
-28.7844
-28.7844
-28.7844
-28.7844
-28.7844
-28.7844
-28.7844
-28.7844
-28.7844
-28.7844
-28.7844
-28.7844
-29.2449
-29.2449
-29.2449
-29.2449
-29.2449
-29.2449
-29.2449
-29.2449
-29.2449
-29.2449
-29.2449
-29.2449
-29.2449
-29.2449
-29.2449
-29.2449
-29.2449
-29.2449
-29.2449
-29.2449
-29.7055
-29.7055
-29.7055
-29.7055
-29.7055
-29.7055
-29.7055
-29.7055
-29.7055
-29.7055
-29.7055
-29.7055
-29.7055
-29.7055
-29.7055
-29.7055
-29.7055
-29.7055
-29.7055
-29.7055
-30.166
-30.166
-30.166
-30.166
-30.166
-30.166
-30.166
-30.166
-30.166
-30.166
-30.166
-30.166
-30.166
-30.166
-30.166
-30.166
-30.166
-30.166
-30.166
-30.166
-30.6266
-30.6266
-30.6266
-30.6266
-30.6266
-30.6266
-30.6266
-30.6266
-30.6266
-30.6266
-30.6266
-30.6266
-30.6266
-30.6266
-30.6266
-30.6266
-30.6266
-30.6266
-30.6266
-30.6266
-31.0871
-31.0871
-31.0871
-31.0871
-31.0871
-31.0871
-31.0871
-31.0871
-31.0871
-31.0871
-31.0871
-31.0871
-31.0871
-31.0871
-31.0871
-31.0871
-31.0871
-31.0871
-31.0871
-31.0871
-31.5477
-31.5477
-31.5477
-31.5477
-31.5477
-31.5477
-31.5477
-31.5477
-31.5477
-31.5477
-31.5477
-31.5477
-31.5477
-31.5477
-31.5477
-31.5477
-31.5477
-31.5477
-31.5477
-31.5477
-32.0082
-32.0082
-32.0082
-32.0082
-32.0082
-32.0082
-32.0082
-32.0082
-32.0082
-32.0082
-32.0082
-32.0082
-32.0082
-32.0082
-32.0082
-32.0082
-32.0082
-32.0082
-32.0082
-32.0082
-32.4688
-32.4688
-32.4688
-32.4688
-32.4688
-32.4688
-32.4688
-32.4688
-32.4688
-32.4688
-32.4688
-32.4688
-32.4688
-32.4688
-32.4688
-32.4688
-32.4688
-32.4688
-32.4688
-32.4688
-32.9293
-32.9293
-32.9293
-32.9293
-32.9293
-32.9293
-32.9293
-32.9293
-32.9293
-32.9293
-32.9293
-32.9293
-32.9293
-32.9293
-32.9293
-32.9293
-32.9293
-32.9293
-32.9293
-32.9293
-33.3899
-33.3899
-33.3899
-33.3899
-33.3899
-33.3899
-33.3899
-33.3899
-33.3899
-33.3899
-33.3899
-33.3899
-33.3899
-33.3899
-33.3899
-33.3899
-33.3899
-33.3899
-33.3899
-33.3899
-33.8504
-33.8504
-33.8504
-33.8504
-33.8504
-33.8504
-33.8504
-33.8504
-33.8504
-33.8504
-33.8504
-33.8504
-33.8504
-33.8504
-33.8504
-33.8504
-33.8504
-33.8504
-33.8504
-33.8504
-34.311
-34.311
-34.311
-34.311
-34.311
-34.311
-34.311
-34.311
-34.311
-34.311
-34.311
-34.311
-34.311
-34.311
-34.311
-34.311
-34.311
-34.311
-34.311
-34.311
-34.7715
-34.7715
-34.7715
-34.7715
-34.7715
-34.7715
-34.7715
-34.7715
-34.7715
-34.7715
-34.7715
-34.7715
-34.7715
-34.7715
-34.7715
-34.7715
-34.7715
-34.7715
-34.7715
-34.7715
-35.2321
-35.2321
-35.2321
-35.2321
-35.2321
-35.2321
-35.2321
-35.2321
-35.2321
-35.2321
-35.2321
-35.2321
-35.2321
-35.2321
-35.2321
-35.2321
-35.2321
-35.2321
-35.2321
-35.2321
-35.6926
-35.6926
-35.6926
-35.6926
-35.6926
-35.6926
-35.6926
-35.6926
-35.6926
-35.6926
-35.6926
-35.6926
-35.6926
-35.6926
-35.6926
-35.6926
-35.6926
-35.6926
-35.6926
-35.6926
-36.1532
-36.1532
-36.1532
-36.1532
-36.1532
-36.1532
-36.1532
-36.1532
-36.1532
-36.1532
-36.1532
-36.1532
-36.1532
-36.1532
-36.1532
-36.1532
-36.1532
-36.1532
-36.1532
-36.1532
-36.6137
-36.6137
-36.6137
-36.6137
-36.6137
-36.6137
-36.6137
-36.6137
-36.6137
-36.6137
-36.6137
-36.6137
-36.6137
-36.6137
-36.6137
-36.6137
-36.6137
-36.6137
-36.6137
-36.6137
-37.0743
-37.0743
-37.0743
-37.0743
-37.0743
-37.0743
-37.0743
-37.0743
-37.0743
-37.0743
-37.0743
-37.0743
-37.0743
-37.0743
-37.0743
-37.0743
-37.0743
-37.0743
-37.0743
-37.0743
-37.5348
-37.5348
-37.5348
-37.5348
-37.5348
-37.5348
-37.5348
-37.5348
-37.5348
-37.5348
-37.5348
-37.5348
-37.5348
-37.5348
-37.5348
-37.5348
-37.5348
-37.5348
-37.5348
-37.5348
-37.9954
-37.9954
-37.9954
-37.9954
-37.9954
-37.9954
-37.9954
-37.9954
-37.9954
-37.9954
-37.9954
-37.9954
-37.9954
-37.9954
-37.9954
-37.9954
-37.9954
-37.9954
-37.9954
-37.9954
-38.4559
-38.4559
-38.4559
-38.4559
-38.4559
-38.4559
-38.4559
-38.4559
-38.4559
-38.4559
-38.4559
-38.4559
-38.4559
-38.4559
-38.4559
-38.4559
-38.4559
-38.4559
-38.4559
-38.4559
-38.9165
-38.9165
-38.9165
-38.9165
-38.9165
-38.9165
-38.9165
-38.9165
-38.9165
-38.9165
-38.9165
-38.9165
-38.9165
-38.9165
-38.9165
-38.9165
-38.9165
-38.9165
-38.9165
-38.9165
-39.377
-39.377
-39.377
-39.377
-39.377
-39.377
-39.377
-39.377
-39.377
-39.377
-39.377
-39.377
-39.377
-39.377
-39.377
-39.377
-39.377
-39.377
-39.377
-39.377
-39.8376
-39.8376
-39.8376
-39.8376
-39.8376
-39.8376
-39.8376
-39.8376
-39.8376
-39.8376
-39.8376
-39.8376
-39.8376
-39.8376
-39.8376
-39.8376
-39.8376
-39.8376
-39.8376
-39.8376
-40.2981
-40.2981
-40.2981
-40.2981
-40.2981
-40.2981
-40.2981
-40.2981
-40.2981
-40.2981
-40.2981
-40.2981
-40.2981
-40.2981
-40.2981
-40.2981
-40.2981
-40.2981
-40.2981
-40.2981
-40.7587
-40.7587
-40.7587
-40.7587
-40.7587
-40.7587
-40.7587
-40.7587
-40.7587
-40.7587
-40.7587
-40.7587
-40.7587
-40.7587
-40.7587
-40.7587
-40.7587
-40.7587
-40.7587
-40.7587
-41.2192
-41.2192
-41.2192
-41.2192
-41.2192
-41.2192
-41.2192
-41.2192
-41.2192
-41.2192
-41.2192
-41.2192
-41.2192
-41.2192
-41.2192
-41.2192
-41.2192
-41.2192
-41.2192
-41.2192
-41.6798
-41.6798
-41.6798
-41.6798
-41.6798
-41.6798
-41.6798
-41.6798
-41.6798
-41.6798
-41.6798
-41.6798
-41.6798
-41.6798
-41.6798
-41.6798
-41.6798
-41.6798
-41.6798
-41.6798
-42.1403
-42.1403
-42.1403
-42.1403
-42.1403
-42.1403
-42.1403
-42.1403
-42.1403
-42.1403
-42.1403
-42.1403
-42.1403
-42.1403
-42.1403
-42.1403
-42.1403
-42.1403
-42.1403
-42.1403
-42.6009
-42.6009
-42.6009
-42.6009
-42.6009
-42.6009
-42.6009
-42.6009
-42.6009
-42.6009
-42.6009
-42.6009
-42.6009
-42.6009
-42.6009
-42.6009
-42.6009
-42.6009
-42.6009
-42.6009
-43.0614
-43.0614
-43.0614
-43.0614
-43.0614
-43.0614
-43.0614
-43.0614
-43.0614
-43.0614
-43.0614
-43.0614
-43.0614
-43.0614
-43.0614
-43.0614
-43.0614
-43.0614
-43.0614
-43.0614
-43.522
-43.522
-43.522
-43.522
-43.522
-43.522
-43.522
-43.522
-43.522
-43.522
-43.522
-43.522
-43.522
-43.522
-43.522
-43.522
-43.522
-43.522
-43.522
-43.522
-43.9825
-43.9825
-43.9825
-43.9825
-43.9825
-43.9825
-43.9825
-43.9825
-43.9825
-43.9825
-43.9825
-43.9825
-43.9825
-43.9825
-43.9825
-43.9825
-43.9825
-43.9825
-43.9825
-43.9825
-44.4431
-44.4431
-44.4431
-44.4431
-44.4431
-44.4431
-44.4431
-44.4431
-44.4431
-44.4431
-44.4431
-44.4431
-44.4431
-44.4431
-44.4431
-44.4431
-44.4431
-44.4431
-44.4431
-44.4431
-44.9036
-44.9036
-44.9036
-44.9036
-44.9036
-44.9036
-44.9036
-44.9036
-44.9036
-44.9036
-44.9036
-44.9036
-44.9036
-44.9036
-44.9036
-44.9036
-44.9036
-44.9036
-44.9036
-44.9036
-45.3642
-45.3642
-45.3642
-45.3642
-45.3642
-45.3642
-45.3642
-45.3642
-45.3642
-45.3642
-45.3642
-45.3642
-45.3642
-45.3642
-45.3642
-45.3642
-45.3642
-45.3642
-45.3642
-45.3642
-45.8247
-45.8247
-45.8247
-45.8247
-45.8247
-45.8247
-45.8247
-45.8247
-45.8247
-45.8247
-45.8247
-45.8247
-45.8247
-45.8247
-45.8247
-45.8247
-45.8247
-45.8247
-45.8247
-45.8247
-46.2853
-46.2853
-46.2853
-46.2853
-46.2853
-46.2853
-46.2853
-46.2853
-46.2853
-46.2853
-46.2853
-46.2853
-46.2853
-46.2853
-46.2853
-46.2853
-46.2853
-46.2853
-46.2853
-46.2853
-46.7458
-46.7458
-46.7458
-46.7458
-46.7458
-46.7458
-46.7458
-46.7458
-46.7458
-46.7458
-46.7458
-46.7458
-46.7458
-46.7458
-46.7458
-46.7458
-46.7458
-46.7458
-46.7458
-46.7458
-47.2064
-47.2064
-47.2064
-47.2064
-47.2064
-47.2064
-47.2064
-47.2064
-47.2064
-47.2064
-47.2064
-47.2064
-47.2064
-47.2064
-47.2064
-47.2064
-47.2064
-47.2064
-47.2064
-47.2064
-47.6669
-47.6669
-47.6669
-47.6669
-47.6669
-47.6669
-47.6669
-47.6669
-47.6669
-47.6669
-47.6669
-47.6669
-47.6669
-47.6669
-47.6669
-47.6669
-47.6669
-47.6669
-47.6669
-47.6669
-48.1275
-48.1275
-48.1275
-48.1275
-48.1275
-48.1275
-48.1275
-48.1275
-48.1275
-48.1275
-48.1275
-48.1275
-48.1275
-48.1275
-48.1275
-48.1275
-48.1275
-48.1275
-48.1275
-48.1275
-48.588
-48.588
-48.588
-48.588
-48.588
-48.588
-48.588
-48.588
-48.588
-48.588
-48.588
-48.588
-48.588
-48.588
-48.588
-48.588
-48.588
-48.588
-48.588
-48.588
-49.0486
-49.0486
-49.0486
-49.0486
-49.0486
-49.0486
-49.0486
-49.0486
-49.0486
-49.0486
-49.0486
-49.0486
-49.0486
-49.0486
-49.0486
-49.0486
-49.0486
-49.0486
-49.0486
-49.0486
-49.5091
-49.5091
-49.5091
-49.5091
-49.5091
-49.5091
-49.5091
-49.5091
-49.5091
-49.5091
-49.5091
-49.5091
-49.5091
-49.5091
-49.5091
-49.5091
-49.5091
-49.5091
-49.5091
-49.5091
-49.9697
-49.9697
-49.9697
-49.9697
-49.9697
-49.9697
-49.9697
-49.9697
-49.9697
-49.9697
-49.9697
-49.9697
-49.9697
-49.9697
-49.9697
-49.9697
-49.9697
-49.9697
-49.9697
-49.9697
-50.4302
-50.4302
-50.4302
-50.4302
-50.4302
-50.4302
-50.4302
-50.4302
-50.4302
-50.4302
-50.4302
-50.4302
-50.4302
-50.4302
-50.4302
-50.4302
-50.4302
-50.4302
-50.4302
-50.4302
-50.8908
-50.8908
-50.8908
-50.8908
-50.8908
-50.8908
-50.8908
-50.8908
-50.8908
-50.8908
-50.8908
-50.8908
-50.8908
-50.8908
-50.8908
-50.8908
-50.8908
-50.8908
-50.8908
-50.8908
-51.3513
-51.3513
-51.3513
-51.3513
-51.3513
-51.3513
-51.3513
-51.3513
-51.3513
-51.3513
-51.3513
-51.3513
-51.3513
-51.3513
-51.3513
-51.3513
-51.3513
-51.3513
-51.3513
-51.3513
-51.8119
-51.8119
-51.8119
-51.8119
-51.8119
-51.8119
-51.8119
-51.8119
-51.8119
-51.8119
-51.8119
-51.8119
-51.8119
-51.8119
-51.8119
-51.8119
-51.8119
-51.8119
-51.8119
-51.8119
-52.2724
-52.2724
-52.2724
-52.2724
-52.2724
-52.2724
-52.2724
-52.2724
-52.2724
-52.2724
-52.2724
-52.2724
-52.2724
-52.2724
-52.2724
-52.2724
-52.2724
-52.2724
-52.2724
-52.2724
-52.7329
-52.733
-52.733
-52.733
-52.733
-52.733
-52.733
-52.733
-52.733
-52.733
-52.733
-52.733
-52.733
-52.733
-52.733
-52.733
-52.733
-52.733
-52.733
-52.733
-53.1935
-53.1935
-53.1935
-53.1935
-53.1935
-53.1935
-53.1935
-53.1935
-53.1935
-53.1935
-53.1935
-53.1935
-53.1935
-53.1935
-53.1935
-53.1935
-53.1935
-53.1935
-53.1935
-53.1935
-53.6541
-53.6541
-53.6541
-53.6541
-53.6541
-53.6541
-53.6541
-53.6541
-53.6541
-53.6541
-53.6541
-53.6541
-53.6541
-53.6541
-53.6541
-53.6541
-53.6541
-53.6541
-53.6541
-53.6541
-54.1146
-54.1146
-54.1146
-54.1146
-54.1146
-54.1146
-54.1146
-54.1146
-54.1146
-54.1146
-54.1146
-54.1146
-54.1146
-54.1146
-54.1146
-54.1146
-54.1146
-54.1146
-54.1146
-54.1146
-54.5752
-54.5752
-54.5752
-54.5752
-54.5752
-54.5752
-54.5752
-54.5752
-54.5752
-54.5752
-54.5752
-54.5752
-54.5752
-54.5752
-54.5752
-54.5751
-54.5752
-54.5751
-54.5751
-54.5751
-55.0357
-55.0357
-55.0357
-55.0357
-55.0357
-55.0357
-55.0357
-55.0357
-55.0357
-55.0357
-55.0357
-55.0357
-55.0357
-55.0357
-55.0357
-55.0357
-55.0357
-55.0357
-55.0357
-55.0357
-55.4963
-55.4963
-55.4963
-55.4963
-55.4963
-55.4963
-55.4963
-55.4963
-55.4963
-55.4963
-55.4963
-55.4963
-55.4962
-55.4962
-55.4962
-55.4962
-55.4962
-55.4962
-55.4962
-55.4962
-55.9568
-55.9568
-55.9568
-55.9568
-55.9568
-55.9568
-55.9568
-55.9568
-55.9568
-55.9568
-55.9568
-55.9568
-55.9568
-55.9568
-55.9568
-55.9568
-55.9568
-55.9568
-55.9568
-55.9568
-56.4174
-56.4174
-56.4174
-56.4174
-56.4174
-56.4174
-56.4174
-56.4174
-56.4174
-56.4174
-56.4173
-56.4173
-56.4173
-56.4173
-56.4173
-56.4173
-56.4173
-56.4173
-56.4173
-56.4173
-56.8779
-56.8779
-56.8779
-56.8779
-56.8779
-56.8779
-56.8779
-56.8779
-56.8779
-56.8779
-56.8779
-56.8779
-56.8779
-56.8779
-56.8779
-56.8779
-56.8779
-56.8779
-56.8779
-56.8779
-57.3385
-57.3385
-57.3385
-57.3385
-57.3385
-57.3385
-57.3385
-57.3385
-57.3385
-57.3384
-57.3384
-57.3384
-57.3384
-57.3384
-57.3384
-57.3384
-57.3384
-57.3384
-57.3384
-57.3384
-57.799
-57.799
-57.799
-57.799
-57.799
-57.799
-57.799
-57.799
-57.799
-57.799
-57.799
-57.799
-57.799
-57.799
-57.799
-57.799
-57.799
-57.799
-57.799
-57.799
-58.2596
-58.2596
-58.2596
-58.2596
-58.2596
-58.2596
-58.2596
-58.2596
-58.2596
-58.2595
-58.2595
-58.2595
-58.2595
-58.2595
-58.2595
-58.2595
-58.2595
-58.2595
-58.2595
-58.2595
-58.7201
-58.7201
-58.7201
-58.7201
-58.7201
-58.7201
-58.7201
-58.7201
-58.7201
-58.7201
-58.7201
-58.7201
-58.7201
-58.7201
-58.7201
-58.7201
-58.7201
-58.7201
-58.7201
-58.7201
-59.1807
-59.1807
-59.1807
-59.1807
-59.1807
-59.1807
-59.1807
-59.1807
-59.1806
-59.1806
-59.1806
-59.1806
-59.1806
-59.1806
-59.1806
-59.1806
-59.1806
-59.1806
-59.1806
-59.1806
-59.6412
-59.6412
-59.6412
-59.6412
-59.6412
-59.6412
-59.6412
-59.6412
-59.6412
-59.6412
-59.6412
-59.6412
-59.6412
-59.6412
-59.6412
-59.6412
-59.6412
-59.6412
-59.6412
-59.6412
-60.1018
-60.1018
-60.1018
-60.1018
-60.1018
-60.1018
-60.1018
-60.1018
-60.1017
-60.1017
-60.1017
-60.1017
-60.1017
-60.1017
-60.1017
-60.1017
-60.1017
-60.1017
-60.1017
-60.1017
-60.5623
-60.5623
-60.5623
-60.5623
-60.5623
-60.5623
-60.5623
-60.5623
-60.5623
-60.5623
-60.5623
-60.5623
-60.5623
-60.5623
-60.5623
-60.5623
-60.5623
-60.5623
-60.5623
-60.5623
-61.0229
-61.0229
-61.0229
-61.0229
-61.0229
-61.0229
-61.0229
-61.0229
-61.0229
-61.0228
-61.0228
-61.0228
-61.0228
-61.0228
-61.0228
-61.0228
-61.0228
-61.0228
-61.0228
-61.0228
-61.4834
-61.4834
-61.4834
-61.4834
-61.4834
-61.4834
-61.4834
-61.4834
-61.4834
-61.4834
-61.4834
-61.4834
-61.4834
-61.4834
-61.4834
-61.4834
-61.4834
-61.4834
-61.4834
-61.4834
-61.944
-61.944
-61.944
-61.944
-61.944
-61.944
-61.944
-61.944
-61.944
-61.9439
-61.9439
-61.9439
-61.9439
-61.9439
-61.9439
-61.9439
-61.9439
-61.9439
-61.9439
-61.9439
-62.4045
-62.4045
-62.4045
-62.4045
-62.4045
-62.4045
-62.4045
-62.4045
-62.4045
-62.4045
-62.4045
-62.4045
-62.4045
-62.4045
-62.4045
-62.4045
-62.4045
-62.4045
-62.4045
-62.4045
-62.8651
-62.8651
-62.8651
-62.8651
-62.8651
-62.8651
-62.8651
-62.8651
-62.8651
-62.865
-62.865
-62.865
-62.865
-62.865
-62.865
-62.865
-62.865
-62.865
-62.865
-62.865
-63.3256
-63.3256
-63.3256
-63.3256
-63.3256
-63.3256
-63.3256
-63.3256
-63.3256
-63.3256
-63.3256
-63.3256
-63.3256
-63.3256
-63.3256
-63.3256
-63.3256
-63.3256
-63.3256
-63.3256
-63.7862
-63.7862
-63.7862
-63.7862
-63.7862
-63.7862
-63.7862
-63.7862
-63.7862
-63.7861
-63.7861
-63.7861
-63.7861
-63.7861
-63.7861
-63.7861
-63.7861
-63.7861
-63.7861
-63.7861
-64.2467
-64.2467
-64.2467
-64.2467
-64.2467
-64.2467
-64.2467
-64.2467
-64.2467
-64.2467
-64.2467
-64.2467
-64.2467
-64.2467
-64.2467
-64.2467
-64.2467
-64.2467
-64.2467
-64.2467
-64.7073
-64.7073
-64.7073
-64.7073
-64.7073
-64.7073
-64.7073
-64.7073
-64.7073
-64.7072
-64.7072
-64.7072
-64.7072
-64.7072
-64.7072
-64.7072
-64.7072
-64.7072
-64.7072
-64.7072
-65.1678
-65.1678
-65.1678
-65.1678
-65.1678
-65.1678
-65.1678
-65.1678
-65.1678
-65.1678
-65.1678
-65.1678
-65.1678
-65.1678
-65.1678
-65.1678
-65.1678
-65.1678
-65.1678
-65.1678
-65.6284
-65.6284
-65.6284
-65.6284
-65.6284
-65.6284
-65.6284
-65.6284
-65.6284
-65.6283
-65.6283
-65.6283
-65.6283
-65.6283
-65.6283
-65.6283
-65.6283
-65.6283
-65.6283
-65.6283
-66.0889
-66.0889
-66.0889
-66.0889
-66.0889
-66.0889
-66.0889
-66.0889
-66.0889
-66.0889
-66.0889
-66.0889
-66.0889
-66.0889
-66.0889
-66.0889
-66.0889
-66.0889
-66.0889
-66.0889
-66.5495
-66.5495
-66.5495
-66.5495
-66.5495
-66.5495
-66.5495
-66.5495
-66.5495
-66.5494
-66.5494
-66.5494
-66.5494
-66.5494
-66.5494
-66.5494
-66.5494
-66.5494
-66.5494
-66.5494
-67.0101
-67.0101
-67.0101
-67.0101
-67.01
-67.01
-67.01
-67.01
-67.01
-67.01
-67.01
-67.01
-67.01
-67.01
-67.01
-67.0099
-67.0099
-67.0099
-67.0099
-67.0099
-67.4706
-67.4706
-67.4706
-67.4706
-67.4706
-67.4706
-67.4706
-67.4706
-67.4706
-67.4705
-67.4705
-67.4705
-67.4705
-67.4705
-67.4705
-67.4705
-67.4705
-67.4705
-67.4705
-67.4705
-67.9312
-67.9312
-67.9312
-67.9312
-67.9312
-67.9312
-67.9311
-67.9311
-67.9311
-67.9311
-67.9311
-67.9311
-67.9311
-67.931
-67.931
-67.931
-67.931
-67.931
-67.931
-67.931
-68.3918
-68.3918
-68.3917
-68.3917
-68.3917
-68.3917
-68.3917
-68.3917
-68.3917
-68.3916
-68.3916
-68.3916
-68.3916
-68.3916
-68.3916
-68.3916
-68.3916
-68.3915
-68.3915
-68.3915
-68.8523
-68.8523
-68.8523
-68.8523
-68.8523
-68.8523
-68.8523
-68.8522
-68.8522
-68.8522
-68.8522
-68.8522
-68.8521
-68.8521
-68.8521
-68.8521
-68.8521
-68.8521
-68.8521
-68.8521
-69.3129
-69.3129
-69.3129
-69.3129
-69.3129
-69.3128
-69.3128
-69.3128
-69.3128
-69.3127
-69.3127
-69.3127
-69.3127
-69.3127
-69.3126
-69.3126
-69.3126
-69.3126
-69.3126
-69.3126
-69.7735
-69.7735
-69.7735
-69.7735
-69.7734
-69.7734
-69.7734
-69.7734
-69.7733
-69.7733
-69.7733
-69.7732
-69.7732
-69.7732
-69.7732
-69.7732
-69.7731
-69.7731
-69.7731
-69.7731
-70.234
-70.2341
-70.2341
-70.234
-70.234
-70.234
-70.234
-70.2339
-70.2339
-70.2338
-70.2338
-70.2338
-70.2337
-70.2337
-70.2337
-70.2337
-70.2337
-70.2337
-70.2337
-70.2336
-70.6946
-70.6947
-70.6946
-70.6946
-70.6946
-70.6946
-70.6945
-70.6945
-70.6944
-70.6944
-70.6943
-70.6943
-70.6943
-70.6942
-70.6942
-70.6942
-70.6942
-70.6942
-70.6942
-70.6941
-71.1552
-71.1553
-71.1552
-71.1552
-71.1552
-71.1551
-71.1551
-71.155
-71.155
-71.1549
-71.1549
-71.1548
-71.1548
-71.1548
-71.1547
-71.1547
-71.1547
-71.1547
-71.1547
-71.1546
-71.6157
-71.6159
-71.6159
-71.6158
-71.6158
-71.6157
-71.6157
-71.6156
-71.6155
-71.6155
-71.6154
-71.6154
-71.6153
-71.6153
-71.6152
-71.6152
-71.6152
-71.6152
-71.6152
-71.615
-72.0761
-72.0765
-72.0765
-72.0764
-72.0764
-72.0763
-72.0762
-72.0762
-72.0761
-72.076
-72.076
-72.0759
-72.0758
-72.0758
-72.0757
-72.0757
-72.0757
-72.0757
-72.0757
-72.0752
-72.5361
-72.5371
-72.5371
-72.537
-72.537
-72.5369
-72.5368
-72.5367
-72.5366
-72.5366
-72.5365
-72.5364
-72.5363
-72.5363
-72.5362
-72.5362
-72.5361
-72.5362
-72.5361
-72.535
-72.9961
-72.9978
-72.9978
-72.9976
-72.9976
-72.9975
-72.9974
-72.9973
-72.9972
-72.9971
-72.997
-72.9969
-72.9968
-72.9968
-72.9967
-72.9966
-72.9966
-72.9966
-72.9965
-72.9947
-73.459
-73.4583
-73.4584
-73.4582
-73.4582
-73.4581
-73.458
-73.4579
-73.4578
-73.4577
-73.4576
-73.4575
-73.4574
-73.4573
-73.4571
-73.457
-73.4569
-73.4569
-73.4567
-73.4575
-73.9199
-73.9187
-73.9189
-73.9187
-73.9187
-73.9186
-73.9185
-73.9184
-73.9183
-73.9182
-73.9181
-73.918
-73.9179
-73.9177
-73.9176
-73.9174
-73.9172
-73.9171
-73.9167
-73.9181
-74.3557
-74.3787
-74.3792
-74.3793
-74.3793
-74.3792
-74.3791
-74.379
-74.3789
-74.3787
-74.3786
-74.3785
-74.3784
-74.3782
-74.3781
-74.3778
-74.3774
-74.377
-74.3761
-74.3512
-74.8033
-74.8388
-74.8398
-74.8399
-74.8399
-74.8398
-74.8397
-74.8395
-74.8394
-74.8393
-74.8392
-74.8391
-74.8389
-74.8388
-74.8386
-74.8383
-74.8378
-74.8371
-74.8354
-74.7978
-75.273
-75.2979
-75.3005
-75.3006
-75.3005
-75.3004
-75.3002
-75.3001
-75.2999
-75.2998
-75.2997
-75.2996
-75.2995
-75.2994
-75.2992
-75.2989
-75.2984
-75.2975
-75.2932
-75.2772
-75.7518
-75.7537
-75.7614
-75.7616
-75.7613
-75.761
-75.7608
-75.7606
-75.7605
-75.7603
-75.7602
-75.7601
-75.7601
-75.76
-75.7599
-75.7598
-75.7596
-75.7587
-75.7515
-75.7505
-76.2033
-76.1886
-76.2219
-76.2225
-76.2219
-76.2216
-76.2213
-76.2211
-76.221
-76.2208
-76.2207
-76.2207
-76.2206
-76.2206
-76.2207
-76.2208
-76.2212
-76.2203
-76.1835
-76.2094
-76.6762
-76.6525
-76.6809
-76.6826
-76.6822
-76.6819
-76.6817
-76.6816
-76.6815
-76.6813
-76.6812
-76.6812
-76.6811
-76.6811
-76.6812
-76.6815
-76.6824
-76.6807
-76.6385
-76.6728
-77.1185
-77.135
-77.1391
-77.1409
-77.1419
-77.1421
-77.1421
-77.142
-77.1419
-77.1418
-77.1417
-77.1416
-77.1415
-77.1415
-77.1414
-77.1412
-77.1404
-77.1364
-77.1091
-77.1354
-77.5687
-77.5965
-77.6012
-77.602
-77.6029
-77.6027
-77.6026
-77.6025
-77.6024
-77.6023
-77.6021
-77.602
-77.6019
-77.6019
-77.6019
-77.6019
-77.6008
-77.5949
-77.5929
-77.5952
-78.0622
-78.061
-78.0587
-78.0621
-78.0634
-78.0631
-78.0631
-78.0631
-78.0629
-78.0627
-78.0625
-78.0624
-78.0623
-78.0622
-78.0624
-78.063
-78.0616
-78.0253
-78.055
-78.0565
-78.5247
-78.5116
-78.5188
-78.5213
-78.5233
-78.5235
-78.5236
-78.5236
-78.5235
-78.5232
-78.523
-78.5227
-78.5225
-78.5224
-78.5227
-78.5238
-78.5217
-78.4791
-78.5185
-78.5215
-78.9821
-78.9762
-78.9669
-78.9837
-78.9841
-78.9844
-78.9843
-78.9843
-78.9841
-78.9837
-78.9834
-78.983
-78.9826
-78.9821
-78.9819
-78.981
-78.9786
-78.9509
-78.9806
-78.9809
-79.4455
-79.4465
-79.429
-79.4375
-79.4429
-79.4452
-79.4451
-79.4451
-79.4448
-79.4443
-79.4438
-79.4433
-79.4427
-79.442
-79.442
-79.4403
-79.4204
-79.4339
-79.4396
-79.4386
-79.9077
-79.9094
-79.9047
-79.887
-79.9074
-79.9062
-79.9062
-79.906
-79.9056
-79.905
-79.9043
-79.9035
-79.9026
-79.9014
-79.9001
-79.8992
-79.8697
-79.8991
-79.9025
-79.8999
-80.3703
-80.3734
-80.3718
-80.3534
-80.356
-80.3651
-80.3673
-80.3668
-80.3664
-80.3657
-80.3649
-80.3639
-80.3627
-80.361
-80.3565
-80.3461
-80.3376
-80.3639
-80.3654
-80.3625
-80.8323
-80.8359
-80.8358
-80.8351
-80.8075
-80.8246
-80.8297
-80.8282
-80.8275
-80.8267
-80.8258
-80.8247
-80.8236
-80.8229
-80.8145
-80.7997
-80.8251
-80.8263
-80.8266
-80.8233
-81.2977
-81.3006
-81.2944
-81.2921
-81.2921
-81.2755
-81.2913
-81.2895
-81.2887
-81.2877
-81.2868
-81.2857
-81.2847
-81.2845
-81.2647
-81.283
-81.281
-81.2838
-81.2876
-81.2857
-81.7635
-81.7715
-81.7625
-81.7577
-81.7322
-81.7474
-81.7481
-81.7495
-81.7496
-81.7489
-81.7477
-81.7463
-81.7443
-81.7413
-81.7377
-81.7252
-81.7453
-81.7467
-81.7517
-81.7486
-82.2185
-82.1398
-82.1396
-82.2085
-82.202
-82.199
-82.2058
-82.2097
-82.2113
-82.2107
-82.2094
-82.2074
-82.2031
-82.1975
-82.1877
-82.1929
-82.2052
-82.1538
-82.1188
-82.2022
-82.6634
-82.6587
-82.4385
-82.4493
-82.5567
-82.6482
-82.6643
-82.6724
-82.6747
-82.6742
-82.6724
-82.6695
-82.6642
-82.6536
-82.6366
-82.5461
-82.4275
-82.4131
-82.638
-82.6425
-83.1085
-83.0979
-83.0614
-82.9438
-82.9501
-83.1101
-83.1358
-83.1421
-83.1418
-83.1403
-83.1381
-83.1355
-83.1315
-83.122
-83.0984
-82.9331
-82.9292
-83.0485
-83.0754
-83.0851
-83.5516
-83.5471
-83.5269
-83.5037
-83.4394
-83.3591
-83.6193
-83.6231
-83.6125
-83.6083
-83.6059
-83.6051
-83.6074
-83.6032
-83.3406
-83.4299
-83.4769
-83.5008
-83.5179
-83.5221
-84.0094
-84.0034
-83.9938
-83.9818
-83.9892
-83.8845
-83.9624
-84.0709
-84.0748
-84.0744
-84.072
-84.0681
-84.0627
-83.9302
-83.8532
-83.9555
-83.9496
-83.9612
-83.9697
-83.9758
-84.4682
-84.46
-84.4577
-84.4578
-84.4674
-84.4943
-84.4534
-84.5291
-84.5429
-84.5441
-84.5414
-84.5349
-84.5143
-84.4161
-84.466
-84.4347
-84.4218
-84.42
-84.4202
-84.4282
-84.9218
-84.9122
-84.9093
-84.9235
-84.9386
-84.9635
-84.9948
-84.9897
-85.0201
-85.0208
-85.0178
-85.0112
-84.9697
-84.9702
-84.9327
-84.9012
-84.8823
-84.8646
-84.867
-84.8755
-85.3715
-85.3096
-85.3436
-85.3799
-85.4034
-85.4357
-85.4682
-85.489
-85.5038
-85.5086
-85.5047
-85.493
-85.4673
-85.4409
-85.3995
-85.361
-85.3323
-85.2964
-85.2567
-85.3175
-85.8202
-85.7441
-85.8119
-85.832
-85.8702
-85.9136
-85.9576
-85.9913
-86.0054
-86.0149
-86.0105
-85.9917
-85.9689
-85.9254
-85.8724
-85.821
-85.7766
-85.7524
-85.6816
-85.7567
-86.2499
-86.2188
-86.2403
-86.2794
-86.3403
-86.4035
-86.467
-86.5149
-86.543
-86.5498
-86.5443
-86.525
-86.489
-86.43
-86.3554
-86.2827
-86.2144
-86.1703
-86.1442
-86.1746
-86.6619
-86.6445
-86.672
-86.7261
-86.82
-86.913
-87.0089
-87.079
-87.1194
-87.1289
-87.1219
-87.1027
-87.0503
-86.9671
-86.8573
-86.7524
-86.6492
-86.5882
-86.5579
-86.5738
-87.079
-87.0595
-87.0028
-87.1478
-87.306
-87.4437
-87.5887
-87.6988
-87.7609
-87.7761
-87.7698
-87.7436
-87.6686
-87.5413
-87.3791
-87.2262
-87.0564
-86.9066
-86.958
-86.9759
-87.5385
-87.3282
-87.4456
-87.5174
-87.7899
-87.9796
-88.2352
-88.3895
-88.4896
-88.5241
-88.5194
-88.4747
-88.3627
-88.1883
-87.9062
-87.6953
-87.408
-87.3295
-87.2111
-87.4173
-88.0055
-87.811
-87.8404
-87.8263
-88.2747
-88.4301
-88.7973
-89.0759
-89.2906
-89.3963
-89.3937
-89.2836
-89.0625
-88.7463
-88.3454
-88.1603
-87.693
-87.6987
-87.6794
-87.8675
-88.8466
-88.4926
-88.2416
-88.0504
-88.8557
-88.9733
-89.4895
-89.83
-90.0605
-90.2108
-90.2135
-90.0635
-89.8326
-89.4601
-88.8806
-88.7222
-87.8845
-88.0709
-88.3525
-88.6877
-90.1942
-88.7688
-88.4296
-87.2612
-85.8577
-83.1847
-78.814
-70.3628
-54.5846
-41.8844
-42
-54.8107
-70.7705
-79.2027
-83.3101
-85.7491
-87.0671
-88.2072
-88.643
-89.9902
-93.1799
-90.8484
-84.9907
-75.4647
-56.235
-34.0486
-12.8056
-1.56533
-0.0550414
-0.246436
-0.246343
-0.0548333
-1.60088
-13.0635
-34.8052
-57.1125
-75.7323
-85.1245
-90.7836
-92.9533
-96.7781
-75.5843
-52.5799
-23.0408
-8.58561
-0.485467
-0.167012
-0.163528
-0.133188
-0.137958
-0.137853
-0.133118
-0.164252
-0.167316
-0.486434
-8.79702
-23.8994
-53.3424
-75.8409
-96.2812
-65.4715
-21.501
-15.7878
-1.45765
-0.174437
-0.249153
-0.205505
-0.176278
-0.158619
-0.156974
-0.156945
-0.158888
-0.177104
-0.206671
-0.250937
-0.175808
-1.50017
-16.5135
-22.2736
-66.4872
-20.5786
-1.36404
0.344944
-0.332873
-0.19626
-0.210823
-0.193147
-0.175466
-0.162651
-0.160574
-0.1607
-0.163072
-0.176254
-0.194283
-0.212343
-0.19759
-0.339495
0.367843
-1.39141
-21.6132
0.720189
-0.201329
0.0111874
-0.286024
-0.190434
-0.196044
-0.181849
-0.169827
-0.160969
-0.158373
-0.158494
-0.161362
-0.170559
-0.182955
-0.197701
-0.192513
-0.291953
0.0137011
-0.205566
0.739269
0.00595737
-0.112397
-0.0149906
-0.182013
-0.167609
-0.173612
-0.167171
-0.160436
-0.155161
-0.153003
-0.153108
-0.155501
-0.161063
-0.168014
-0.174862
-0.169006
-0.184385
-0.0124704
-0.115807
0.00270063
-0.00153684
-0.0757921
-0.0499152
-0.131287
-0.146182
-0.152645
-0.151798
-0.149216
-0.14667
-0.145367
-0.145445
-0.14693
-0.149675
-0.152434
-0.153466
-0.147037
-0.13194
-0.0478961
-0.07641
-0.0011548
-0.0454045
-0.0813154
-0.0777867
-0.113376
-0.128474
-0.135744
-0.137981
-0.138087
-0.13742
-0.136871
-0.136665
-0.137613
-0.138406
-0.138402
-0.136219
-0.128878
-0.11345
-0.0767129
-0.081135
-0.0448089
-0.0840616
-0.093972
-0.0923405
-0.107549
-0.117752
-0.124267
-0.127532
-0.128905
-0.129254
-0.129188
-0.128812
-0.129421
-0.12911
-0.127775
-0.124497
-0.11787
-0.107427
-0.0917925
-0.0938682
-0.0841267
-0.101625
-0.102384
-0.100237
-0.106592
-0.112725
-0.117595
-0.120663
-0.122351
-0.123086
-0.12321
-0.122987
-0.123152
-0.122446
-0.120761
-0.117653
-0.11267
-0.106347
-0.0998161
-0.102467
-0.102614
-0.105588
-0.107555
-0.105653
-0.107884
-0.111147
-0.114362
-0.116744
-0.118253
-0.119
-0.119195
-0.119215
-0.119027
-0.11825
-0.116722
-0.114284
-0.110982
-0.107492
-0.10501
-0.107311
-0.10923
-0.102328
-0.113054
-0.109946
-0.110047
-0.111462
-0.113274
-0.114891
-0.11588
-0.116611
-0.116808
-0.11673
-0.116621
-0.115957
-0.114773
-0.113064
-0.111103
-0.109441
-0.108907
-0.110583
-0.109044
0.0882693
-0.114679
-0.112621
-0.111997
-0.112381
-0.113303
-0.11427
-0.115
-0.11545
-0.115597
-0.115577
-0.115109
-0.114944
-0.114134
-0.113094
-0.112066
-0.11153
-0.111959
-0.114083
-0.0639648
0.0381356
-0.117116
-0.114516
-0.113563
-0.113431
-0.113799
-0.114333
-0.114763
-0.115041
-0.115141
-0.115144
-0.11502
-0.11468
-0.11418
-0.113576
-0.113131
-0.113147
-0.113834
-0.115294
0.0109828
-0.106327
-0.116296
-0.115245
-0.114489
-0.114304
-0.114399
-0.113645
-0.114874
-0.115036
-0.11512
-0.115125
-0.115033
-0.114819
-0.113821
-0.114216
-0.114087
-0.114341
-0.115121
-0.115796
-0.1015
-0.11141
-0.114652
-0.115262
-0.114674
-0.114947
-0.114952
-0.115044
-0.115193
-0.114989
-0.11535
-0.115363
-0.115293
-0.115106
-0.114977
-0.114867
-0.114851
-0.11502
-0.11533
-0.114855
-0.111552
-0.114888
-0.11567
-0.11577
-0.11564
-0.115548
-0.115531
-0.11556
-0.115628
-0.115696
-0.115712
-0.115713
-0.115668
-0.115601
-0.115528
-0.115468
-0.115479
-0.115611
-0.115806
-0.11581
-0.114882
-0.116333
-0.116457
-0.116333
-0.116201
-0.116115
-0.116072
-0.116077
-0.116108
-0.116139
-0.116139
-0.116136
-0.11611
-0.116081
-0.116054
-0.116064
-0.116106
-0.11621
-0.116367
-0.116482
-0.11627
-0.117077
-0.117007
-0.11685
-0.116726
-0.116646
-0.116602
-0.116587
-0.11659
-0.116593
-0.116595
-0.116592
-0.116574
-0.116567
-0.116566
-0.116582
-0.11663
-0.116716
-0.116836
-0.116976
-0.116995
-0.117568
-0.117461
-0.117326
-0.117223
-0.117152
-0.117107
-0.117083
-0.117071
-0.117059
-0.117061
-0.117062
-0.117049
-0.117049
-0.117064
-0.117088
-0.117129
-0.117195
-0.117288
-0.117404
-0.117481
-0.117973
-0.117881
-0.117778
-0.117697
-0.117638
-0.117596
-0.117568
-0.117537
-0.117535
-0.11753
-0.117533
-0.117524
-0.117527
-0.117546
-0.117574
-0.117612
-0.117664
-0.117732
-0.117816
-0.117881
-0.118356
-0.11829
-0.118216
-0.118155
-0.118107
-0.11807
-0.118042
-0.118022
-0.11801
-0.118
-0.118003
-0.117997
-0.118001
-0.118019
-0.118047
-0.11808
-0.118121
-0.11817
-0.118228
-0.118276
-0.118742
-0.118698
-0.118648
-0.118603
-0.118566
-0.118534
-0.118508
-0.118486
-0.118476
-0.118467
-0.11847
-0.118465
-0.118471
-0.118486
-0.118511
-0.118538
-0.118569
-0.118603
-0.118641
-0.118673
-0.119138
-0.11911
-0.119077
-0.119045
-0.119017
-0.118991
-0.118969
-0.118948
-0.118939
-0.11893
-0.118933
-0.118928
-0.118935
-0.118948
-0.118969
-0.118991
-0.119013
-0.119036
-0.119059
-0.119078
-0.119545
-0.119528
-0.119506
-0.119484
-0.119463
-0.119443
-0.119424
-0.119406
-0.119398
-0.119389
-0.119393
-0.119388
-0.119395
-0.119406
-0.119423
-0.119439
-0.119454
-0.119469
-0.119483
-0.119493
-0.119961
-0.119951
-0.119937
-0.119922
-0.119907
-0.119892
-0.119877
-0.119861
-0.119854
-0.119846
-0.11985
-0.119845
-0.119851
-0.119861
-0.119874
-0.119885
-0.119895
-0.119903
-0.119911
-0.119916
-0.120385
-0.120379
-0.12037
-0.12036
-0.12035
-0.120339
-0.120326
-0.120313
-0.120307
-0.1203
-0.120304
-0.120299
-0.120304
-0.120313
-0.120322
-0.12033
-0.120336
-0.12034
-0.120345
-0.120346
-0.120814
-0.120811
-0.120806
-0.120799
-0.120792
-0.120784
-0.120774
-0.120764
-0.120758
-0.120753
-0.120755
-0.120751
-0.120756
-0.120763
-0.12077
-0.120775
-0.120777
-0.120779
-0.120781
-0.120781
-0.121248
-0.121246
-0.121243
-0.121238
-0.121234
-0.121229
-0.121221
-0.121212
-0.121208
-0.121203
-0.121206
-0.121202
-0.121205
-0.121211
-0.121216
-0.121219
-0.121219
-0.12122
-0.121221
-0.12122
-0.121685
-0.121684
-0.121682
-0.121679
-0.121676
-0.121673
-0.121667
-0.12166
-0.121656
-0.121652
-0.121654
-0.121651
-0.121654
-0.121659
-0.121662
-0.121663
-0.121662
-0.121662
-0.121662
-0.121661
-0.122124
-0.122124
-0.122122
-0.12212
-0.122119
-0.122116
-0.122112
-0.122106
-0.122103
-0.1221
-0.122102
-0.122099
-0.122102
-0.122105
-0.122107
-0.122107
-0.122106
-0.122105
-0.122105
-0.122103
-0.122564
-0.122564
-0.122564
-0.122562
-0.122561
-0.12256
-0.122557
-0.122552
-0.12255
-0.122548
-0.122549
-0.122547
-0.122548
-0.122551
-0.122552
-0.122551
-0.12255
-0.122549
-0.122548
-0.122547
-0.123006
-0.123006
-0.123006
-0.123005
-0.123004
-0.123003
-0.123001
-0.122998
-0.122996
-0.122994
-0.122995
-0.122993
-0.122995
-0.122997
-0.122997
-0.122995
-0.122994
-0.122993
-0.122992
-0.122991
-0.123448
-0.123448
-0.123448
-0.123447
-0.123447
-0.123446
-0.123445
-0.123443
-0.123441
-0.12344
-0.123441
-0.123439
-0.12344
-0.123441
-0.123441
-0.123439
-0.123438
-0.123438
-0.123437
-0.123436
-0.123891
-0.123891
-0.123891
-0.12389
-0.12389
-0.12389
-0.123889
-0.123887
-0.123886
-0.123885
-0.123886
-0.123885
-0.123885
-0.123886
-0.123885
-0.123884
-0.123883
-0.123882
-0.123882
-0.123881
-0.124334
-0.124334
-0.124334
-0.124334
-0.124333
-0.124333
-0.124333
-0.124331
-0.12433
-0.12433
-0.12433
-0.12433
-0.12433
-0.12433
-0.124329
-0.124328
-0.124327
-0.124327
-0.124326
-0.124326
-0.124778
-0.124778
-0.124778
-0.124777
-0.124777
-0.124777
-0.124776
-0.124776
-0.124775
-0.124774
-0.124775
-0.124774
-0.124774
-0.124774
-0.124773
-0.124772
-0.124772
-0.124771
-0.124771
-0.124771
-0.125221
-0.125221
-0.125221
-0.125221
-0.125221
-0.125221
-0.12522
-0.12522
-0.125219
-0.125219
-0.125219
-0.125219
-0.125219
-0.125218
-0.125218
-0.125217
-0.125216
-0.125216
-0.125216
-0.125215
-0.125665
-0.125665
-0.125665
-0.125665
-0.125664
-0.125664
-0.125664
-0.125664
-0.125663
-0.125663
-0.125663
-0.125663
-0.125663
-0.125662
-0.125662
-0.125661
-0.125661
-0.12566
-0.12566
-0.12566
-0.126109
-0.126109
-0.126108
-0.126108
-0.126108
-0.126108
-0.126108
-0.126107
-0.126107
-0.126107
-0.126107
-0.126107
-0.126107
-0.126106
-0.126106
-0.126105
-0.126105
-0.126105
-0.126105
-0.126104
-0.126552
-0.126552
-0.126552
-0.126552
-0.126552
-0.126552
-0.126552
-0.126551
-0.126551
-0.126551
-0.126551
-0.126551
-0.126551
-0.12655
-0.12655
-0.126549
-0.126549
-0.126549
-0.126549
-0.126549
-0.126996
-0.126996
-0.126996
-0.126996
-0.126996
-0.126996
-0.126996
-0.126995
-0.126995
-0.126995
-0.126995
-0.126995
-0.126995
-0.126994
-0.126994
-0.126994
-0.126993
-0.126993
-0.126993
-0.126993
-0.12744
-0.12744
-0.12744
-0.12744
-0.12744
-0.127439
-0.127439
-0.127439
-0.127439
-0.127439
-0.127439
-0.127439
-0.127439
-0.127438
-0.127438
-0.127438
-0.127438
-0.127438
-0.127437
-0.127437
-0.127884
-0.127884
-0.127884
-0.127883
-0.127883
-0.127883
-0.127883
-0.127883
-0.127883
-0.127883
-0.127883
-0.127883
-0.127882
-0.127882
-0.127882
-0.127882
-0.127882
-0.127882
-0.127882
-0.127882
-0.128327
-0.128327
-0.128327
-0.128327
-0.128327
-0.128327
-0.128327
-0.128327
-0.128327
-0.128327
-0.128327
-0.128327
-0.128326
-0.128326
-0.128326
-0.128326
-0.128326
-0.128326
-0.128326
-0.128326
-0.128771
-0.128771
-0.128771
-0.128771
-0.128771
-0.128771
-0.128771
-0.128771
-0.128771
-0.128771
-0.128771
-0.128771
-0.12877
-0.12877
-0.12877
-0.12877
-0.12877
-0.12877
-0.12877
-0.12877
-0.129215
-0.129215
-0.129215
-0.129215
-0.129215
-0.129215
-0.129215
-0.129215
-0.129215
-0.129215
-0.129215
-0.129214
-0.129214
-0.129214
-0.129214
-0.129214
-0.129214
-0.129214
-0.129214
-0.129214
-0.129659
-0.129659
-0.129659
-0.129659
-0.129659
-0.129659
-0.129659
-0.129659
-0.129659
-0.129659
-0.129659
-0.129658
-0.129658
-0.129658
-0.129658
-0.129658
-0.129658
-0.129658
-0.129658
-0.129658
-0.130103
-0.130103
-0.130103
-0.130103
-0.130103
-0.130103
-0.130103
-0.130103
-0.130103
-0.130103
-0.130102
-0.130102
-0.130102
-0.130102
-0.130102
-0.130102
-0.130102
-0.130102
-0.130102
-0.130102
-0.130547
-0.130547
-0.130547
-0.130547
-0.130547
-0.130547
-0.130547
-0.130547
-0.130547
-0.130547
-0.130546
-0.130546
-0.130546
-0.130546
-0.130546
-0.130546
-0.130546
-0.130546
-0.130546
-0.130546
-0.130991
-0.130991
-0.130991
-0.130991
-0.130991
-0.130991
-0.130991
-0.130991
-0.13099
-0.13099
-0.13099
-0.13099
-0.13099
-0.13099
-0.13099
-0.13099
-0.13099
-0.13099
-0.13099
-0.13099
-0.131435
-0.131435
-0.131435
-0.131434
-0.131434
-0.131434
-0.131434
-0.131434
-0.131434
-0.131434
-0.131434
-0.131434
-0.131434
-0.131434
-0.131434
-0.131434
-0.131434
-0.131434
-0.131434
-0.131434
-0.131878
-0.131878
-0.131878
-0.131878
-0.131878
-0.131878
-0.131878
-0.131878
-0.131878
-0.131878
-0.131878
-0.131878
-0.131878
-0.131878
-0.131878
-0.131878
-0.131878
-0.131878
-0.131878
-0.131878
-0.132322
-0.132322
-0.132322
-0.132322
-0.132322
-0.132322
-0.132322
-0.132322
-0.132322
-0.132322
-0.132322
-0.132322
-0.132322
-0.132322
-0.132322
-0.132322
-0.132322
-0.132322
-0.132322
-0.132322
-0.132766
-0.132766
-0.132766
-0.132766
-0.132766
-0.132766
-0.132766
-0.132766
-0.132766
-0.132766
-0.132766
-0.132766
-0.132766
-0.132766
-0.132766
-0.132766
-0.132766
-0.132766
-0.132766
-0.132766
-0.13321
-0.13321
-0.13321
-0.13321
-0.13321
-0.13321
-0.13321
-0.13321
-0.13321
-0.13321
-0.13321
-0.13321
-0.13321
-0.13321
-0.13321
-0.13321
-0.13321
-0.13321
-0.13321
-0.13321
-0.133654
-0.133654
-0.133654
-0.133654
-0.133654
-0.133654
-0.133654
-0.133654
-0.133654
-0.133654
-0.133654
-0.133654
-0.133654
-0.133654
-0.133654
-0.133654
-0.133654
-0.133654
-0.133654
-0.133654
-0.134098
-0.134098
-0.134098
-0.134098
-0.134098
-0.134098
-0.134098
-0.134098
-0.134098
-0.134098
-0.134098
-0.134098
-0.134098
-0.134098
-0.134098
-0.134098
-0.134098
-0.134098
-0.134098
-0.134098
-0.134542
-0.134542
-0.134542
-0.134542
-0.134542
-0.134542
-0.134542
-0.134542
-0.134542
-0.134542
-0.134542
-0.134542
-0.134542
-0.134542
-0.134542
-0.134542
-0.134542
-0.134542
-0.134542
-0.134542
-0.134986
-0.134986
-0.134986
-0.134986
-0.134986
-0.134986
-0.134986
-0.134986
-0.134986
-0.134986
-0.134986
-0.134986
-0.134986
-0.134986
-0.134986
-0.134986
-0.134986
-0.134986
-0.134986
-0.134986
-0.13543
-0.13543
-0.13543
-0.13543
-0.13543
-0.13543
-0.13543
-0.13543
-0.13543
-0.13543
-0.13543
-0.13543
-0.13543
-0.13543
-0.13543
-0.13543
-0.13543
-0.13543
-0.13543
-0.13543
-0.135874
-0.135874
-0.135874
-0.135874
-0.135874
-0.135874
-0.135874
-0.135874
-0.135874
-0.135874
-0.135874
-0.135874
-0.135874
-0.135874
-0.135874
-0.135874
-0.135874
-0.135874
-0.135874
-0.135874
-0.136318
-0.136318
-0.136318
-0.136318
-0.136318
-0.136318
-0.136318
-0.136318
-0.136318
-0.136318
-0.136318
-0.136318
-0.136318
-0.136318
-0.136318
-0.136318
-0.136318
-0.136318
-0.136318
-0.136318
-0.136762
-0.136762
-0.136762
-0.136762
-0.136762
-0.136762
-0.136762
-0.136762
-0.136762
-0.136762
-0.136762
-0.136762
-0.136762
-0.136762
-0.136762
-0.136762
-0.136762
-0.136762
-0.136762
-0.136762
-0.137205
-0.137205
-0.137205
-0.137205
-0.137205
-0.137206
-0.137206
-0.137206
-0.137206
-0.137206
-0.137206
-0.137206
-0.137206
-0.137206
-0.137206
-0.137206
-0.137206
-0.137206
-0.137206
-0.137206
-0.137649
-0.137649
-0.137649
-0.137649
-0.137649
-0.137649
-0.137649
-0.137649
-0.137649
-0.13765
-0.13765
-0.13765
-0.137649
-0.137649
-0.13765
-0.13765
-0.13765
-0.13765
-0.13765
-0.13765
-0.138093
-0.138093
-0.138093
-0.138093
-0.138093
-0.138093
-0.138093
-0.138093
-0.138093
-0.138093
-0.138093
-0.138093
-0.138093
-0.138093
-0.138093
-0.138093
-0.138093
-0.138093
-0.138093
-0.138093
-0.138537
-0.138537
-0.138537
-0.138537
-0.138537
-0.138537
-0.138537
-0.138537
-0.138537
-0.138537
-0.138537
-0.138537
-0.138537
-0.138537
-0.138537
-0.138537
-0.138537
-0.138537
-0.138537
-0.138537
-0.138981
-0.138981
-0.138981
-0.138981
-0.138981
-0.138981
-0.138981
-0.138981
-0.138981
-0.138981
-0.138981
-0.138981
-0.138981
-0.138981
-0.138981
-0.138981
-0.138981
-0.138981
-0.138981
-0.138981
-0.139425
-0.139425
-0.139425
-0.139425
-0.139425
-0.139425
-0.139425
-0.139425
-0.139425
-0.139425
-0.139425
-0.139425
-0.139425
-0.139425
-0.139425
-0.139425
-0.139425
-0.139425
-0.139425
-0.139425
-0.139869
-0.139869
-0.139869
-0.139869
-0.139869
-0.139869
-0.139869
-0.139869
-0.139869
-0.139869
-0.139869
-0.139869
-0.139869
-0.139869
-0.139869
-0.139869
-0.139869
-0.139869
-0.139869
-0.139869
-0.140313
-0.140313
-0.140313
-0.140313
-0.140313
-0.140313
-0.140313
-0.140313
-0.140313
-0.140313
-0.140313
-0.140313
-0.140313
-0.140313
-0.140313
-0.140313
-0.140313
-0.140313
-0.140313
-0.140313
-0.140757
-0.140757
-0.140757
-0.140757
-0.140757
-0.140757
-0.140757
-0.140757
-0.140757
-0.140757
-0.140757
-0.140757
-0.140757
-0.140757
-0.140757
-0.140757
-0.140757
-0.140757
-0.140757
-0.140757
-0.141201
-0.141201
-0.141201
-0.141201
-0.141201
-0.141201
-0.141201
-0.141201
-0.141201
-0.141201
-0.141201
-0.141201
-0.141201
-0.141201
-0.141201
-0.141201
-0.141201
-0.141201
-0.141201
-0.141201
-0.141645
-0.141645
-0.141645
-0.141645
-0.141645
-0.141645
-0.141645
-0.141645
-0.141645
-0.141645
-0.141645
-0.141645
-0.141645
-0.141645
-0.141645
-0.141645
-0.141645
-0.141645
-0.141645
-0.141645
-0.142089
-0.142089
-0.142089
-0.142089
-0.142089
-0.142089
-0.142089
-0.142089
-0.142089
-0.142089
-0.142089
-0.142089
-0.142089
-0.142089
-0.142089
-0.142089
-0.142089
-0.142089
-0.142089
-0.142089
-0.142533
-0.142533
-0.142533
-0.142533
-0.142533
-0.142533
-0.142533
-0.142533
-0.142533
-0.142533
-0.142533
-0.142533
-0.142533
-0.142533
-0.142533
-0.142533
-0.142533
-0.142533
-0.142533
-0.142533
-0.142976
-0.142976
-0.142976
-0.142976
-0.142976
-0.142976
-0.142976
-0.142976
-0.142976
-0.142976
-0.142976
-0.142977
-0.142977
-0.142977
-0.142977
-0.142977
-0.142977
-0.142977
-0.142977
-0.142977
-0.14342
-0.14342
-0.14342
-0.14342
-0.14342
-0.14342
-0.14342
-0.14342
-0.14342
-0.14342
-0.14342
-0.14342
-0.14342
-0.14342
-0.14342
-0.14342
-0.14342
-0.14342
-0.14342
-0.14342
-0.143864
-0.143864
-0.143864
-0.143864
-0.143864
-0.143864
-0.143864
-0.143864
-0.143864
-0.143864
-0.143864
-0.143864
-0.143864
-0.143864
-0.143864
-0.143864
-0.143864
-0.143864
-0.143864
-0.143864
-0.144308
-0.144308
-0.144308
-0.144308
-0.144308
-0.144308
-0.144308
-0.144308
-0.144308
-0.144308
-0.144308
-0.144308
-0.144308
-0.144308
-0.144308
-0.144308
-0.144308
-0.144308
-0.144308
-0.144308
-0.144752
-0.144752
-0.144752
-0.144752
-0.144752
-0.144752
-0.144752
-0.144752
-0.144752
-0.144752
-0.144752
-0.144752
-0.144752
-0.144752
-0.144752
-0.144752
-0.144752
-0.144752
-0.144752
-0.144752
-0.145196
-0.145196
-0.145196
-0.145196
-0.145196
-0.145196
-0.145196
-0.145196
-0.145196
-0.145196
-0.145196
-0.145196
-0.145196
-0.145196
-0.145196
-0.145196
-0.145196
-0.145196
-0.145196
-0.145196
-0.14564
-0.14564
-0.14564
-0.14564
-0.14564
-0.14564
-0.14564
-0.14564
-0.14564
-0.14564
-0.14564
-0.14564
-0.14564
-0.14564
-0.14564
-0.14564
-0.14564
-0.14564
-0.14564
-0.14564
-0.146084
-0.146084
-0.146084
-0.146084
-0.146084
-0.146084
-0.146084
-0.146084
-0.146084
-0.146084
-0.146084
-0.146084
-0.146084
-0.146084
-0.146084
-0.146084
-0.146084
-0.146084
-0.146084
-0.146084
-0.146528
-0.146528
-0.146528
-0.146528
-0.146528
-0.146528
-0.146528
-0.146528
-0.146528
-0.146528
-0.146528
-0.146528
-0.146528
-0.146528
-0.146528
-0.146528
-0.146528
-0.146528
-0.146528
-0.146528
-0.146972
-0.146972
-0.146972
-0.146972
-0.146972
-0.146972
-0.146972
-0.146972
-0.146972
-0.146972
-0.146972
-0.146972
-0.146972
-0.146972
-0.146972
-0.146972
-0.146972
-0.146972
-0.146972
-0.146972
-0.147416
-0.147416
-0.147416
-0.147416
-0.147416
-0.147416
-0.147416
-0.147416
-0.147416
-0.147416
-0.147416
-0.147416
-0.147416
-0.147416
-0.147416
-0.147416
-0.147416
-0.147416
-0.147416
-0.147416
-0.147859
-0.147859
-0.147859
-0.147859
-0.147859
-0.147859
-0.147859
-0.147859
-0.147859
-0.147859
-0.147859
-0.147859
-0.147859
-0.147859
-0.147859
-0.147859
-0.147859
-0.147859
-0.147859
-0.147859
-0.148303
-0.148303
-0.148303
-0.148303
-0.148303
-0.148303
-0.148303
-0.148303
-0.148303
-0.148303
-0.148303
-0.148303
-0.148303
-0.148303
-0.148303
-0.148303
-0.148303
-0.148303
-0.148303
-0.148303
-0.148747
-0.148747
-0.148747
-0.148747
-0.148747
-0.148747
-0.148747
-0.148747
-0.148747
-0.148747
-0.148747
-0.148747
-0.148747
-0.148747
-0.148747
-0.148747
-0.148747
-0.148747
-0.148747
-0.148747
-0.149191
-0.149191
-0.149191
-0.149191
-0.149191
-0.149191
-0.149191
-0.149191
-0.149191
-0.149191
-0.149191
-0.149191
-0.149191
-0.149191
-0.149191
-0.149191
-0.149191
-0.149191
-0.149191
-0.149191
-0.149635
-0.149635
-0.149635
-0.149635
-0.149635
-0.149635
-0.149635
-0.149635
-0.149635
-0.149635
-0.149635
-0.149635
-0.149635
-0.149635
-0.149635
-0.149635
-0.149635
-0.149635
-0.149635
-0.149635
-0.150079
-0.150079
-0.150079
-0.150079
-0.150079
-0.150079
-0.150079
-0.150079
-0.150079
-0.150079
-0.150079
-0.150079
-0.150079
-0.150079
-0.150079
-0.150079
-0.150079
-0.150079
-0.150079
-0.150079
-0.150523
-0.150523
-0.150523
-0.150523
-0.150523
-0.150523
-0.150523
-0.150523
-0.150523
-0.150523
-0.150523
-0.150523
-0.150523
-0.150523
-0.150523
-0.150523
-0.150523
-0.150523
-0.150523
-0.150523
-0.150967
-0.150967
-0.150967
-0.150967
-0.150967
-0.150967
-0.150967
-0.150967
-0.150967
-0.150967
-0.150967
-0.150967
-0.150967
-0.150967
-0.150967
-0.150967
-0.150967
-0.150967
-0.150967
-0.150967
-0.151411
-0.151411
-0.151411
-0.151411
-0.151411
-0.151411
-0.151411
-0.151411
-0.151411
-0.151411
-0.151411
-0.151411
-0.151411
-0.151411
-0.151411
-0.15141
-0.15141
-0.15141
-0.15141
-0.15141
-0.151854
-0.151854
-0.151854
-0.151854
-0.151854
-0.151854
-0.151854
-0.151855
-0.151854
-0.151854
-0.151854
-0.151854
-0.151854
-0.151854
-0.151854
-0.151854
-0.151854
-0.151854
-0.151854
-0.151854
-0.152298
-0.152298
-0.152298
-0.152298
-0.152298
-0.152298
-0.152298
-0.152298
-0.152298
-0.152298
-0.152298
-0.152298
-0.152298
-0.152298
-0.152298
-0.152298
-0.152298
-0.152298
-0.152298
-0.152298
-0.152742
-0.152742
-0.152742
-0.152742
-0.152742
-0.152742
-0.152742
-0.152742
-0.152742
-0.152742
-0.152742
-0.152742
-0.152742
-0.152742
-0.152742
-0.152742
-0.152742
-0.152742
-0.152742
-0.152742
-0.153186
-0.153186
-0.153186
-0.153186
-0.153186
-0.153186
-0.153186
-0.153186
-0.153186
-0.153186
-0.153186
-0.153186
-0.153186
-0.153186
-0.153186
-0.153186
-0.153186
-0.153186
-0.153186
-0.153186
-0.15363
-0.15363
-0.15363
-0.15363
-0.15363
-0.15363
-0.15363
-0.15363
-0.15363
-0.15363
-0.15363
-0.15363
-0.15363
-0.15363
-0.15363
-0.15363
-0.15363
-0.15363
-0.15363
-0.15363
-0.154074
-0.154074
-0.154074
-0.154074
-0.154074
-0.154074
-0.154074
-0.154074
-0.154074
-0.154074
-0.154074
-0.154074
-0.154074
-0.154074
-0.154074
-0.154074
-0.154074
-0.154074
-0.154074
-0.154074
-0.154518
-0.154518
-0.154518
-0.154518
-0.154518
-0.154518
-0.154518
-0.154518
-0.154518
-0.154518
-0.154518
-0.154518
-0.154518
-0.154518
-0.154518
-0.154518
-0.154518
-0.154518
-0.154518
-0.154518
-0.154962
-0.154962
-0.154962
-0.154962
-0.154962
-0.154962
-0.154962
-0.154962
-0.154962
-0.154962
-0.154962
-0.154962
-0.154962
-0.154962
-0.154961
-0.154961
-0.154961
-0.154961
-0.154962
-0.154962
-0.155406
-0.155406
-0.155406
-0.155406
-0.155406
-0.155406
-0.155405
-0.155405
-0.155405
-0.155405
-0.155405
-0.155405
-0.155405
-0.155405
-0.155405
-0.155405
-0.155405
-0.155405
-0.155405
-0.155405
-0.155849
-0.155849
-0.155849
-0.155849
-0.155849
-0.155849
-0.155849
-0.155849
-0.155849
-0.155849
-0.155849
-0.155849
-0.155849
-0.155849
-0.155849
-0.155849
-0.155849
-0.155849
-0.155849
-0.155849
-0.156293
-0.156293
-0.156293
-0.156293
-0.156293
-0.156293
-0.156293
-0.156293
-0.156293
-0.156293
-0.156293
-0.156293
-0.156293
-0.156293
-0.156293
-0.156293
-0.156293
-0.156293
-0.156293
-0.156293
-0.156737
-0.156737
-0.156737
-0.156737
-0.156737
-0.156737
-0.156737
-0.156737
-0.156737
-0.156737
-0.156737
-0.156737
-0.156737
-0.156737
-0.156737
-0.156737
-0.156737
-0.156737
-0.156737
-0.156737
-0.157181
-0.157181
-0.157181
-0.157181
-0.157181
-0.157181
-0.157181
-0.157181
-0.157181
-0.157181
-0.157181
-0.157181
-0.157181
-0.157181
-0.157181
-0.157181
-0.157181
-0.157181
-0.157181
-0.157181
-0.157625
-0.157625
-0.157625
-0.157625
-0.157625
-0.157625
-0.157625
-0.157625
-0.157625
-0.157625
-0.157625
-0.157625
-0.157625
-0.157625
-0.157625
-0.157625
-0.157625
-0.157625
-0.157625
-0.157625
-0.158069
-0.158069
-0.158069
-0.158069
-0.158069
-0.158069
-0.158069
-0.158069
-0.158069
-0.158069
-0.158069
-0.158069
-0.158069
-0.158069
-0.158068
-0.158068
-0.158068
-0.158068
-0.158068
-0.158068
-0.158513
-0.158513
-0.158513
-0.158513
-0.158513
-0.158513
-0.158513
-0.158512
-0.158512
-0.158512
-0.158512
-0.158512
-0.158512
-0.158512
-0.158512
-0.158512
-0.158512
-0.158512
-0.158512
-0.158512
-0.158956
-0.158956
-0.158956
-0.158956
-0.158956
-0.158956
-0.158956
-0.158956
-0.158956
-0.158956
-0.158956
-0.158956
-0.158956
-0.158956
-0.158956
-0.158956
-0.158956
-0.158956
-0.158956
-0.158956
-0.1594
-0.1594
-0.1594
-0.1594
-0.1594
-0.1594
-0.1594
-0.1594
-0.1594
-0.1594
-0.1594
-0.1594
-0.1594
-0.1594
-0.1594
-0.1594
-0.1594
-0.1594
-0.1594
-0.1594
-0.159844
-0.159844
-0.159844
-0.159844
-0.159844
-0.159844
-0.159844
-0.159844
-0.159844
-0.159844
-0.159844
-0.159844
-0.159844
-0.159844
-0.159844
-0.159844
-0.159844
-0.159844
-0.159844
-0.159844
-0.160288
-0.160288
-0.160288
-0.160288
-0.160288
-0.160288
-0.160288
-0.160288
-0.160288
-0.160288
-0.160288
-0.160288
-0.160288
-0.160288
-0.160288
-0.160288
-0.160288
-0.160288
-0.160288
-0.160288
-0.160732
-0.160732
-0.160732
-0.160732
-0.160732
-0.160732
-0.160732
-0.160732
-0.160732
-0.160732
-0.160732
-0.160732
-0.160732
-0.160732
-0.160732
-0.160732
-0.160732
-0.160732
-0.160732
-0.160732
-0.161176
-0.161176
-0.161176
-0.161176
-0.161176
-0.161176
-0.161176
-0.161176
-0.161176
-0.161176
-0.161176
-0.161176
-0.161176
-0.161176
-0.161176
-0.161176
-0.161176
-0.161176
-0.161176
-0.161176
-0.161619
-0.161619
-0.161619
-0.161619
-0.161619
-0.161619
-0.161619
-0.161619
-0.161619
-0.161619
-0.161619
-0.161619
-0.161619
-0.161619
-0.161619
-0.161619
-0.161619
-0.161619
-0.161619
-0.161619
-0.162063
-0.162063
-0.162063
-0.162063
-0.162063
-0.162063
-0.162063
-0.162063
-0.162063
-0.162063
-0.162063
-0.162063
-0.162063
-0.162063
-0.162063
-0.162063
-0.162063
-0.162063
-0.162063
-0.162063
-0.162507
-0.162507
-0.162507
-0.162507
-0.162507
-0.162507
-0.162507
-0.162507
-0.162507
-0.162507
-0.162507
-0.162507
-0.162507
-0.162507
-0.162507
-0.162507
-0.162507
-0.162507
-0.162507
-0.162507
-0.162951
-0.162951
-0.162951
-0.162951
-0.162951
-0.162951
-0.162951
-0.162951
-0.162951
-0.162951
-0.162951
-0.162951
-0.162951
-0.162951
-0.162951
-0.162951
-0.162951
-0.162951
-0.162951
-0.162951
-0.163395
-0.163395
-0.163395
-0.163395
-0.163395
-0.163395
-0.163395
-0.163395
-0.163395
-0.163395
-0.163395
-0.163395
-0.163395
-0.163395
-0.163395
-0.163395
-0.163395
-0.163395
-0.163395
-0.163395
-0.163839
-0.163839
-0.163839
-0.163839
-0.163839
-0.163839
-0.163839
-0.163839
-0.163839
-0.163839
-0.163839
-0.163839
-0.163839
-0.163839
-0.163839
-0.163839
-0.163839
-0.163839
-0.163839
-0.163839
-0.164282
-0.164282
-0.164282
-0.164282
-0.164282
-0.164282
-0.164282
-0.164282
-0.164282
-0.164282
-0.164282
-0.164282
-0.164282
-0.164282
-0.164283
-0.164283
-0.164283
-0.164283
-0.164283
-0.164283
-0.164726
-0.164726
-0.164726
-0.164726
-0.164726
-0.164726
-0.164726
-0.164726
-0.164726
-0.164726
-0.164726
-0.164726
-0.164726
-0.164726
-0.164726
-0.164726
-0.164726
-0.164726
-0.164726
-0.164726
-0.16517
-0.16517
-0.16517
-0.16517
-0.16517
-0.16517
-0.16517
-0.16517
-0.16517
-0.16517
-0.16517
-0.16517
-0.16517
-0.16517
-0.16517
-0.16517
-0.16517
-0.16517
-0.16517
-0.16517
-0.165614
-0.165614
-0.165614
-0.165614
-0.165614
-0.165614
-0.165614
-0.165614
-0.165614
-0.165614
-0.165614
-0.165614
-0.165614
-0.165614
-0.165614
-0.165614
-0.165614
-0.165614
-0.165614
-0.165614
-0.166058
-0.166058
-0.166058
-0.166058
-0.166058
-0.166058
-0.166058
-0.166058
-0.166058
-0.166058
-0.166058
-0.166058
-0.166058
-0.166058
-0.166058
-0.166058
-0.166058
-0.166058
-0.166058
-0.166058
-0.166501
-0.166501
-0.166501
-0.166501
-0.166501
-0.166501
-0.166501
-0.166502
-0.166502
-0.166502
-0.166502
-0.166502
-0.166502
-0.166502
-0.166502
-0.166502
-0.166502
-0.166502
-0.166502
-0.166502
-0.166945
-0.166945
-0.166945
-0.166945
-0.166945
-0.166945
-0.166945
-0.166945
-0.166945
-0.166945
-0.166945
-0.166945
-0.166945
-0.166945
-0.166945
-0.166945
-0.166946
-0.166946
-0.166946
-0.166946
-0.167389
-0.167389
-0.167389
-0.167389
-0.167389
-0.167389
-0.167389
-0.167389
-0.167389
-0.167389
-0.167389
-0.167389
-0.167389
-0.167389
-0.167389
-0.167389
-0.167389
-0.167389
-0.167389
-0.167389
-0.167833
-0.167833
-0.167833
-0.167833
-0.167833
-0.167833
-0.167833
-0.167833
-0.167833
-0.167833
-0.167833
-0.167833
-0.167833
-0.167833
-0.167833
-0.167833
-0.167833
-0.167833
-0.167833
-0.167833
-0.168277
-0.168277
-0.168277
-0.168277
-0.168277
-0.168277
-0.168277
-0.168277
-0.168277
-0.168277
-0.168277
-0.168277
-0.168277
-0.168277
-0.168277
-0.168277
-0.168277
-0.168277
-0.168277
-0.168277
-0.168721
-0.168721
-0.168721
-0.168721
-0.168721
-0.168721
-0.168721
-0.168721
-0.168721
-0.168721
-0.168721
-0.168721
-0.168721
-0.168721
-0.168721
-0.168721
-0.168721
-0.168721
-0.168721
-0.168721
-0.169164
-0.169164
-0.169164
-0.169164
-0.169164
-0.169164
-0.169164
-0.169164
-0.169164
-0.169164
-0.169164
-0.169164
-0.169165
-0.169165
-0.169165
-0.169165
-0.169165
-0.169165
-0.169165
-0.169165
-0.169608
-0.169608
-0.169608
-0.169608
-0.169608
-0.169608
-0.169608
-0.169608
-0.169608
-0.169608
-0.169608
-0.169608
-0.169608
-0.169608
-0.169608
-0.169608
-0.169608
-0.169608
-0.169608
-0.169608
-0.170052
-0.170052
-0.170052
-0.170052
-0.170052
-0.170052
-0.170052
-0.170052
-0.170052
-0.170052
-0.170052
-0.170052
-0.170052
-0.170052
-0.170052
-0.170052
-0.170052
-0.170052
-0.170052
-0.170052
-0.170496
-0.170496
-0.170496
-0.170496
-0.170496
-0.170496
-0.170496
-0.170496
-0.170496
-0.170496
-0.170496
-0.170496
-0.170496
-0.170496
-0.170496
-0.170496
-0.170496
-0.170496
-0.170496
-0.170496
-0.17094
-0.17094
-0.17094
-0.17094
-0.17094
-0.17094
-0.17094
-0.17094
-0.17094
-0.17094
-0.17094
-0.17094
-0.17094
-0.17094
-0.17094
-0.17094
-0.17094
-0.17094
-0.17094
-0.17094
-0.171384
-0.171384
-0.171384
-0.171384
-0.171384
-0.171384
-0.171384
-0.171384
-0.171384
-0.171384
-0.171384
-0.171384
-0.171384
-0.171384
-0.171384
-0.171384
-0.171383
-0.171383
-0.171383
-0.171383
-0.171827
-0.171827
-0.171827
-0.171827
-0.171827
-0.171827
-0.171827
-0.171827
-0.171827
-0.171827
-0.171827
-0.171827
-0.171827
-0.171827
-0.171827
-0.171827
-0.171827
-0.171827
-0.171827
-0.171827
-0.172271
-0.172271
-0.172271
-0.172271
-0.172271
-0.172271
-0.172271
-0.172271
-0.172271
-0.172271
-0.172271
-0.172271
-0.172271
-0.172271
-0.172271
-0.172271
-0.172271
-0.172271
-0.172271
-0.172271
-0.172715
-0.172715
-0.172715
-0.172715
-0.172715
-0.172715
-0.172715
-0.172715
-0.172715
-0.172715
-0.172715
-0.172715
-0.172715
-0.172715
-0.172715
-0.172715
-0.172715
-0.172715
-0.172715
-0.172715
-0.173159
-0.173159
-0.173159
-0.173159
-0.173159
-0.173159
-0.173159
-0.173159
-0.173159
-0.173159
-0.173159
-0.173159
-0.173159
-0.173159
-0.173159
-0.173159
-0.173159
-0.173159
-0.173159
-0.173159
-0.173603
-0.173603
-0.173603
-0.173603
-0.173603
-0.173603
-0.173603
-0.173603
-0.173603
-0.173602
-0.173602
-0.173602
-0.173602
-0.173602
-0.173602
-0.173602
-0.173602
-0.173602
-0.173602
-0.173602
-0.174046
-0.174046
-0.174046
-0.174046
-0.174046
-0.174046
-0.174046
-0.174046
-0.174046
-0.174046
-0.174046
-0.174046
-0.174046
-0.174046
-0.174046
-0.174046
-0.174046
-0.174046
-0.174046
-0.174046
-0.17449
-0.17449
-0.17449
-0.17449
-0.17449
-0.17449
-0.17449
-0.17449
-0.17449
-0.17449
-0.17449
-0.17449
-0.17449
-0.17449
-0.17449
-0.17449
-0.17449
-0.17449
-0.17449
-0.17449
-0.174934
-0.174934
-0.174934
-0.174934
-0.174934
-0.174934
-0.174934
-0.174934
-0.174934
-0.174934
-0.174934
-0.174934
-0.174934
-0.174934
-0.174934
-0.174934
-0.174934
-0.174934
-0.174934
-0.174934
-0.175378
-0.175378
-0.175378
-0.175378
-0.175378
-0.175378
-0.175378
-0.175378
-0.175378
-0.175378
-0.175378
-0.175378
-0.175378
-0.175378
-0.175378
-0.175378
-0.175378
-0.175378
-0.175378
-0.175378
-0.175822
-0.175822
-0.175821
-0.175821
-0.175821
-0.175821
-0.175821
-0.175821
-0.175821
-0.175821
-0.175821
-0.175821
-0.175821
-0.175821
-0.175821
-0.175821
-0.175821
-0.175821
-0.175821
-0.175821
-0.176265
-0.176265
-0.176265
-0.176265
-0.176265
-0.176265
-0.176265
-0.176265
-0.176265
-0.176265
-0.176265
-0.176265
-0.176265
-0.176265
-0.176265
-0.176265
-0.176265
-0.176265
-0.176265
-0.176265
-0.176709
-0.176709
-0.176709
-0.176709
-0.176709
-0.176709
-0.176709
-0.176709
-0.176709
-0.176709
-0.176709
-0.176709
-0.176709
-0.176709
-0.176709
-0.176709
-0.176709
-0.176709
-0.176709
-0.176709
-0.177153
-0.177153
-0.177153
-0.177153
-0.177153
-0.177153
-0.177153
-0.177153
-0.177153
-0.177153
-0.177153
-0.177153
-0.177153
-0.177153
-0.177153
-0.177153
-0.177153
-0.177153
-0.177153
-0.177153
-0.177597
-0.177597
-0.177597
-0.177597
-0.177597
-0.177597
-0.177597
-0.177597
-0.177597
-0.177597
-0.177597
-0.177597
-0.177597
-0.177597
-0.177597
-0.177597
-0.177597
-0.177597
-0.177597
-0.177597
-0.17804
-0.17804
-0.17804
-0.17804
-0.17804
-0.17804
-0.17804
-0.17804
-0.17804
-0.17804
-0.17804
-0.17804
-0.17804
-0.17804
-0.17804
-0.17804
-0.17804
-0.17804
-0.17804
-0.17804
-0.178484
-0.178484
-0.178484
-0.178484
-0.178484
-0.178484
-0.178484
-0.178484
-0.178484
-0.178484
-0.178484
-0.178484
-0.178484
-0.178484
-0.178484
-0.178484
-0.178484
-0.178484
-0.178484
-0.178484
-0.178928
-0.178928
-0.178928
-0.178928
-0.178928
-0.178928
-0.178928
-0.178928
-0.178928
-0.178928
-0.178928
-0.178928
-0.178928
-0.178928
-0.178928
-0.178928
-0.178928
-0.178928
-0.178928
-0.178928
-0.179372
-0.179372
-0.179372
-0.179372
-0.179372
-0.179372
-0.179372
-0.179372
-0.179372
-0.179372
-0.179372
-0.179372
-0.179372
-0.179372
-0.179372
-0.179372
-0.179372
-0.179372
-0.179372
-0.179372
-0.179815
-0.179815
-0.179815
-0.179815
-0.179815
-0.179815
-0.179815
-0.179815
-0.179815
-0.179815
-0.179815
-0.179815
-0.179815
-0.179815
-0.179815
-0.179815
-0.179815
-0.179815
-0.179815
-0.179815
-0.180259
-0.180259
-0.180259
-0.180259
-0.180259
-0.180259
-0.180259
-0.180259
-0.180259
-0.180259
-0.180259
-0.180259
-0.180259
-0.180259
-0.180259
-0.180259
-0.180259
-0.180259
-0.180259
-0.180259
-0.180703
-0.180703
-0.180703
-0.180703
-0.180703
-0.180703
-0.180703
-0.180703
-0.180703
-0.180703
-0.180703
-0.180703
-0.180703
-0.180703
-0.180703
-0.180703
-0.180703
-0.180703
-0.180703
-0.180703
-0.181147
-0.181147
-0.181147
-0.181147
-0.181147
-0.181147
-0.181147
-0.181147
-0.181147
-0.181147
-0.181147
-0.181147
-0.181147
-0.181147
-0.181147
-0.181147
-0.181147
-0.181147
-0.181147
-0.181147
-0.18159
-0.18159
-0.18159
-0.18159
-0.18159
-0.18159
-0.18159
-0.18159
-0.18159
-0.18159
-0.18159
-0.18159
-0.18159
-0.18159
-0.18159
-0.18159
-0.18159
-0.18159
-0.18159
-0.18159
-0.182034
-0.182034
-0.182034
-0.182034
-0.182034
-0.182034
-0.182034
-0.182034
-0.182034
-0.182034
-0.182034
-0.182034
-0.182034
-0.182034
-0.182034
-0.182034
-0.182034
-0.182034
-0.182034
-0.182034
-0.182478
-0.182478
-0.182478
-0.182478
-0.182478
-0.182478
-0.182478
-0.182478
-0.182478
-0.182478
-0.182478
-0.182478
-0.182478
-0.182478
-0.182478
-0.182478
-0.182478
-0.182478
-0.182478
-0.182478
-0.182922
-0.182922
-0.182922
-0.182922
-0.182922
-0.182922
-0.182922
-0.182922
-0.182922
-0.182922
-0.182922
-0.182922
-0.182922
-0.182922
-0.182922
-0.182922
-0.182922
-0.182922
-0.182922
-0.182922
-0.183365
-0.183365
-0.183365
-0.183365
-0.183365
-0.183365
-0.183365
-0.183365
-0.183365
-0.183365
-0.183365
-0.183365
-0.183365
-0.183365
-0.183365
-0.183365
-0.183365
-0.183365
-0.183365
-0.183365
-0.183809
-0.183809
-0.183809
-0.183809
-0.183809
-0.183809
-0.183809
-0.183809
-0.183809
-0.183809
-0.183809
-0.183809
-0.183809
-0.183809
-0.183809
-0.183809
-0.183809
-0.183809
-0.183809
-0.183809
-0.184253
-0.184253
-0.184253
-0.184253
-0.184253
-0.184253
-0.184253
-0.184253
-0.184253
-0.184253
-0.184253
-0.184253
-0.184253
-0.184253
-0.184253
-0.184253
-0.184253
-0.184253
-0.184253
-0.184253
-0.184697
-0.184697
-0.184697
-0.184697
-0.184697
-0.184697
-0.184697
-0.184697
-0.184697
-0.184697
-0.184697
-0.184697
-0.184697
-0.184697
-0.184697
-0.184697
-0.184697
-0.184697
-0.184697
-0.184697
-0.18514
-0.18514
-0.18514
-0.18514
-0.18514
-0.18514
-0.18514
-0.18514
-0.18514
-0.18514
-0.18514
-0.18514
-0.18514
-0.18514
-0.18514
-0.18514
-0.18514
-0.18514
-0.18514
-0.18514
-0.185584
-0.185584
-0.185584
-0.185584
-0.185584
-0.185584
-0.185584
-0.185584
-0.185584
-0.185584
-0.185584
-0.185584
-0.185584
-0.185584
-0.185584
-0.185584
-0.185584
-0.185584
-0.185584
-0.185584
-0.186028
-0.186028
-0.186028
-0.186028
-0.186028
-0.186028
-0.186028
-0.186028
-0.186028
-0.186028
-0.186028
-0.186028
-0.186028
-0.186028
-0.186028
-0.186028
-0.186028
-0.186028
-0.186028
-0.186028
-0.186471
-0.186471
-0.186471
-0.186471
-0.186471
-0.186471
-0.186471
-0.186471
-0.186471
-0.186471
-0.186471
-0.186471
-0.186471
-0.186471
-0.186471
-0.186471
-0.186471
-0.186471
-0.186471
-0.186471
-0.186915
-0.186915
-0.186915
-0.186915
-0.186915
-0.186915
-0.186915
-0.186915
-0.186915
-0.186915
-0.186915
-0.186915
-0.186915
-0.186915
-0.186915
-0.186915
-0.186915
-0.186915
-0.186915
-0.186915
-0.187359
-0.187359
-0.187359
-0.187359
-0.187359
-0.187359
-0.187359
-0.187359
-0.187359
-0.187359
-0.187359
-0.187359
-0.187359
-0.187359
-0.187359
-0.187359
-0.187359
-0.187359
-0.187359
-0.187359
-0.187802
-0.187802
-0.187802
-0.187802
-0.187802
-0.187802
-0.187802
-0.187802
-0.187802
-0.187802
-0.187802
-0.187802
-0.187802
-0.187802
-0.187802
-0.187802
-0.187802
-0.187802
-0.187802
-0.187802
-0.188246
-0.188246
-0.188246
-0.188246
-0.188246
-0.188246
-0.188246
-0.188246
-0.188246
-0.188246
-0.188246
-0.188246
-0.188246
-0.188246
-0.188246
-0.188246
-0.188246
-0.188246
-0.188246
-0.188246
-0.18869
-0.18869
-0.18869
-0.18869
-0.18869
-0.18869
-0.18869
-0.18869
-0.18869
-0.18869
-0.18869
-0.18869
-0.18869
-0.18869
-0.18869
-0.18869
-0.18869
-0.18869
-0.18869
-0.18869
-0.189134
-0.189134
-0.189134
-0.189134
-0.189134
-0.189134
-0.189134
-0.189134
-0.189134
-0.189134
-0.189134
-0.189134
-0.189134
-0.189134
-0.189134
-0.189134
-0.189134
-0.189134
-0.189134
-0.189134
-0.189577
-0.189577
-0.189577
-0.189577
-0.189577
-0.189577
-0.189577
-0.189577
-0.189577
-0.189577
-0.189577
-0.189577
-0.189577
-0.189577
-0.189577
-0.189577
-0.189577
-0.189577
-0.189577
-0.189577
-0.190021
-0.190021
-0.190021
-0.190021
-0.190021
-0.190021
-0.190021
-0.190021
-0.190021
-0.190021
-0.190021
-0.190021
-0.190021
-0.190021
-0.190021
-0.190021
-0.190021
-0.190021
-0.190021
-0.190021
-0.190465
-0.190465
-0.190465
-0.190465
-0.190465
-0.190465
-0.190465
-0.190465
-0.190465
-0.190465
-0.190465
-0.190465
-0.190465
-0.190465
-0.190465
-0.190465
-0.190465
-0.190465
-0.190465
-0.190465
-0.190909
-0.190909
-0.190909
-0.190909
-0.190909
-0.190909
-0.190909
-0.190909
-0.190909
-0.190909
-0.190909
-0.190909
-0.190909
-0.190909
-0.190909
-0.190909
-0.190909
-0.190909
-0.190909
-0.190909
-0.191352
-0.191352
-0.191352
-0.191352
-0.191352
-0.191352
-0.191352
-0.191352
-0.191352
-0.191352
-0.191352
-0.191352
-0.191352
-0.191352
-0.191352
-0.191352
-0.191352
-0.191352
-0.191352
-0.191352
-0.191796
-0.191796
-0.191796
-0.191796
-0.191796
-0.191796
-0.191796
-0.191796
-0.191796
-0.191796
-0.191796
-0.191796
-0.191796
-0.191796
-0.191796
-0.191796
-0.191796
-0.191796
-0.191796
-0.191796
-0.19224
-0.19224
-0.19224
-0.19224
-0.19224
-0.19224
-0.19224
-0.19224
-0.19224
-0.19224
-0.19224
-0.19224
-0.19224
-0.19224
-0.19224
-0.19224
-0.19224
-0.19224
-0.19224
-0.19224
-0.192684
-0.192684
-0.192684
-0.192684
-0.192684
-0.192684
-0.192684
-0.192684
-0.192684
-0.192684
-0.192684
-0.192684
-0.192684
-0.192684
-0.192684
-0.192684
-0.192684
-0.192684
-0.192684
-0.192684
-0.193127
-0.193127
-0.193127
-0.193127
-0.193127
-0.193127
-0.193127
-0.193127
-0.193127
-0.193127
-0.193127
-0.193127
-0.193127
-0.193127
-0.193127
-0.193127
-0.193127
-0.193127
-0.193127
-0.193127
-0.193571
-0.193571
-0.193571
-0.193571
-0.193571
-0.193571
-0.193571
-0.193571
-0.193571
-0.193571
-0.193571
-0.193571
-0.193571
-0.193571
-0.193571
-0.193571
-0.193571
-0.193571
-0.193571
-0.193571
-0.194015
-0.194015
-0.194015
-0.194015
-0.194015
-0.194015
-0.194015
-0.194015
-0.194015
-0.194015
-0.194015
-0.194015
-0.194015
-0.194015
-0.194015
-0.194015
-0.194015
-0.194015
-0.194015
-0.194015
-0.194459
-0.194459
-0.194459
-0.194459
-0.194459
-0.194459
-0.194459
-0.194459
-0.194459
-0.194459
-0.194459
-0.194459
-0.194459
-0.194459
-0.194459
-0.194459
-0.194459
-0.194459
-0.194459
-0.194459
-0.194902
-0.194902
-0.194902
-0.194902
-0.194902
-0.194902
-0.194902
-0.194902
-0.194902
-0.194902
-0.194902
-0.194902
-0.194902
-0.194902
-0.194902
-0.194902
-0.194902
-0.194902
-0.194902
-0.194902
-0.195346
-0.195346
-0.195346
-0.195346
-0.195346
-0.195346
-0.195346
-0.195346
-0.195346
-0.195346
-0.195346
-0.195346
-0.195346
-0.195346
-0.195346
-0.195346
-0.195346
-0.195346
-0.195346
-0.195346
-0.19579
-0.19579
-0.19579
-0.19579
-0.19579
-0.19579
-0.19579
-0.19579
-0.19579
-0.19579
-0.19579
-0.19579
-0.19579
-0.19579
-0.19579
-0.19579
-0.19579
-0.19579
-0.19579
-0.19579
-0.196233
-0.196233
-0.196233
-0.196233
-0.196233
-0.196233
-0.196233
-0.196233
-0.196233
-0.196233
-0.196233
-0.196233
-0.196233
-0.196233
-0.196233
-0.196233
-0.196233
-0.196233
-0.196233
-0.196233
-0.196677
-0.196677
-0.196677
-0.196677
-0.196677
-0.196677
-0.196677
-0.196677
-0.196677
-0.196677
-0.196677
-0.196677
-0.196677
-0.196677
-0.196677
-0.196677
-0.196677
-0.196677
-0.196677
-0.196677
-0.197121
-0.197121
-0.197121
-0.197121
-0.197121
-0.197121
-0.197121
-0.197121
-0.197121
-0.197121
-0.197121
-0.197121
-0.197121
-0.197121
-0.197121
-0.197121
-0.197121
-0.197121
-0.197121
-0.197121
-0.197564
-0.197564
-0.197564
-0.197564
-0.197564
-0.197564
-0.197565
-0.197565
-0.197565
-0.197565
-0.197565
-0.197565
-0.197565
-0.197565
-0.197564
-0.197564
-0.197564
-0.197564
-0.197564
-0.197564
-0.198008
-0.198008
-0.198008
-0.198008
-0.198008
-0.198008
-0.198008
-0.198008
-0.198008
-0.198008
-0.198008
-0.198008
-0.198008
-0.198008
-0.198008
-0.198008
-0.198008
-0.198008
-0.198008
-0.198008
-0.198451
-0.198451
-0.198451
-0.198451
-0.198452
-0.198452
-0.198452
-0.198452
-0.198452
-0.198452
-0.198452
-0.198452
-0.198452
-0.198452
-0.198452
-0.198452
-0.198451
-0.198451
-0.198451
-0.198451
-0.198895
-0.198895
-0.198895
-0.198895
-0.198895
-0.198896
-0.198896
-0.198896
-0.198896
-0.198896
-0.198896
-0.198896
-0.198896
-0.198896
-0.198896
-0.198895
-0.198895
-0.198895
-0.198895
-0.198895
-0.199338
-0.199338
-0.199338
-0.199339
-0.199339
-0.19934
-0.19934
-0.19934
-0.199341
-0.199341
-0.199341
-0.199341
-0.19934
-0.19934
-0.19934
-0.199339
-0.199339
-0.199338
-0.199338
-0.199338
-0.19978
-0.19978
-0.19978
-0.199781
-0.199781
-0.199781
-0.199782
-0.199782
-0.199782
-0.199782
-0.199782
-0.199782
-0.199782
-0.199782
-0.199781
-0.199781
-0.199781
-0.19978
-0.19978
-0.19978
)
;

boundaryField
{
    inlet
    {
        type            calculated;
        value           uniform 0;
    }
    atmosphere
    {
        type            calculated;
        value           nonuniform List<scalar> 
20
(
-0.2
-0.2
-0.2
-0.2
-0.2
-0.2
-0.2
-0.2
-0.2
-0.2
-0.2
-0.2
-0.2
-0.2
-0.2
-0.2
-0.2
-0.2
-0.2
-0.2
)
;
    }
    walls
    {
        type            calculated;
        value           nonuniform List<scalar> 
800
(
-0.230241
-0.690781
-1.15133
-1.61188
-2.07243
-2.53298
-2.99353
-3.45408
-3.91464
-4.37519
-4.83574
-5.29629
-5.75684
-6.21739
-6.67794
-7.13849
-7.59904
-8.05959
-8.52014
-8.98069
-9.44125
-9.9018
-10.3623
-10.8229
-11.2834
-11.744
-12.2045
-12.6651
-13.1256
-13.5862
-14.0467
-14.5073
-14.9679
-15.4284
-15.889
-16.3495
-16.8101
-17.2706
-17.7312
-18.1917
-18.6523
-19.1128
-19.5734
-20.0339
-20.4945
-20.955
-21.4156
-21.8761
-22.3367
-22.7972
-23.2578
-23.7183
-24.1789
-24.6394
-25.1
-25.5605
-26.0211
-26.4816
-26.9422
-27.4027
-27.8633
-28.3238
-28.7844
-29.2449
-29.7055
-30.166
-30.6266
-31.0871
-31.5477
-32.0082
-32.4688
-32.9293
-33.3899
-33.8504
-34.311
-34.7715
-35.2321
-35.6926
-36.1532
-36.6137
-37.0743
-37.5348
-37.9954
-38.4559
-38.9165
-39.377
-39.8376
-40.2981
-40.7587
-41.2192
-41.6798
-42.1403
-42.6009
-43.0614
-43.522
-43.9825
-44.4431
-44.9036
-45.3642
-45.8247
-46.2853
-46.7458
-47.2064
-47.6669
-48.1275
-48.588
-49.0486
-49.5091
-49.9697
-50.4302
-50.8908
-51.3513
-51.8118
-52.2724
-52.7329
-53.1935
-53.654
-54.1146
-54.5751
-55.0357
-55.4962
-55.9568
-56.4173
-56.8779
-57.3384
-57.799
-58.2595
-58.7201
-59.1807
-59.6412
-60.1018
-60.5623
-61.0229
-61.4834
-61.944
-62.4045
-62.8651
-63.3256
-63.7862
-64.2467
-64.7073
-65.1678
-65.6284
-66.0889
-66.5495
-67.0101
-67.4706
-67.9312
-68.3918
-68.8523
-69.3129
-69.7735
-70.2341
-70.6947
-71.1553
-71.6159
-72.0764
-72.5367
-72.9963
-73.4587
-73.9185
-74.3699
-74.8064
-75.2834
-75.7506
-76.2059
-76.6759
-77.1348
-77.5807
-78.0622
-78.5219
-78.9813
-79.4454
-79.9075
-80.3703
-80.8332
-81.2987
-81.7637
-82.22
-82.6629
-83.108
-83.5533
-84.0118
-84.467
-84.9217
-85.3714
-85.8201
-86.2499
-86.6617
-87.0789
-87.5381
-88.007
-88.8615
-90.1942
-93.1798
-96.7765
-78.9762
-61.6363
-12.1434
0.00594777
-0.00154254
-0.0454141
-0.084074
-0.101699
-0.110122
-0.0992796
0.15309
0.105456
-0.102697
-0.116349
-0.11491
-0.116347
-0.117091
-0.117582
-0.117985
-0.118367
-0.118752
-0.119145
-0.119549
-0.119962
-0.120385
-0.120814
-0.121248
-0.121685
-0.122124
-0.122564
-0.123006
-0.123448
-0.123891
-0.124334
-0.124778
-0.125221
-0.125665
-0.126109
-0.126552
-0.126996
-0.12744
-0.127884
-0.128327
-0.128771
-0.129215
-0.129659
-0.130103
-0.130547
-0.130991
-0.131435
-0.131878
-0.132322
-0.132766
-0.13321
-0.133654
-0.134098
-0.134542
-0.134986
-0.13543
-0.135874
-0.136318
-0.136762
-0.137205
-0.137649
-0.138093
-0.138537
-0.138981
-0.139425
-0.139869
-0.140313
-0.140757
-0.141201
-0.141645
-0.142089
-0.142533
-0.142976
-0.14342
-0.143864
-0.144308
-0.144752
-0.145196
-0.14564
-0.146084
-0.146528
-0.146972
-0.147416
-0.147859
-0.148303
-0.148747
-0.149191
-0.149635
-0.150079
-0.150523
-0.150967
-0.151411
-0.151854
-0.152298
-0.152742
-0.153186
-0.15363
-0.154074
-0.154518
-0.154962
-0.155406
-0.155849
-0.156293
-0.156737
-0.157181
-0.157625
-0.158069
-0.158513
-0.158956
-0.1594
-0.159844
-0.160288
-0.160732
-0.161176
-0.161619
-0.162063
-0.162507
-0.162951
-0.163395
-0.163839
-0.164282
-0.164726
-0.16517
-0.165614
-0.166058
-0.166501
-0.166945
-0.167389
-0.167833
-0.168277
-0.168721
-0.169164
-0.169608
-0.170052
-0.170496
-0.17094
-0.171384
-0.171827
-0.172271
-0.172715
-0.173159
-0.173603
-0.174046
-0.17449
-0.174934
-0.175378
-0.175822
-0.176265
-0.176709
-0.177153
-0.177597
-0.17804
-0.178484
-0.178928
-0.179372
-0.179815
-0.180259
-0.180703
-0.181147
-0.18159
-0.182034
-0.182478
-0.182922
-0.183365
-0.183809
-0.184253
-0.184697
-0.18514
-0.185584
-0.186028
-0.186471
-0.186915
-0.187359
-0.187802
-0.188246
-0.18869
-0.189134
-0.189577
-0.190021
-0.190465
-0.190909
-0.191352
-0.191796
-0.19224
-0.192684
-0.193127
-0.193571
-0.194015
-0.194459
-0.194902
-0.195346
-0.19579
-0.196233
-0.196677
-0.197121
-0.197564
-0.198008
-0.198451
-0.198895
-0.199338
-0.19978
-0.230241
-0.690781
-1.15133
-1.61188
-2.07243
-2.53298
-2.99353
-3.45408
-3.91464
-4.37519
-4.83574
-5.29629
-5.75684
-6.21739
-6.67794
-7.13849
-7.59904
-8.05959
-8.52014
-8.98069
-9.44124
-9.90179
-10.3623
-10.8229
-11.2834
-11.744
-12.2045
-12.6651
-13.1256
-13.5862
-14.0467
-14.5073
-14.9679
-15.4284
-15.889
-16.3495
-16.8101
-17.2706
-17.7312
-18.1917
-18.6523
-19.1128
-19.5734
-20.0339
-20.4945
-20.955
-21.4156
-21.8761
-22.3367
-22.7972
-23.2578
-23.7183
-24.1789
-24.6394
-25.1
-25.5605
-26.0211
-26.4816
-26.9422
-27.4027
-27.8633
-28.3238
-28.7844
-29.2449
-29.7055
-30.166
-30.6266
-31.0871
-31.5477
-32.0082
-32.4688
-32.9293
-33.3899
-33.8504
-34.311
-34.7715
-35.2321
-35.6926
-36.1532
-36.6137
-37.0743
-37.5348
-37.9954
-38.4559
-38.9165
-39.377
-39.8376
-40.2981
-40.7587
-41.2192
-41.6798
-42.1403
-42.6009
-43.0614
-43.522
-43.9825
-44.4431
-44.9036
-45.3642
-45.8247
-46.2853
-46.7458
-47.2064
-47.6669
-48.1275
-48.588
-49.0486
-49.5091
-49.9697
-50.4302
-50.8908
-51.3513
-51.8119
-52.2724
-52.7329
-53.1935
-53.654
-54.1146
-54.5751
-55.0357
-55.4962
-55.9568
-56.4173
-56.8779
-57.3384
-57.799
-58.2595
-58.7201
-59.1806
-59.6412
-60.1017
-60.5623
-61.0228
-61.4834
-61.9439
-62.4045
-62.865
-63.3256
-63.7861
-64.2467
-64.7072
-65.1678
-65.6283
-66.0889
-66.5494
-67.0099
-67.4705
-67.931
-68.3915
-68.8521
-69.3126
-69.7731
-70.2337
-70.6942
-71.1547
-71.6152
-72.0756
-72.5357
-72.9949
-73.457
-73.9167
-74.3663
-74.7985
-75.2879
-75.7515
-76.2088
-76.6725
-77.1355
-77.5954
-78.0564
-78.5214
-78.9807
-79.4385
-79.8999
-80.3624
-80.8234
-81.2857
-81.7484
-82.2031
-82.6421
-83.0846
-83.5235
-83.9783
-84.4274
-84.8754
-85.3175
-85.7566
-86.1746
-86.5736
-86.9759
-87.417
-87.8688
-88.7024
-89.9902
-92.9532
-96.2802
-79.5667
-62.3061
-12.8868
0.00269095
-0.00116294
-0.0448133
-0.0841311
-0.102627
-0.109278
-0.116467
-0.0323788
0.0314664
-0.0905885
-0.116786
-0.114907
-0.116286
-0.117008
-0.117494
-0.117893
-0.118287
-0.118682
-0.119085
-0.119497
-0.119918
-0.120347
-0.120781
-0.12122
-0.121661
-0.122103
-0.122547
-0.122991
-0.123436
-0.123881
-0.124326
-0.124771
-0.125215
-0.12566
-0.126104
-0.126549
-0.126993
-0.127437
-0.127882
-0.128326
-0.12877
-0.129214
-0.129658
-0.130102
-0.130546
-0.13099
-0.131434
-0.131878
-0.132322
-0.132766
-0.13321
-0.133654
-0.134098
-0.134542
-0.134986
-0.13543
-0.135874
-0.136318
-0.136762
-0.137206
-0.13765
-0.138093
-0.138537
-0.138981
-0.139425
-0.139869
-0.140313
-0.140757
-0.141201
-0.141645
-0.142089
-0.142533
-0.142977
-0.14342
-0.143864
-0.144308
-0.144752
-0.145196
-0.14564
-0.146084
-0.146528
-0.146972
-0.147416
-0.147859
-0.148303
-0.148747
-0.149191
-0.149635
-0.150079
-0.150523
-0.150967
-0.15141
-0.151854
-0.152298
-0.152742
-0.153186
-0.15363
-0.154074
-0.154518
-0.154962
-0.155405
-0.155849
-0.156293
-0.156737
-0.157181
-0.157625
-0.158068
-0.158512
-0.158956
-0.1594
-0.159844
-0.160288
-0.160732
-0.161176
-0.161619
-0.162063
-0.162507
-0.162951
-0.163395
-0.163839
-0.164283
-0.164726
-0.16517
-0.165614
-0.166058
-0.166502
-0.166946
-0.167389
-0.167833
-0.168277
-0.168721
-0.169165
-0.169608
-0.170052
-0.170496
-0.17094
-0.171383
-0.171827
-0.172271
-0.172715
-0.173159
-0.173602
-0.174046
-0.17449
-0.174934
-0.175378
-0.175821
-0.176265
-0.176709
-0.177153
-0.177597
-0.17804
-0.178484
-0.178928
-0.179372
-0.179815
-0.180259
-0.180703
-0.181147
-0.18159
-0.182034
-0.182478
-0.182922
-0.183365
-0.183809
-0.184253
-0.184697
-0.18514
-0.185584
-0.186028
-0.186471
-0.186915
-0.187359
-0.187802
-0.188246
-0.18869
-0.189134
-0.189577
-0.190021
-0.190465
-0.190909
-0.191352
-0.191796
-0.19224
-0.192684
-0.193127
-0.193571
-0.194015
-0.194459
-0.194902
-0.195346
-0.19579
-0.196233
-0.196677
-0.197121
-0.197564
-0.198008
-0.198451
-0.198895
-0.199338
-0.19978
)
;
    }
    frontAndBack
    {
        type            empty;
    }
}


// ************************************************************************* //
