/*--------------------------------*- C++ -*----------------------------------*\
| =========                 |                                                 |
| \\      /  F ield         | OpenFOAM: The Open Source CFD Toolbox           |
|  \\    /   O peration     | Version:  2.3.0                                 |
|   \\  /    A nd           | Web:      www.OpenFOAM.org                      |
|    \\/     M anipulation  |                                                 |
\*---------------------------------------------------------------------------*/
FoamFile
{
    version     2.0;
    format      ascii;
    class       volVectorField;
    location    "62";
    object      Ur;
}
// * * * * * * * * * * * * * * * * * * * * * * * * * * * * * * * * * * * * * //

dimensions      [0 1 -1 0 0 0 0];

internalField   nonuniform List<vector> 
1875
(
(-0.0151929 0.218661 0)
(-0.0203003 0.219109 0)
(-0.00974855 0.219181 0)
(-0.000344084 0.218606 0)
(0.00691304 0.219089 0)
(0.0118904 0.220152 0)
(0.0141816 0.221162 0)
(0.0140909 0.220692 0)
(0.0119868 0.219649 0)
(0.00806512 0.218927 0)
(0.00274269 0.217041 0)
(-0.00327629 0.214979 0)
(-0.00929709 0.212438 0)
(-0.0158491 0.207978 0)
(-0.023498 0.2018 0)
(-0.031318 0.19653 0)
(-0.0379995 0.194936 0)
(-0.0423359 0.194958 0)
(-0.043617 0.194626 0)
(-0.0412686 0.194897 0)
(-0.0351844 0.19589 0)
(-0.0264905 0.195736 0)
(-0.0160988 0.193991 0)
(-0.0192555 0.192958 0)
(-0.014477 0.195153 0)
(-0.00442067 0.285727 0)
(-0.00364436 0.286792 0)
(0.0100515 0.289412 0)
(0.0165063 0.291074 0)
(0.021666 0.29041 0)
(0.0255926 0.288088 0)
(0.0283639 0.284972 0)
(0.0296159 0.282266 0)
(0.0294787 0.279697 0)
(0.0279919 0.276809 0)
(0.0247364 0.27459 0)
(0.019277 0.272528 0)
(0.0125822 0.270867 0)
(0.00538307 0.270537 0)
(-0.00199468 0.271499 0)
(-0.00908268 0.272122 0)
(-0.0126538 0.271132 0)
(-0.0134776 0.269566 0)
(-0.0145854 0.268961 0)
(-0.0147754 0.268841 0)
(-0.0140371 0.268744 0)
(-0.014258 0.26944 0)
(-0.0146181 0.270847 0)
(-0.0153797 0.270784 0)
(-0.00802218 0.272482 0)
(0.00112681 0.280844 0)
(0.00974559 0.28313 0)
(0.0217512 0.283669 0)
(0.0280899 0.283391 0)
(0.0326526 0.282596 0)
(0.0361573 0.281531 0)
(0.0386961 0.280246 0)
(0.0400537 0.278864 0)
(0.0399495 0.27716 0)
(0.0384658 0.275196 0)
(0.0360028 0.273282 0)
(0.0330631 0.271312 0)
(0.0278973 0.269513 0)
(0.0214284 0.267624 0)
(0.015259 0.265783 0)
(0.00907219 0.263852 0)
(0.00191256 0.260835 0)
(-0.00409881 0.257704 0)
(-0.0071204 0.256569 0)
(-0.00885429 0.256245 0)
(-0.00956412 0.256744 0)
(-0.0087751 0.258822 0)
(-0.00720513 0.262385 0)
(-0.00741119 0.263083 0)
(-0.00388171 0.264927 0)
(0.0122915 0.285237 0)
(0.0251484 0.287393 0)
(0.0281933 0.285782 0)
(0.0316494 0.283629 0)
(0.0354586 0.281724 0)
(0.0383374 0.280032 0)
(0.039539 0.27847 0)
(0.0390301 0.276974 0)
(0.03723 0.275513 0)
(0.0345336 0.27412 0)
(0.0307615 0.27282 0)
(0.0260166 0.271493 0)
(0.0211707 0.269864 0)
(0.015961 0.268241 0)
(0.0108317 0.266436 0)
(0.00609581 0.264427 0)
(0.000761145 0.262518 0)
(-0.00320687 0.26149 0)
(-0.00456374 0.260896 0)
(-0.00489066 0.260798 0)
(-0.00425241 0.260951 0)
(-0.00306452 0.261096 0)
(-0.00193473 0.261259 0)
(-0.00309675 0.262897 0)
(-0.00081655 0.264812 0)
(0.0165088 0.277404 0)
(0.0275935 0.278923 0)
(0.0238882 0.277429 0)
(0.027406 0.275374 0)
(0.0331026 0.273649 0)
(0.0366296 0.271991 0)
(0.0376589 0.270275 0)
(0.0367922 0.26877 0)
(0.0345284 0.267509 0)
(0.0311174 0.266394 0)
(0.0266868 0.265329 0)
(0.0212878 0.264282 0)
(0.01513 0.26331 0)
(0.00845026 0.262414 0)
(0.00168909 0.261473 0)
(-0.00396696 0.260326 0)
(-0.00745057 0.260325 0)
(-0.00859889 0.261112 0)
(-0.00823849 0.260475 0)
(-0.00665298 0.260004 0)
(-0.00448995 0.26057 0)
(-0.00263633 0.261044 0)
(-0.00121238 0.261246 0)
(0.00123333 0.263547 0)
(0.0020689 0.265044 0)
(0.021481 0.26712 0)
(0.0294127 0.268843 0)
(0.0187344 0.267516 0)
(0.0240715 0.266054 0)
(0.0308675 0.264774 0)
(0.0334843 0.263315 0)
(0.0336426 0.26196 0)
(0.0322885 0.260811 0)
(0.0294539 0.259915 0)
(0.0251235 0.259147 0)
(0.0193851 0.258465 0)
(0.0125589 0.25785 0)
(0.00505824 0.257345 0)
(-0.00246191 0.256967 0)
(-0.00880962 0.256696 0)
(-0.0127146 0.25721 0)
(-0.0138458 0.258045 0)
(-0.013214 0.258505 0)
(-0.0113562 0.259779 0)
(-0.00828762 0.2612 0)
(-0.00511564 0.262164 0)
(-0.00283214 0.262797 0)
(-0.0011027 0.26321 0)
(0.00409228 0.26381 0)
(0.00454439 0.26485 0)
(0.0274304 0.25722 0)
(0.0317596 0.258309 0)
(0.0148005 0.257699 0)
(0.0215511 0.257208 0)
(0.0266833 0.25583 0)
(0.0274201 0.254337 0)
(0.0265007 0.253306 0)
(0.0238706 0.252578 0)
(0.0193561 0.252047 0)
(0.0132042 0.251788 0)
(0.0061509 0.251705 0)
(-0.00111775 0.251667 0)
(-0.00783523 0.251775 0)
(-0.0132806 0.252198 0)
(-0.0168879 0.254068 0)
(-0.0182541 0.256058 0)
(-0.0177199 0.257752 0)
(-0.0158432 0.259542 0)
(-0.0126389 0.261342 0)
(-0.00876728 0.262861 0)
(-0.00537815 0.263797 0)
(-0.00301319 0.264268 0)
(-0.000816266 0.264546 0)
(0.00544547 0.263866 0)
(0.00555209 0.263711 0)
(0.0299207 0.25161 0)
(0.0307092 0.251452 0)
(0.0102006 0.251242 0)
(0.0163694 0.250412 0)
(0.0177747 0.2488 0)
(0.0167972 0.247701 0)
(0.0144515 0.247147 0)
(0.0101987 0.246945 0)
(0.00493919 0.247143 0)
(-0.000764494 0.246957 0)
(-0.00671135 0.247119 0)
(-0.0121595 0.248534 0)
(-0.0165234 0.251236 0)
(-0.0195215 0.2536 0)
(-0.0207295 0.255688 0)
(-0.0205591 0.257912 0)
(-0.0187253 0.260054 0)
(-0.0156361 0.262153 0)
(-0.0117914 0.263924 0)
(-0.00799227 0.265078 0)
(-0.00496296 0.265624 0)
(-0.00269816 0.265805 0)
(-0.000207901 0.265841 0)
(0.00570588 0.26557 0)
(0.0051465 0.264637 0)
(0.027537 0.24894 0)
(0.0241899 0.248207 0)
(0.0030201 0.247936 0)
(0.00709204 0.246663 0)
(0.00636182 0.245388 0)
(0.00553412 0.244977 0)
(0.00352845 0.24516 0)
(0.000440445 0.245884 0)
(-0.00348717 0.2459 0)
(-0.00806084 0.247009 0)
(-0.0120488 0.250941 0)
(-0.0157613 0.254035 0)
(-0.0188302 0.255017 0)
(-0.0212582 0.258013 0)
(-0.021168 0.259621 0)
(-0.0196534 0.261526 0)
(-0.0168343 0.2636 0)
(-0.0133199 0.26525 0)
(-0.00971913 0.266372 0)
(-0.00653544 0.266901 0)
(-0.00401347 0.267018 0)
(-0.0019404 0.266922 0)
(0.000413345 0.266738 0)
(0.00504347 0.266161 0)
(0.00413532 0.264922 0)
(0.0243559 0.247419 0)
(0.0176859 0.247065 0)
(-0.00481333 0.247676 0)
(-0.00212643 0.246999 0)
(-0.00194377 0.247337 0)
(-0.00134151 0.24824 0)
(-0.00199449 0.249603 0)
(-0.0035634 0.251605 0)
(-0.00722213 0.256593 0)
(-0.0105894 0.261519 0)
(-0.0145095 0.260468 0)
(-0.0190841 0.259354 0)
(-0.0203692 0.260932 0)
(-0.0198916 0.261342 0)
(-0.0186046 0.263448 0)
(-0.0162347 0.265284 0)
(-0.0131887 0.266687 0)
(-0.00996964 0.267606 0)
(-0.00697972 0.268058 0)
(-0.00443236 0.268123 0)
(-0.00233332 0.267962 0)
(-0.000577778 0.267676 0)
(0.000992173 0.267201 0)
(0.00413406 0.266292 0)
(0.00303395 0.265197 0)
(0.0193483 0.248256 0)
(0.0134718 0.247233 0)
(-0.00562993 0.249075 0)
(-0.00428486 0.250678 0)
(-0.00401631 0.252026 0)
(-0.00308423 0.253397 0)
(-0.00359586 0.254829 0)
(-0.0057403 0.256113 0)
(-0.00909759 0.256264 0)
(-0.0136589 0.256422 0)
(-0.0158035 0.258698 0)
(-0.0163325 0.26096 0)
(-0.0167275 0.263055 0)
(-0.0158205 0.265207 0)
(-0.0140778 0.266694 0)
(-0.0115937 0.267846 0)
(-0.00886124 0.268621 0)
(-0.00620348 0.269026 0)
(-0.00381943 0.269115 0)
(-0.00178268 0.268966 0)
(-0.000171428 0.268658 0)
(0.000929521 0.268148 0)
(0.00154628 0.267435 0)
(0.00329009 0.266721 0)
(0.00220269 0.265935 0)
(0.0161076 0.252219 0)
(0.0123341 0.253052 0)
(-0.00303809 0.253814 0)
(-0.00232989 0.254909 0)
(-0.00294568 0.256093 0)
(-0.00251685 0.257236 0)
(-0.00318892 0.258388 0)
(-0.00523818 0.259615 0)
(-0.00824332 0.260512 0)
(-0.0109929 0.261068 0)
(-0.0125453 0.262871 0)
(-0.0131257 0.26485 0)
(-0.012803 0.266245 0)
(-0.0115298 0.267482 0)
(-0.00963446 0.268485 0)
(-0.00739132 0.2692 0)
(-0.00509498 0.269624 0)
(-0.00295547 0.269794 0)
(-0.00111047 0.269754 0)
(0.000375595 0.269529 0)
(0.00142156 0.2691 0)
(0.00196113 0.268591 0)
(0.00223098 0.268064 0)
(0.00347018 0.267624 0)
(0.00213456 0.267167 0)
(0.0144386 0.25669 0)
(0.0120934 0.256997 0)
(-0.00149604 0.257896 0)
(-0.00126952 0.258268 0)
(-0.00211217 0.259097 0)
(-0.00193263 0.259927 0)
(-0.00271849 0.260898 0)
(-0.00475578 0.261676 0)
(-0.0069798 0.262648 0)
(-0.00849023 0.263914 0)
(-0.0094408 0.265172 0)
(-0.00965361 0.266388 0)
(-0.00905665 0.267475 0)
(-0.00786778 0.268369 0)
(-0.00632819 0.269034 0)
(-0.0046604 0.269449 0)
(-0.00300279 0.269637 0)
(-0.00139251 0.269612 0)
(9.31079e-05 0.269474 0)
(0.00136896 0.269256 0)
(0.00240014 0.269019 0)
(0.00323691 0.268693 0)
(0.00420843 0.26836 0)
(0.00633221 0.268124 0)
(0.00393441 0.268493 0)
(0.0120646 0.259684 0)
(0.0108307 0.259317 0)
(-0.00051186 0.259841 0)
(-0.000534755 0.260315 0)
(-0.00131593 0.260986 0)
(-0.00132137 0.261681 0)
(-0.00221514 0.262341 0)
(-0.00389956 0.263063 0)
(-0.00525908 0.264093 0)
(-0.0061286 0.265135 0)
(-0.00678669 0.266068 0)
(-0.00693376 0.266935 0)
(-0.00666508 0.267633 0)
(-0.00613616 0.268108 0)
(-0.00537902 0.268367 0)
(-0.00444283 0.268473 0)
(-0.00336356 0.268515 0)
(-0.00214775 0.268575 0)
(-0.000784093 0.268514 0)
(0.00059136 0.268392 0)
(0.00192612 0.26821 0)
(0.00330514 0.268014 0)
(0.00555251 0.267623 0)
(0.00822776 0.26759 0)
(0.00516218 0.266054 0)
(0.00864895 0.262076 0)
(0.00836678 0.261014 0)
(0.000276789 0.261175 0)
(0.000274503 0.261247 0)
(-0.000417877 0.261785 0)
(-0.00053152 0.262485 0)
(-0.00141312 0.263154 0)
(-0.00259044 0.263813 0)
(-0.00335494 0.264682 0)
(-0.00413525 0.265408 0)
(-0.0050475 0.266021 0)
(-0.00581606 0.266446 0)
(-0.00635014 0.266656 0)
(-0.00659904 0.266815 0)
(-0.00652973 0.266957 0)
(-0.0061006 0.26708 0)
(-0.00536278 0.267115 0)
(-0.00440987 0.267003 0)
(-0.00330665 0.267018 0)
(-0.00202997 0.267282 0)
(-0.000604669 0.267324 0)
(0.00123093 0.267154 0)
(0.00393735 0.267309 0)
(0.00741903 0.266527 0)
(0.00499955 0.266783 0)
(0.00512466 0.261198 0)
(0.00550967 0.259769 0)
(0.000958391 0.261781 0)
(0.00106286 0.262133 0)
(0.000735 0.262537 0)
(0.0007092 0.262749 0)
(0.000169004 0.263115 0)
(-0.000774077 0.263871 0)
(-0.00175666 0.264394 0)
(-0.00304032 0.264641 0)
(-0.00455075 0.264762 0)
(-0.00602836 0.264877 0)
(-0.00720443 0.265073 0)
(-0.0079453 0.265279 0)
(-0.00828557 0.265485 0)
(-0.00823958 0.265672 0)
(-0.00779467 0.265865 0)
(-0.00709914 0.266119 0)
(-0.00631113 0.266224 0)
(-0.00532766 0.2661 0)
(-0.00399386 0.266014 0)
(-0.00246263 0.266686 0)
(-0.00156065 0.266705 0)
(0.0042948 0.265311 0)
(0.00442196 0.265747 0)
(0.00127451 0.263818 0)
(0.0026762 0.261983 0)
(0.00125532 0.261854 0)
(0.00193527 0.261808 0)
(0.00208684 0.261644 0)
(0.00223613 0.261814 0)
(0.00208834 0.262336 0)
(0.00124182 0.262824 0)
(-0.000474993 0.263025 0)
(-0.00252622 0.263052 0)
(-0.00453858 0.263077 0)
(-0.00632936 0.263176 0)
(-0.00782012 0.263375 0)
(-0.0089636 0.26364 0)
(-0.00971717 0.263931 0)
(-0.0100515 0.264217 0)
(-0.00996901 0.264551 0)
(-0.00951938 0.264946 0)
(-0.00873577 0.265454 0)
(-0.00797134 0.265794 0)
(-0.00796423 0.2664 0)
(-0.00896372 0.266244 0)
(-0.010766 0.26566 0)
(-0.00459878 0.265368 0)
(0.000131043 0.263817 0)
(-0.00202821 0.265358 0)
(-0.00038549 0.263523 0)
(0.00222295 0.261577 0)
(0.00292474 0.261575 0)
(0.00349815 0.262039 0)
(0.00391498 0.261951 0)
(0.00403186 0.261305 0)
(0.00335858 0.261295 0)
(0.0012118 0.261463 0)
(-0.00157539 0.26143 0)
(-0.00405773 0.261364 0)
(-0.00612502 0.261392 0)
(-0.00781004 0.261542 0)
(-0.00915298 0.261821 0)
(-0.0101375 0.262194 0)
(-0.0106952 0.262607 0)
(-0.0107144 0.262955 0)
(-0.0100045 0.263182 0)
(-0.00938627 0.263598 0)
(-0.0100415 0.264013 0)
(-0.0115086 0.264157 0)
(-0.0129251 0.264239 0)
(-0.0158338 0.265592 0)
(-0.0152888 0.267573 0)
(-0.00726208 0.266082 0)
(-0.00567595 0.26399 0)
(-0.0033488 0.262082 0)
(0.00356712 0.261621 0)
(0.00437011 0.261505 0)
(0.00505876 0.261065 0)
(0.00573239 0.261281 0)
(0.00610331 0.261039 0)
(0.00581881 0.260085 0)
(0.00381091 0.259912 0)
(0.000424799 0.259795 0)
(-0.00286113 0.259731 0)
(-0.00538225 0.259674 0)
(-0.00721353 0.259718 0)
(-0.00856455 0.259913 0)
(-0.00958874 0.260264 0)
(-0.0103106 0.260729 0)
(-0.010631 0.261218 0)
(-0.0102849 0.261636 0)
(-0.0100319 0.261661 0)
(-0.0105629 0.261676 0)
(-0.0111295 0.261998 0)
(-0.0110015 0.263096 0)
(-0.0118589 0.264634 0)
(-0.0179143 0.267836 0)
(-0.0120181 0.267361 0)
(-0.00823282 0.262819 0)
(-0.00580528 0.261793 0)
(0.00425284 0.262136 0)
(0.00565298 0.261871 0)
(0.00650455 0.261507 0)
(0.00721047 0.26067 0)
(0.0076829 0.260519 0)
(0.00777023 0.259569 0)
(0.00661116 0.258307 0)
(0.00364936 0.258532 0)
(-0.000235693 0.258449 0)
(-0.00372636 0.258449 0)
(-0.00612108 0.258378 0)
(-0.00757045 0.258391 0)
(-0.00849695 0.258564 0)
(-0.00922054 0.258913 0)
(-0.00984084 0.259381 0)
(-0.0102618 0.259853 0)
(-0.0101051 0.260068 0)
(-0.00952975 0.260505 0)
(-0.00891847 0.261174 0)
(-0.00730219 0.261838 0)
(-0.00400554 0.262773 0)
(-0.0124432 0.264623 0)
(-0.011785 0.265723 0)
(-0.00939436 0.263867 0)
(-0.00773796 0.263768 0)
(0.00405685 0.262987 0)
(0.00662232 0.2625 0)
(0.00770072 0.262071 0)
(0.0085135 0.261414 0)
(0.0089259 0.260352 0)
(0.00923677 0.260228 0)
(0.00890837 0.258478 0)
(0.00731398 0.256673 0)
(0.00399153 0.257342 0)
(-0.000513382 0.25732 0)
(-0.00434286 0.257304 0)
(-0.00651398 0.257279 0)
(-0.00752293 0.257324 0)
(-0.008071 0.257501 0)
(-0.00860826 0.257842 0)
(-0.00926205 0.258316 0)
(-0.0091729 0.258907 0)
(-0.00792312 0.25939 0)
(-0.00644929 0.259992 0)
(-0.00421255 0.260644 0)
(-0.000284978 0.26076 0)
(-0.00717075 0.261246 0)
(-0.00899564 0.262473 0)
(-0.0093343 0.264247 0)
(-0.00883808 0.264954 0)
(0.00302563 0.264175 0)
(0.00697973 0.263405 0)
(0.00852377 0.262848 0)
(0.00931595 0.26219 0)
(0.00977492 0.26135 0)
(0.00978496 0.259894 0)
(0.00969396 0.260376 0)
(0.00909518 0.257444 0)
(0.00725061 0.255237 0)
(0.00416112 0.2556 0)
(6.44381e-05 0.255867 0)
(-0.00361257 0.256233 0)
(-0.00582552 0.256423 0)
(-0.00676788 0.25657 0)
(-0.00718313 0.256818 0)
(-0.0075362 0.257234 0)
(-0.0074339 0.257905 0)
(-0.00617319 0.258565 0)
(-0.00422579 0.259012 0)
(-0.0022559 0.259478 0)
(0.0017305 0.259265 0)
(-0.00450288 0.258881 0)
(-0.00785789 0.259258 0)
(-0.0085215 0.265204 0)
(-0.00942292 0.266076 0)
(0.00123323 0.265638 0)
(0.00626584 0.264665 0)
(0.00875812 0.263834 0)
(0.00982976 0.263119 0)
(0.0102513 0.262303 0)
(0.0102272 0.261341 0)
(0.00977446 0.259429 0)
(0.00898153 0.258851 0)
(0.00822061 0.256292 0)
(0.00676292 0.255133 0)
(0.00455663 0.255304 0)
(0.00109184 0.255309 0)
(-0.00228411 0.255677 0)
(-0.00443844 0.255991 0)
(-0.00535983 0.256262 0)
(-0.00562209 0.256623 0)
(-0.00519434 0.257059 0)
(-0.00406227 0.25777 0)
(-0.00238057 0.258163 0)
(-0.00100711 0.25834 0)
(0.0016785 0.258225 0)
(-0.00428755 0.256871 0)
(-0.00718811 0.256757 0)
(-0.00860134 0.265569 0)
(-0.0113676 0.266425 0)
(-0.00185794 0.26668 0)
(0.0040218 0.266041 0)
(0.00779957 0.265037 0)
(0.0097491 0.264126 0)
(0.0104516 0.263268 0)
(0.0104164 0.262343 0)
(0.00975099 0.260991 0)
(0.00858746 0.263273 0)
(0.00729173 0.262046 0)
(0.00684913 0.257728 0)
(0.00586177 0.255505 0)
(0.00438406 0.255278 0)
(0.00183907 0.255164 0)
(-0.000885742 0.255523 0)
(-0.00274793 0.25593 0)
(-0.00362179 0.256328 0)
(-0.00329049 0.256726 0)
(-0.00217482 0.257033 0)
(-0.00100996 0.257438 0)
(-0.000248172 0.257475 0)
(0.000406316 0.257702 0)
(-0.00570306 0.256339 0)
(-0.00695253 0.255986 0)
(-0.00727232 0.262862 0)
(-0.0106422 0.26611 0)
(-0.00363632 0.26741 0)
(0.00153925 0.267321 0)
(0.0060038 0.266432 0)
(0.00898521 0.265364 0)
(0.0102701 0.264364 0)
(0.0103993 0.263406 0)
(0.00943097 0.262404 0)
(0.00910022 0.261102 0)
(0.00754202 0.262149 0)
(0.00672361 0.261026 0)
(0.00614404 0.257919 0)
(0.00561507 0.256227 0)
(0.00461436 0.255769 0)
(0.00272788 0.255612 0)
(0.000646465 0.255909 0)
(-0.000936336 0.256338 0)
(-0.0014726 0.256802 0)
(-0.000672421 0.25694 0)
(0.000427734 0.257202 0)
(0.00134246 0.25735 0)
(-0.000136905 0.258067 0)
(-0.00729909 0.25719 0)
(-0.00689526 0.256697 0)
(-0.004818 0.264805 0)
(-0.00697173 0.266365 0)
(-0.00292128 0.267414 0)
(0.000405679 0.268027 0)
(0.00414972 0.267647 0)
(0.00757304 0.266657 0)
(0.00952823 0.26552 0)
(0.00995987 0.264442 0)
(0.00930974 0.263484 0)
(0.00799274 0.261236 0)
(0.00683359 0.259407 0)
(0.00584735 0.259728 0)
(0.00531923 0.259981 0)
(0.00506074 0.258714 0)
(0.00499211 0.25735 0)
(0.00454774 0.256616 0)
(0.00332327 0.256459 0)
(0.00179725 0.256678 0)
(0.000465456 0.257088 0)
(0.000750861 0.257221 0)
(0.00189831 0.257377 0)
(0.00296411 0.257367 0)
(0.00012066 0.257311 0)
(-0.00750078 0.257333 0)
(-0.00633016 0.257496 0)
(-0.00307431 0.265512 0)
(-0.0045366 0.266349 0)
(-0.00127907 0.266823 0)
(0.000675965 0.267698 0)
(0.00282911 0.267815 0)
(0.00565696 0.267184 0)
(0.00786689 0.266135 0)
(0.00868503 0.265016 0)
(0.00835531 0.263969 0)
(0.00692804 0.262919 0)
(0.00534683 0.26174 0)
(0.00434224 0.261773 0)
(0.00395734 0.261202 0)
(0.00385689 0.259683 0)
(0.00415415 0.258713 0)
(0.00454406 0.258056 0)
(0.00439237 0.257568 0)
(0.0035419 0.257459 0)
(0.00210054 0.257634 0)
(0.00167917 0.257961 0)
(0.00226158 0.257797 0)
(0.00242056 0.25768 0)
(0.000524113 0.256676 0)
(-0.00538474 0.257872 0)
(-0.00508755 0.258082 0)
(-0.00133729 0.264829 0)
(-0.00213423 0.265761 0)
(0.000215471 0.266074 0)
(0.00163771 0.266311 0)
(0.00259399 0.266622 0)
(0.00409424 0.266509 0)
(0.00577407 0.265869 0)
(0.00662777 0.264957 0)
(0.0063461 0.264014 0)
(0.00499112 0.263004 0)
(0.00361774 0.262338 0)
(0.00287819 0.260953 0)
(0.00253444 0.260592 0)
(0.00255068 0.260877 0)
(0.00294261 0.260228 0)
(0.00356043 0.259505 0)
(0.00408913 0.258924 0)
(0.00403331 0.258591 0)
(0.00311139 0.25851 0)
(0.00219807 0.25872 0)
(0.00203478 0.258658 0)
(0.00158395 0.258545 0)
(0.000741627 0.258585 0)
(-0.00336718 0.258573 0)
(-0.00378876 0.258922 0)
(0.000777937 0.263472 0)
(0.000660976 0.264607 0)
(0.00124147 0.264524 0)
(0.0024975 0.264639 0)
(0.00307396 0.264709 0)
(0.00352664 0.264869 0)
(0.00405511 0.264726 0)
(0.00416962 0.264185 0)
(0.00354912 0.263431 0)
(0.00248403 0.262668 0)
(0.00165138 0.262196 0)
(0.001183 0.261808 0)
(0.000944513 0.261437 0)
(0.00109221 0.261161 0)
(0.00164038 0.260839 0)
(0.0023181 0.260529 0)
(0.00302073 0.260175 0)
(0.0034683 0.259736 0)
(0.0032182 0.259481 0)
(0.00241082 0.259468 0)
(0.00195648 0.259485 0)
(0.00137733 0.259473 0)
(0.000745287 0.25933 0)
(-0.00220914 0.259573 0)
(-0.00264059 0.259797 0)
(0.00348664 0.261513 0)
(0.00388816 0.262527 0)
(0.00192927 0.263397 0)
(0.00273648 0.262943 0)
(0.00329845 0.262875 0)
(0.00320029 0.262931 0)
(0.0025943 0.262879 0)
(0.00171847 0.262656 0)
(0.000646973 0.262352 0)
(-6.01927e-05 0.261982 0)
(-0.000286108 0.261789 0)
(-0.000450467 0.261549 0)
(-0.00045303 0.261375 0)
(-0.00015967 0.261377 0)
(0.000437635 0.261376 0)
(0.00114222 0.261229 0)
(0.00181221 0.261024 0)
(0.00235656 0.260759 0)
(0.00254647 0.260425 0)
(0.00225557 0.260246 0)
(0.0019008 0.260328 0)
(0.00124134 0.260254 0)
(0.000644068 0.26051 0)
(-0.00137781 0.260205 0)
(-0.0016714 0.260515 0)
(0.00625859 0.261033 0)
(0.00746483 0.2624 0)
(0.00229962 0.261984 0)
(0.00207199 0.261468 0)
(0.0028456 0.261409 0)
(0.00231381 0.261411 0)
(0.00093341 0.261364 0)
(-0.00049932 0.261299 0)
(-0.00173137 0.26123 0)
(-0.00208695 0.261264 0)
(-0.00186437 0.26138 0)
(-0.00178668 0.26143 0)
(-0.00158072 0.261444 0)
(-0.00116971 0.261556 0)
(-0.000553988 0.261677 0)
(0.000140605 0.261669 0)
(0.000783096 0.261573 0)
(0.00127154 0.261422 0)
(0.00164186 0.2612 0)
(0.00183975 0.261059 0)
(0.00167979 0.260982 0)
(0.000979918 0.260951 0)
(0.000394679 0.260137 0)
(-0.000819347 0.260849 0)
(-0.000946304 0.261205 0)
(0.00838287 0.262286 0)
(0.00992428 0.261307 0)
(0.0023043 0.260711 0)
(0.0010494 0.260455 0)
(0.00182782 0.260317 0)
(0.000856959 0.260226 0)
(-0.00105708 0.260151 0)
(-0.00268641 0.260193 0)
(-0.00363884 0.260437 0)
(-0.00347212 0.260889 0)
(-0.00292526 0.261008 0)
(-0.00265469 0.261493 0)
(-0.00229017 0.261694 0)
(-0.00179252 0.261677 0)
(-0.00121087 0.261824 0)
(-0.000578564 0.261891 0)
(8.09722e-07 0.261877 0)
(0.000459175 0.26179 0)
(0.000980714 0.26166 0)
(0.00143734 0.261564 0)
(0.00147094 0.261467 0)
(0.000870771 0.261405 0)
(0.000316003 0.262038 0)
(-0.000117498 0.260512 0)
(-0.000238042 0.260913 0)
(0.00870563 0.260895 0)
(0.0102121 0.258956 0)
(0.00239854 0.259477 0)
(0.000165473 0.259566 0)
(0.00030598 0.259455 0)
(-0.00113972 0.259274 0)
(-0.00312869 0.25924 0)
(-0.00443568 0.259416 0)
(-0.0047691 0.258832 0)
(-0.00418063 0.258961 0)
(-0.00350385 0.260831 0)
(-0.00308237 0.26116 0)
(-0.00257196 0.261443 0)
(-0.00206932 0.26166 0)
(-0.00153896 0.261847 0)
(-0.00100296 0.261961 0)
(-0.000530908 0.261998 0)
(-0.000110555 0.261955 0)
(0.000529281 0.261883 0)
(0.0011227 0.261797 0)
(0.00128436 0.261644 0)
(0.000694246 0.26157 0)
(0.000281604 0.26191 0)
(0.000488182 0.262356 0)
(0.000418349 0.262211 0)
(0.00726275 0.259169 0)
(0.00884521 0.258721 0)
(0.00225434 0.258528 0)
(-0.000375594 0.25878 0)
(-0.00134298 0.258696 0)
(-0.00305475 0.258542 0)
(-0.00457939 0.258662 0)
(-0.00512749 0.259058 0)
(-0.00487976 0.259793 0)
(-0.00429995 0.260069 0)
(-0.00375064 0.260565 0)
(-0.00317995 0.260862 0)
(-0.00263937 0.261208 0)
(-0.00213347 0.261583 0)
(-0.00163585 0.261786 0)
(-0.001198 0.261925 0)
(-0.000848946 0.261993 0)
(-0.000482085 0.261993 0)
(0.000210578 0.261967 0)
(0.000798934 0.261897 0)
(0.000984151 0.26176 0)
(0.000411658 0.26164 0)
(-7.82563e-05 0.261238 0)
(0.000583015 0.26241 0)
(0.000608184 0.262672 0)
(0.00615607 0.258695 0)
(0.00736327 0.258485 0)
(0.00189532 0.258007 0)
(-0.000733947 0.258204 0)
(-0.00274581 0.258123 0)
(-0.00436523 0.258144 0)
(-0.00523954 0.258456 0)
(-0.00519398 0.258979 0)
(-0.00456715 0.261202 0)
(-0.00386199 0.262412 0)
(-0.00337216 0.26043 0)
(-0.00282558 0.260868 0)
(-0.00234763 0.261171 0)
(-0.00188701 0.261451 0)
(-0.00146226 0.261661 0)
(-0.00113746 0.261809 0)
(-0.00090313 0.261893 0)
(-0.000581879 0.261937 0)
(0.000115391 0.261955 0)
(0.000642863 0.2619 0)
(0.000758811 0.261784 0)
(0.000283963 0.261638 0)
(-9.46233e-05 0.261405 0)
(0.000569162 0.26084 0)
(0.0006025 0.26109 0)
(0.00577725 0.258369 0)
(0.00630985 0.258354 0)
(0.00124526 0.257913 0)
(-0.00112239 0.25796 0)
(-0.00363351 0.257953 0)
(-0.00487424 0.258202 0)
(-0.00528805 0.258648 0)
(-0.00503524 0.259171 0)
(-0.00446638 0.259727 0)
(-0.00373533 0.260761 0)
(-0.00262815 0.260532 0)
(-0.00225106 0.260891 0)
(-0.00179491 0.261111 0)
(-0.0014106 0.261348 0)
(-0.00109207 0.261529 0)
(-0.000883709 0.261654 0)
(-0.000728746 0.261735 0)
(-0.000425958 0.2618 0)
(0.00022104 0.261841 0)
(0.000647964 0.26178 0)
(0.00060354 0.261706 0)
(0.000182129 0.261518 0)
(-1.34518e-05 0.261708 0)
(0.00056405 0.261392 0)
(0.000520446 0.261276 0)
(0.00556362 0.258311 0)
(0.0055614 0.258352 0)
(0.000660401 0.25807 0)
(-0.0012944 0.258015 0)
(-0.0037076 0.258175 0)
(-0.00452302 0.258551 0)
(-0.00461648 0.259013 0)
(-0.00423257 0.259516 0)
(-0.00358683 0.25919 0)
(-0.00283571 0.259048 0)
(-0.00214653 0.260755 0)
(-0.00170393 0.260878 0)
(-0.00127561 0.261092 0)
(-0.000940786 0.261267 0)
(-0.000704818 0.261399 0)
(-0.000573376 0.261491 0)
(-0.000449688 0.26156 0)
(-0.000146474 0.26162 0)
(0.00039736 0.261657 0)
(0.000666932 0.261586 0)
(0.000467875 0.26149 0)
(6.13548e-05 0.261496 0)
(1.24556e-05 0.261242 0)
(0.000452409 0.261417 0)
(0.00036116 0.260408 0)
(0.00536382 0.258542 0)
(0.00497356 0.258592 0)
(0.000205766 0.258403 0)
(-0.00115051 0.258313 0)
(-0.00318375 0.258613 0)
(-0.00381586 0.258963 0)
(-0.00376524 0.25935 0)
(-0.00330755 0.259751 0)
(-0.00273336 0.260075 0)
(-0.00222226 0.260294 0)
(-0.0017155 0.260609 0)
(-0.00126001 0.260842 0)
(-0.000854141 0.261046 0)
(-0.000548187 0.261179 0)
(-0.000357152 0.261277 0)
(-0.000255654 0.26135 0)
(-0.000125248 0.261407 0)
(0.000194949 0.261463 0)
(0.000644077 0.261492 0)
(0.000761016 0.261444 0)
(0.000497883 0.261383 0)
(5.13115e-05 0.260438 0)
(-6.10482e-05 0.260644 0)
(0.00023028 0.261238 0)
(0.000133129 0.260971 0)
(0.00512 0.258959 0)
(0.00447092 0.258947 0)
(-0.00010671 0.258871 0)
(-0.00082575 0.2588 0)
(-0.00249637 0.259111 0)
(-0.00319187 0.259373 0)
(-0.00309994 0.259673 0)
(-0.00266867 0.25998 0)
(-0.00216317 0.26025 0)
(-0.00167316 0.260543 0)
(-0.00121156 0.260887 0)
(-0.000803576 0.261053 0)
(-0.000445386 0.261014 0)
(-0.000184513 0.261118 0)
(-2.00255e-05 0.261192 0)
(8.3184e-05 0.261243 0)
(0.000262015 0.261286 0)
(0.000632908 0.261333 0)
(0.00101552 0.26135 0)
(0.00103166 0.26128 0)
(0.000737658 0.261229 0)
(0.000142289 0.261074 0)
(-0.00019192 0.260837 0)
(-0.000353654 0.260386 0)
(-0.000406805 0.262378 0)
(0.00472849 0.259431 0)
(0.00389195 0.259341 0)
(-0.000242471 0.259257 0)
(-0.000405732 0.259321 0)
(-0.00194527 0.259553 0)
(-0.00277733 0.259737 0)
(-0.00263312 0.259979 0)
(-0.00221168 0.260232 0)
(-0.00176535 0.26049 0)
(-0.00128143 0.260431 0)
(-0.000832977 0.260652 0)
(-0.000476342 0.260762 0)
(-0.000147032 0.26104 0)
(9.22665e-05 0.261107 0)
(0.000245915 0.261151 0)
(0.00037097 0.261177 0)
(0.000616431 0.261201 0)
(0.00101217 0.261225 0)
(0.00124765 0.261201 0)
(0.00107044 0.261092 0)
(0.000661513 0.260907 0)
(1.95004e-05 0.262582 0)
(-0.000112365 0.262703 0)
(-0.000649309 0.260777 0)
(-0.000856971 0.260237 0)
(0.00419746 0.259818 0)
(0.00318115 0.259696 0)
(-0.000275906 0.259658 0)
(-3.17685e-06 0.25975 0)
(-0.00163626 0.259879 0)
(-0.00254726 0.260013 0)
(-0.00230473 0.260215 0)
(-0.00183952 0.260421 0)
(-0.00139875 0.260451 0)
(-0.00098396 0.259592 0)
(-0.000705018 0.261031 0)
(-0.000326468 0.260982 0)
(-1.83017e-06 0.261067 0)
(0.000246847 0.261115 0)
(0.000413564 0.261141 0)
(0.000581913 0.261151 0)
(0.000894195 0.26116 0)
(0.00127452 0.26116 0)
(0.00131992 0.261115 0)
(0.000891594 0.261012 0)
(0.000378641 0.260844 0)
(-0.000118801 0.260258 0)
(-4.90709e-05 0.26017 0)
(-0.000693827 0.262306 0)
(-0.000926803 0.259937 0)
(0.00369464 0.26004 0)
(0.00264158 0.259983 0)
(-0.000285629 0.260103 0)
(6.00051e-05 0.26008 0)
(-0.00165338 0.26009 0)
(-0.00250268 0.260201 0)
(-0.00215719 0.260373 0)
(-0.00166274 0.260532 0)
(-0.00120418 0.260794 0)
(-0.000867048 0.262106 0)
(-0.000631931 0.260793 0)
(-0.000196545 0.261008 0)
(0.000117387 0.261078 0)
(0.00037041 0.26112 0)
(0.000555589 0.261136 0)
(0.000776695 0.261138 0)
(0.00115116 0.261132 0)
(0.00153147 0.2611 0)
(0.00146005 0.261046 0)
(0.000856635 0.260968 0)
(0.000381131 0.260426 0)
(9.25079e-05 0.259919 0)
(-5.62369e-05 0.260171 0)
(-0.00110357 0.260507 0)
(-0.00131622 0.261714 0)
(0.00335324 0.260123 0)
(0.00248427 0.260156 0)
(-0.000301279 0.260396 0)
(-0.000356752 0.260286 0)
(-0.00198964 0.260223 0)
(-0.00262761 0.260352 0)
(-0.00221794 0.26052 0)
(-0.00177476 0.260653 0)
(-0.00132029 0.260975 0)
(-0.00100838 0.262432 0)
(-0.000381614 0.260853 0)
(-7.37808e-05 0.261074 0)
(0.000241215 0.261121 0)
(0.000483369 0.261147 0)
(0.000676556 0.261149 0)
(0.000936775 0.261138 0)
(0.00133766 0.261114 0)
(0.00170474 0.261053 0)
(0.00157683 0.260955 0)
(0.000827016 0.260903 0)
(0.000280325 0.261243 0)
(3.30217e-05 0.261786 0)
(5.79404e-06 0.261574 0)
(-0.0015466 0.260292 0)
(-0.00186042 0.260497 0)
(0.00310933 0.260151 0)
(0.00244709 0.260217 0)
(-0.00030658 0.260368 0)
(-0.000862309 0.260352 0)
(-0.00235197 0.260294 0)
(-0.00267989 0.260465 0)
(-0.002226 0.260654 0)
(-0.00178987 0.26082 0)
(-0.00136698 0.260758 0)
(-0.000863085 0.259823 0)
(-0.000360271 0.261281 0)
(-3.96063e-05 0.261158 0)
(0.000283657 0.261186 0)
(0.000531784 0.261195 0)
(0.000743275 0.261181 0)
(0.00104212 0.261157 0)
(0.0014593 0.261121 0)
(0.00175463 0.261028 0)
(0.00159956 0.260906 0)
(0.000843046 0.260836 0)
(0.000138151 0.261554 0)
(-0.000149269 0.26126 0)
(6.18427e-05 0.26114 0)
(-0.00172848 0.261 0)
(-0.0021689 0.260537 0)
(0.00287636 0.260191 0)
(0.00232758 0.260256 0)
(-0.000353234 0.260378 0)
(-0.00126716 0.260347 0)
(-0.00259111 0.260335 0)
(-0.00259103 0.260531 0)
(-0.00213013 0.260725 0)
(-0.00172243 0.26086 0)
(-0.00127525 0.260991 0)
(-0.000860422 0.260959 0)
(-0.000451917 0.261161 0)
(-6.37216e-05 0.261198 0)
(0.000274591 0.261224 0)
(0.000534868 0.261229 0)
(0.000768628 0.261202 0)
(0.00111286 0.261165 0)
(0.00149999 0.261103 0)
(0.00173013 0.261129 0)
(0.00157225 0.260899 0)
(0.00105133 0.260745 0)
(0.000390657 0.260526 0)
(-0.000145573 0.260792 0)
(-9.81941e-05 0.260375 0)
(-0.00203456 0.26108 0)
(-0.00235139 0.260911 0)
(0.00264153 0.260253 0)
(0.00216963 0.260311 0)
(-0.000505636 0.260398 0)
(-0.00165411 0.260332 0)
(-0.00268606 0.260379 0)
(-0.00243401 0.260613 0)
(-0.00203444 0.260781 0)
(-0.00169535 0.260907 0)
(-0.00125891 0.261026 0)
(-0.000825272 0.261061 0)
(-0.000420195 0.261124 0)
(-4.17475e-05 0.261227 0)
(0.000291662 0.261251 0)
(0.000518762 0.26123 0)
(0.000744168 0.261223 0)
(0.00111207 0.261197 0)
(0.00153263 0.261266 0)
(0.00172587 0.26013 0)
(0.0014639 0.260932 0)
(0.00118129 0.260794 0)
(0.00066567 0.260706 0)
(-0.000145582 0.260232 0)
(-0.000202686 0.260924 0)
(-0.0021877 0.261021 0)
(-0.00246303 0.26045 0)
(0.00239173 0.260325 0)
(0.00193118 0.260366 0)
(-0.000751405 0.260409 0)
(-0.00195686 0.260354 0)
(-0.00259552 0.260506 0)
(-0.00219258 0.260691 0)
(-0.00190728 0.260835 0)
(-0.0016169 0.260958 0)
(-0.00120123 0.261089 0)
(-0.000772341 0.261175 0)
(-0.000369998 0.261227 0)
(-1.77881e-05 0.261275 0)
(0.000268568 0.261287 0)
(0.000524074 0.261397 0)
(0.00083384 0.261244 0)
(0.00121277 0.261203 0)
(0.00166828 0.260009 0)
(0.00173815 0.260852 0)
(0.00122198 0.260922 0)
(0.0011667 0.260846 0)
(0.000819833 0.260688 0)
(-7.13013e-05 0.261125 0)
(-0.00025326 0.261337 0)
(-0.00225929 0.260939 0)
(-0.00255048 0.2607 0)
(0.00210581 0.260429 0)
(0.00161062 0.260442 0)
(-0.000996855 0.260455 0)
(-0.00211736 0.260454 0)
(-0.00241819 0.260266 0)
(-0.00195372 0.260801 0)
(-0.00176055 0.260912 0)
(-0.00147916 0.261036 0)
(-0.00108597 0.261148 0)
(-0.000673175 0.261231 0)
(-0.000299678 0.261293 0)
(-3.3537e-06 0.26133 0)
(0.000230909 0.261336 0)
(0.000484944 0.260128 0)
(0.000837437 0.261266 0)
(0.00130321 0.261312 0)
(0.00170901 0.261031 0)
(0.00155168 0.262832 0)
(0.00117472 0.260922 0)
(0.0011848 0.260877 0)
(0.00101037 0.260825 0)
(5.211e-05 0.261203 0)
(-0.000261066 0.260929 0)
(-0.00229126 0.260574 0)
(-0.00264025 0.260717 0)
(0.00180341 0.260504 0)
(0.00126034 0.260516 0)
(-0.00113568 0.260532 0)
(-0.00196554 0.260577 0)
(-0.00214466 0.259829 0)
(-0.00187638 0.260866 0)
(-0.0016485 0.260981 0)
(-0.00134386 0.261094 0)
(-0.000949686 0.261195 0)
(-0.000556726 0.261271 0)
(-0.000223654 0.261311 0)
(5.61409e-05 0.261329 0)
(0.000276698 0.261294 0)
(0.000495278 0.261033 0)
(0.000604709 0.261248 0)
(0.00114968 0.260191 0)
(0.00153779 0.26326 0)
(0.00142379 0.260518 0)
(0.00137568 0.261001 0)
(0.00126292 0.260977 0)
(0.00114876 0.260905 0)
(0.000208788 0.260468 0)
(-0.000263615 0.260221 0)
(-0.00236142 0.260575 0)
(-0.00270803 0.260663 0)
(0.00153349 0.260672 0)
(0.000843077 0.260685 0)
(-0.00135341 0.260271 0)
(-0.00178482 0.260227 0)
(-0.00183862 0.262424 0)
(-0.00165564 0.260914 0)
(-0.00143701 0.261031 0)
(-0.00115641 0.26114 0)
(-0.000812193 0.261231 0)
(-0.000503473 0.261272 0)
(-0.000225626 0.261292 0)
(-4.85174e-05 0.261275 0)
(0.00015267 0.261408 0)
(0.000475455 0.263437 0)
(0.000844165 0.261393 0)
(0.00140091 0.261046 0)
(0.00146844 0.260559 0)
(0.00150974 0.260037 0)
(0.00131882 0.261019 0)
(0.00124493 0.260983 0)
(0.00107751 0.260881 0)
(0.00016814 0.260839 0)
(-0.000262988 0.260871 0)
(-0.00239852 0.26075 0)
(-0.00278549 0.260701 0)
(0.00140284 0.260381 0)
(0.000538954 0.260771 0)
(-0.00158642 0.259831 0)
(-0.00186853 0.259984 0)
(-0.00191228 0.26078 0)
(-0.00141849 0.261055 0)
(-0.00128852 0.261136 0)
(-0.00100602 0.26123 0)
(-0.000740034 0.261299 0)
(-0.000516917 0.261343 0)
(-0.000325933 0.261381 0)
(-0.000154706 0.261548 0)
(3.85175e-05 0.260154 0)
(0.00042125 0.260848 0)
(0.00114369 0.260126 0)
(0.00151035 0.263333 0)
(0.00145701 0.26003 0)
(0.00132839 0.262377 0)
(0.00132332 0.260986 0)
(0.00128332 0.260986 0)
(0.000893085 0.260962 0)
(0.000107305 0.260766 0)
(-0.000177187 0.26082 0)
(-0.00246275 0.260861 0)
(-0.00284756 0.26071 0)
(0.000941795 0.25982 0)
(0.000276474 0.260402 0)
(-0.00122666 0.262189 0)
(-0.00144231 0.262407 0)
(-0.00141978 0.259724 0)
(-0.0013656 0.261065 0)
(-0.0011367 0.261171 0)
(-0.000864073 0.261266 0)
(-0.000608771 0.261339 0)
(-0.000368434 0.26139 0)
(-0.000164555 0.261427 0)
(9.76004e-05 0.260104 0)
(0.000308229 0.261271 0)
(0.00050218 0.260052 0)
(0.0008922 0.261304 0)
(0.00112094 0.260744 0)
(0.00120216 0.262542 0)
(0.00117531 0.261273 0)
(0.00149871 0.261055 0)
(0.00137825 0.261055 0)
(0.00064915 0.260967 0)
(-9.32916e-06 0.260806 0)
(-5.35206e-05 0.261239 0)
(-0.0025011 0.26081 0)
(-0.00292813 0.260739 0)
(0.000337419 0.262371 0)
(-5.62748e-05 0.260275 0)
(-0.000957689 0.260674 0)
(-0.00109865 0.260741 0)
(-0.00108424 0.263191 0)
(-0.001006 0.261109 0)
(-0.000834607 0.261197 0)
(-0.000631387 0.261264 0)
(-0.000431406 0.261289 0)
(-0.000236652 0.261304 0)
(-3.10273e-05 0.261304 0)
(5.81737e-05 0.261152 0)
(9.50066e-05 0.263479 0)
(0.000507542 0.263361 0)
(0.000976466 0.263467 0)
(0.00116863 0.260053 0)
(0.00108117 0.261352 0)
(0.00124767 0.261249 0)
(0.00158022 0.26114 0)
(0.00141508 0.261107 0)
(0.000413251 0.261058 0)
(-0.000182863 0.260955 0)
(-6.18082e-05 0.26062 0)
(-0.00261639 0.260938 0)
(-0.00301567 0.260785 0)
(0.000142166 0.260948 0)
(-4.61019e-05 0.260283 0)
(-0.000619261 0.259948 0)
(-0.0010696 0.259995 0)
(-0.00119037 0.260453 0)
(-0.000829365 0.261294 0)
(-0.000760064 0.261322 0)
(-0.000596926 0.26135 0)
(-0.000478481 0.261362 0)
(-0.000393455 0.26137 0)
(-0.000321938 0.261358 0)
(-0.000211198 0.263736 0)
(-9.26286e-05 0.260806 0)
(0.000581987 0.260771 0)
(0.00116882 0.260718 0)
(0.00134089 0.262607 0)
(0.00122206 0.260811 0)
(0.00137962 0.260478 0)
(0.00170395 0.261205 0)
(0.00138939 0.261126 0)
(0.000236976 0.261047 0)
(-0.00034963 0.261 0)
(-0.000113477 0.261097 0)
(-0.0027318 0.260913 0)
(-0.00313694 0.260819 0)
(-0.000286148 0.259929 0)
(-0.0002455 0.262391 0)
(-0.000278059 0.263039 0)
(-0.000723371 0.263271 0)
(-0.000896079 0.259947 0)
(-0.000936955 0.261292 0)
(-0.000746984 0.261357 0)
(-0.000584598 0.261403 0)
(-0.00046019 0.261431 0)
(-0.000360986 0.261469 0)
(-0.000245752 0.261524 0)
(-8.33534e-06 0.260867 0)
(0.00058603 0.260242 0)
(0.000770141 0.260289 0)
(0.000906048 0.260295 0)
(0.00102755 0.261914 0)
(0.0012117 0.261261 0)
(0.00139607 0.26145 0)
(0.00157898 0.261212 0)
(0.00113364 0.261108 0)
(2.19782e-05 0.260957 0)
(-0.000414067 0.26099 0)
(-0.00017237 0.260897 0)
(-0.00288893 0.260983 0)
(-0.00327514 0.260823 0)
(-0.000889926 0.263275 0)
(-0.000573882 0.260809 0)
(0.000175954 0.2604 0)
(-0.000237749 0.260593 0)
(-0.000681211 0.263486 0)
(-0.000660217 0.261353 0)
(-0.000501906 0.261386 0)
(-0.000389795 0.26142 0)
(-0.000283447 0.261446 0)
(-0.00015107 0.26146 0)
(2.29283e-05 0.261469 0)
(0.000275427 0.260036 0)
(0.000450975 0.263558 0)
(0.000673152 0.263541 0)
(0.000812207 0.263425 0)
(0.000933253 0.261313 0)
(0.00118621 0.261988 0)
(0.00130615 0.261704 0)
(0.0013356 0.261178 0)
(0.000712412 0.261022 0)
(-0.000162415 0.260878 0)
(-0.00034223 0.260971 0)
(-0.000154055 0.261075 0)
(-0.00301488 0.260937 0)
(-0.00345175 0.260808 0)
(-0.00121421 0.260848 0)
(-0.000584098 0.260067 0)
(0.000990136 0.26018 0)
(-0.000169342 0.260394 0)
(-0.00107154 0.260815 0)
(-0.000699802 0.261391 0)
(-0.000570397 0.261513 0)
(-0.000433193 0.261512 0)
(-0.000359704 0.261519 0)
(-0.000272431 0.261508 0)
(-0.000153695 0.261461 0)
(8.90525e-05 0.263713 0)
(0.000215243 0.260868 0)
(0.000631252 0.260798 0)
(0.000911968 0.260734 0)
(0.00112019 0.260783 0)
(0.00118336 0.26149 0)
(0.00127447 0.261053 0)
(0.00107246 0.261211 0)
(0.00033134 0.260988 0)
(-0.00021817 0.26097 0)
(-0.000217858 0.260995 0)
(-0.000124946 0.260945 0)
(-0.00320083 0.260991 0)
(-0.0036574 0.260804 0)
(-0.00179574 0.260152 0)
(-0.000826843 0.263158 0)
(0.00153491 0.263259 0)
(0.00020944 0.263422 0)
(-0.00104542 0.260116 0)
(-0.000997557 0.26169 0)
(-0.000707809 0.261503 0)
(-0.000496046 0.261536 0)
(-0.000378724 0.261575 0)
(-0.000255304 0.261601 0)
(-6.18095e-05 0.26161 0)
(0.000326563 0.260905 0)
(0.000912674 0.260315 0)
(0.000811782 0.260332 0)
(0.000766838 0.26035 0)
(0.000787062 0.261461 0)
(0.000940356 0.26083 0)
(0.0009822 0.261631 0)
(0.000507839 0.261208 0)
(-7.97326e-05 0.261013 0)
(-0.000287821 0.261051 0)
(-0.000272119 0.261032 0)
(-0.000120491 0.261107 0)
(-0.00338901 0.260992 0)
(-0.00389788 0.260829 0)
(-0.0023215 0.263503 0)
(-0.00122188 0.26067 0)
(0.00152394 0.260632 0)
(0.000673834 0.26032 0)
(-0.000363745 0.263571 0)
(-0.000692991 0.26056 0)
(-0.000499217 0.261591 0)
(-0.000306121 0.261551 0)
(-0.0001757 0.261558 0)
(-1.44882e-05 0.261565 0)
(0.000221908 0.261601 0)
(0.000575051 0.260149 0)
(0.000658108 0.263557 0)
(0.000645837 0.263554 0)
(0.00063779 0.263426 0)
(0.000661243 0.261324 0)
(0.000867587 0.261348 0)
(0.000778973 0.260919 0)
(0.000105154 0.261166 0)
(-0.000349637 0.261094 0)
(-0.000363819 0.261087 0)
(-0.000299598 0.261077 0)
(-0.000121684 0.261047 0)
(-0.00358564 0.261055 0)
(-0.00409854 0.260913 0)
(-0.00245716 0.261071 0)
(-0.00147379 0.260379 0)
(0.00112941 0.260266 0)
(0.000660282 0.260167 0)
(-5.48409e-06 0.260888 0)
(-0.000435569 0.261303 0)
(-0.000574719 0.261268 0)
(-0.000375365 0.261597 0)
(-0.000198886 0.261585 0)
(-5.86925e-05 0.26159 0)
(6.54435e-05 0.261563 0)
(0.000275618 0.26383 0)
(0.000252957 0.260956 0)
(0.000572895 0.260893 0)
(0.00071777 0.260973 0)
(0.000927258 0.261777 0)
(0.000845134 0.261294 0)
(0.000612191 0.261294 0)
(-9.75434e-05 0.261244 0)
(-0.000494645 0.26121 0)
(-0.000454998 0.261194 0)
(-0.000357499 0.261202 0)
(-0.000121421 0.261204 0)
(-0.00359224 0.261122 0)
(-0.00415216 0.261072 0)
(-0.00261275 0.260287 0)
(-0.00175051 0.263583 0)
(0.00107917 0.263461 0)
(0.000765521 0.263481 0)
(0.000236568 0.260043 0)
(-0.000463405 0.263612 0)
(-0.000583482 0.261922 0)
(-0.000371638 0.261705 0)
(-0.000100868 0.261718 0)
(9.78971e-05 0.261821 0)
(0.000277543 0.261845 0)
(0.000464914 0.261049 0)
(0.00104326 0.26037 0)
(0.000937522 0.26034 0)
(0.000816594 0.260291 0)
(0.000558779 0.262024 0)
(0.000513207 0.261605 0)
(0.000220217 0.261425 0)
(-0.000388453 0.261364 0)
(-0.000622466 0.261327 0)
(-0.000503583 0.261327 0)
(-0.000463368 0.261324 0)
(-0.000230427 0.26119 0)
(-0.00355948 0.261153 0)
(-0.00412067 0.261065 0)
(-0.00258401 0.263567 0)
(-0.00191921 0.261245 0)
(0.000871035 0.262265 0)
(0.000783163 0.262095 0)
(0.000444058 0.263494 0)
(-3.13479e-05 0.26213 0)
(-0.000110144 0.261468 0)
(-4.97465e-05 0.261191 0)
(0.000162657 0.261392 0)
(0.000392161 0.26125 0)
(0.000594706 0.26137 0)
(0.00088236 0.260155 0)
(0.000911363 0.263591 0)
(0.000909927 0.263627 0)
(0.000822543 0.263416 0)
(0.000508731 0.261031 0)
(0.000385976 0.261528 0)
(-3.54122e-05 0.261503 0)
(-0.000645479 0.261441 0)
(-0.00081271 0.261399 0)
(-0.000669231 0.26135 0)
(-0.000808356 0.261292 0)
(-0.000509646 0.261144 0)
(-0.00379787 0.261045 0)
(-0.00438631 0.260767 0)
(-0.00176678 0.260944 0)
(-0.00139645 0.261222 0)
(-3.07309e-06 0.261071 0)
(-7.97274e-06 0.260867 0)
(0.000354529 0.262517 0)
(0.000333828 0.260737 0)
(-1.72736e-05 0.261925 0)
(-0.000122432 0.262159 0)
(3.92285e-05 0.261993 0)
(0.000244261 0.261977 0)
(0.000433768 0.261801 0)
(0.00059941 0.26364 0)
(0.00059917 0.262193 0)
(0.00100607 0.261992 0)
(0.00108257 0.26179 0)
(0.00104616 0.261406 0)
(0.000519191 0.261347 0)
(-7.60001e-05 0.261247 0)
(-0.000747672 0.261187 0)
(-0.00103337 0.261216 0)
(-0.00107229 0.261162 0)
(-0.00137072 0.260991 0)
(-0.000935019 0.260791 0)
(-0.00431915 0.260711 0)
(-0.00486793 0.26058 0)
(-0.000164766 0.260607 0)
(-0.000565169 0.263041 0)
(-0.000576396 0.260896 0)
(-0.000543977 0.260605 0)
(-0.000162687 0.259514 0)
(-0.000140147 0.260259 0)
(-0.000384459 0.260895 0)
(-0.00037076 0.260766 0)
(-0.000215065 0.260456 0)
(-2.74172e-05 0.260494 0)
(0.000185285 0.260294 0)
(0.000388242 0.260519 0)
(0.000853851 0.259038 0)
(0.00105342 0.259095 0)
(0.00113579 0.259299 0)
(0.000803308 0.260011 0)
(0.000281976 0.259956 0)
(-0.000248338 0.259901 0)
(-0.000629876 0.259926 0)
(-0.00095442 0.260145 0)
(-0.00139962 0.260087 0)
(-0.00200032 0.259969 0)
(-0.00133995 0.259668 0)
(-0.0042109 0.259605 0)
(-0.00469582 0.259666 0)
(0.000917612 0.262509 0)
(0.000139212 0.262328 0)
(-0.00135041 0.261774 0)
(-0.00116321 0.261751 0)
(-0.00082185 0.261491 0)
(-0.000921015 0.261752 0)
(-0.000897799 0.2612 0)
(-0.000733649 0.261175 0)
(-0.000488241 0.261268 0)
(-0.000141117 0.261133 0)
(0.000181122 0.261209 0)
(0.000532309 0.260176 0)
(0.000736436 0.260754 0)
(0.000829918 0.260543 0)
(0.000739858 0.260519 0)
(0.000622105 0.260394 0)
(0.000195397 0.260225 0)
(-0.000166794 0.260138 0)
(-2.65094e-05 0.260048 0)
(-0.000439788 0.260183 0)
(-0.00171873 0.260202 0)
(-0.00313436 0.260192 0)
(-0.00227036 0.259876 0)
(-0.0038043 0.259952 0)
(-0.00404857 0.260355 0)
(0.00281672 0.268412 0)
(0.000795477 0.267099 0)
(-0.00218209 0.266603 0)
(-0.00149394 0.266513 0)
(-0.00118741 0.266256 0)
(-0.00137696 0.266584 0)
(-0.00143278 0.266553 0)
(-0.00134824 0.266588 0)
(-0.00109942 0.266617 0)
(-0.000716632 0.266618 0)
(-0.000342879 0.266663 0)
(-4.75382e-05 0.266606 0)
(0.000242735 0.26625 0)
(0.000405681 0.266205 0)
(0.000483691 0.265976 0)
(0.000354028 0.26644 0)
(0.000288459 0.266658 0)
(1.55054e-05 0.267004 0)
(-0.000115064 0.267191 0)
(-0.000594383 0.267142 0)
(-0.00180548 0.267378 0)
(-0.0036853 0.267886 0)
(-0.00265156 0.268547 0)
(-0.00354408 0.269159 0)
(-0.00421292 0.271242 0)
(-0.0019024 0.280311 0)
(-0.00795136 0.281374 0)
(-0.0070517 0.28006 0)
(-0.0030641 0.281431 0)
(-0.00205475 0.282984 0)
(-0.00197452 0.282757 0)
(-0.00174064 0.282404 0)
(-0.00123624 0.282121 0)
(-0.000534818 0.282138 0)
(0.00025587 0.2824 0)
(0.00101491 0.282708 0)
(0.00170328 0.283086 0)
(0.00234021 0.284091 0)
(0.0029023 0.284853 0)
(0.00339429 0.285755 0)
(0.00382575 0.286565 0)
(0.00408067 0.287704 0)
(0.00390907 0.289138 0)
(0.002701 0.29088 0)
(0.00188565 0.290507 0)
(0.00222281 0.291384 0)
(0.00225713 0.292013 0)
(0.00535243 0.292438 0)
(0.00965904 0.295566 0)
(0.00614961 0.295226 0)
(-0.0162918 0.301857 0)
(-0.0224905 0.295843 0)
(-0.0117062 0.296726 0)
(-0.00501804 0.30063 0)
(-0.00254208 0.302582 0)
(-0.00157899 0.302245 0)
(-0.00115406 0.301188 0)
(-0.000773278 0.300227 0)
(-0.000292604 0.299634 0)
(0.00033842 0.299415 0)
(0.00106565 0.299349 0)
(0.00180044 0.299413 0)
(0.00254626 0.299692 0)
(0.00325731 0.300085 0)
(0.00387507 0.300641 0)
(0.00434681 0.301362 0)
(0.00458061 0.302308 0)
(0.00465223 0.303645 0)
(0.00392343 0.305506 0)
(0.00292081 0.306458 0)
(0.0029221 0.307904 0)
(0.00444087 0.308364 0)
(0.00971864 0.306888 0)
(0.0226147 0.306594 0)
(0.0186232 0.309548 0)
(-0.0145416 0.113286 0)
(-0.0213147 0.125803 0)
(-0.00901564 0.130834 0)
(-0.00225765 0.135852 0)
(0.000204176 0.13608 0)
(0.000655075 0.133403 0)
(0.000476471 0.130365 0)
(0.00025739 0.127998 0)
(0.000179799 0.126474 0)
(0.000270683 0.125689 0)
(0.000473976 0.125411 0)
(0.000727536 0.125505 0)
(0.00100345 0.125994 0)
(0.00126932 0.126861 0)
(0.00149202 0.128121 0)
(0.00163213 0.129827 0)
(0.00163385 0.132051 0)
(0.00146562 0.134993 0)
(0.00106902 0.138983 0)
(0.000353738 0.14248 0)
(-5.31501e-05 0.146891 0)
(0.00174263 0.149947 0)
(0.00906883 0.146965 0)
(0.0242924 0.140634 0)
(0.0172088 0.124869 0)
(-0.0586225 0.0939609 0)
(-0.0538338 0.128723 0)
(-0.0136692 0.133889 0)
(-0.000500911 0.136531 0)
(0.00422102 0.13203 0)
(0.00422556 0.125264 0)
(0.00288207 0.119416 0)
(0.00164577 0.115306 0)
(0.000835198 0.112792 0)
(0.000378151 0.111467 0)
(0.000139899 0.111062 0)
(1.34141e-05 0.111349 0)
(-6.34847e-05 0.112344 0)
(-0.000120871 0.114044 0)
(-0.000190938 0.1165 0)
(-0.000334953 0.119814 0)
(-0.000669743 0.124155 0)
(-0.00138727 0.129825 0)
(-0.00260001 0.137443 0)
(-0.00423888 0.146238 0)
(-0.00489631 0.156451 0)
(0.000113408 0.16498 0)
(0.0160738 0.164567 0)
(0.0678609 0.166047 0)
(0.0882446 0.143292 0)
(-0.283857 -0.0240377 0)
(-0.13536 0.301933 0)
(-0.0531069 0.310041 0)
(-0.0235096 0.27551 0)
(-0.0104137 0.249705 0)
(-0.00600493 0.226654 0)
(-0.00492696 0.209455 0)
(-0.00441779 0.198347 0)
(-0.00393371 0.191755 0)
(-0.00341569 0.188362 0)
(-0.00273295 0.187394 0)
(-0.00170505 0.188444 0)
(-0.000136332 0.191476 0)
(0.00208831 0.196465 0)
(0.00504358 0.203554 0)
(0.00873794 0.213024 0)
(0.013066 0.225216 0)
(0.017447 0.24074 0)
(0.0202414 0.261211 0)
(0.0196063 0.288201 0)
(0.0168065 0.321858 0)
(0.0216032 0.357254 0)
(0.0480756 0.394367 0)
(0.147791 0.413253 0)
(0.343469 0.0412457 0)
(-0.418938 -0.251778 0)
(-0.357514 0.372207 0)
(-0.0486767 0.302842 0)
(-0.0129536 0.207905 0)
(-0.00543961 0.135039 0)
(-0.00714112 0.0929377 0)
(-0.00743602 0.0721056 0)
(-0.00600509 0.0642049 0)
(-0.00500847 0.0616031 0)
(-0.00492316 0.0608134 0)
(-0.0049116 0.0601395 0)
(-0.00405406 0.059454 0)
(-0.00158471 0.0598335 0)
(0.00311169 0.0617333 0)
(0.0105077 0.0655232 0)
(0.020318 0.0712585 0)
(0.0321829 0.0795314 0)
(0.0431273 0.0947234 0)
(0.0458057 0.126929 0)
(0.0340442 0.178432 0)
(0.00956955 0.244899 0)
(-0.00837165 0.327886 0)
(0.0169111 0.433634 0)
(0.384335 0.530817 0)
(0.528872 -0.234983 0)
(-0.0117711 -0.00894282 0)
(-0.0953056 0.0802412 0)
(0.0509553 0.287948 0)
(0.0591641 0.139113 0)
(0.0384725 0.0610893 0)
(0.0207013 0.0323414 0)
(0.0109359 0.0258585 0)
(0.00570622 0.0285594 0)
(0.00321708 0.0313082 0)
(0.00178925 0.0328046 0)
(0.000758858 0.0324129 0)
(-1.36161e-06 0.0307958 0)
(-0.000336156 0.0293855 0)
(-0.000382153 0.0277332 0)
(0.000162356 0.0263948 0)
(0.00142311 0.026317 0)
(0.00373696 0.029015 0)
(0.00726471 0.0370406 0)
(0.0075352 0.0567957 0)
(-0.0013284 0.0905686 0)
(-0.0291589 0.131796 0)
(-0.073727 0.194034 0)
(-0.087354 0.335591 0)
(0.109132 0.115411 0)
(0.0174227 -0.0124468 0)
(0.000592224 0.000343864 0)
(-0.000806546 0.000398883 0)
(-9.58001e-05 0.000597513 0)
(9.46685e-05 0.000113191 0)
(6.32074e-06 3.43423e-05 0)
(9.64679e-07 2.05182e-05 0)
(4.23182e-08 1.46467e-05 0)
(-2.8092e-07 1.68313e-05 0)
(-1.69559e-06 1.93831e-05 0)
(-3.15133e-06 2.11923e-05 0)
(-4.64691e-06 2.09011e-05 0)
(-6.45962e-06 1.95138e-05 0)
(-7.97546e-06 1.79424e-05 0)
(-1.01607e-05 1.73167e-05 0)
(-1.0905e-05 2.06048e-05 0)
(-1.28741e-05 2.94126e-05 0)
(-9.79183e-06 3.90552e-05 0)
(1.26124e-05 8.68743e-05 0)
(-6.15436e-06 8.00491e-05 0)
(-1.18951e-05 -4.76414e-06 0)
(-6.20907e-05 0.00023759 0)
(-0.000460432 0.000784948 0)
(0.000115873 0.0018502 0)
(0.00102093 0.000928182 0)
(-0.000380168 4.32022e-05 0)
(0.000361229 0.000836768 0)
(-5.88455e-05 -0.000123539 0)
(6.27287e-06 -9.52605e-06 0)
(1.07022e-06 1.43791e-05 0)
(1.59145e-06 8.60617e-06 0)
(8.11426e-07 5.63004e-06 0)
(1.20367e-06 7.18301e-06 0)
(5.93094e-07 9.1797e-06 0)
(6.77842e-08 9.56756e-06 0)
(-7.2778e-07 1.09647e-05 0)
(-1.59509e-06 1.21574e-05 0)
(-2.43507e-06 1.24137e-05 0)
(-3.2158e-06 1.32541e-05 0)
(-4.0552e-06 1.43152e-05 0)
(-4.75435e-06 1.53081e-05 0)
(-3.8514e-06 1.90926e-05 0)
(-5.03152e-06 3.01222e-05 0)
(1.95576e-06 2.97362e-05 0)
(1.6415e-05 3.01247e-05 0)
(9.50045e-06 -0.000148952 0)
(3.45202e-05 -0.00018982 0)
(3.60075e-05 -5.1215e-05 0)
(3.16803e-05 3.89649e-05 0)
(0.000156181 0.000184465 0)
(-0.000459159 0.00104263 0)
)
;

boundaryField
{
    inlet
    {
        type            calculated;
        value           uniform (0 0.1 0);
    }
    outlet
    {
        type            calculated;
        value           nonuniform List<vector> 
25
(
(0.000361229 0.000836768 0)
(-5.88455e-05 -0.000123539 0)
(6.27287e-06 -9.52605e-06 0)
(0 1.09125e-05 0)
(0 3.06945e-06 0)
(0 9.28515e-06 0)
(0 4.15189e-06 0)
(0 4.60517e-06 0)
(0 4.84063e-06 0)
(0 6.05754e-06 0)
(0 7.20702e-06 0)
(0 7.35679e-06 0)
(0 8.5547e-06 0)
(0 1.01495e-05 0)
(0 1.06178e-05 0)
(0 9.97027e-06 0)
(0 1.36656e-05 0)
(0 1.22684e-05 0)
(0 1.13353e-05 0)
(9.50045e-06 -0.000148952 0)
(3.45202e-05 -0.00018982 0)
(3.60075e-05 -5.1215e-05 0)
(3.16803e-05 3.89649e-05 0)
(0.000156181 0.000184465 0)
(-0.000459159 0.00104263 0)
)
;
    }
    walls
    {
        type            calculated;
        value           uniform (0 0 0);
    }
    defaultFaces
    {
        type            empty;
    }
}


// ************************************************************************* //
