/*--------------------------------*- C++ -*----------------------------------*\
| =========                 |                                                 |
| \\      /  F ield         | OpenFOAM: The Open Source CFD Toolbox           |
|  \\    /   O peration     | Version:  2.3.0                                 |
|   \\  /    A nd           | Web:      www.OpenFOAM.org                      |
|    \\/     M anipulation  |                                                 |
\*---------------------------------------------------------------------------*/
FoamFile
{
    version     2.0;
    format      ascii;
    class       volVectorField;
    location    "42";
    object      U;
}
// * * * * * * * * * * * * * * * * * * * * * * * * * * * * * * * * * * * * * //

dimensions      [0 1 -1 0 0 0 0];

internalField   nonuniform List<vector> 
1875
(
(0.0268833 -0.0601372 0)
(0.0573493 -0.0681992 0)
(0.103182 -0.0718816 0)
(0.145276 -0.0674937 0)
(0.183237 -0.0604917 0)
(0.215684 -0.0518078 0)
(0.241659 -0.0419875 0)
(0.260414 -0.0313146 0)
(0.271023 -0.0197113 0)
(0.27311 -0.00794511 0)
(0.265183 0.00470651 0)
(0.24666 0.0140865 0)
(0.218848 0.0199878 0)
(0.185846 0.0210652 0)
(0.153114 0.0163263 0)
(0.12537 0.00770566 0)
(0.104066 0.00217561 0)
(0.0862596 0.00188509 0)
(0.0680804 -0.000711736 0)
(0.0510087 -0.0174738 0)
(0.0388485 -0.0392409 0)
(0.0313845 -0.0536561 0)
(0.0236026 -0.0643359 0)
(0.0188457 -0.0666313 0)
(0.000956684 -0.0665835 0)
(0.0260179 -0.0496065 0)
(0.0589374 -0.0513251 0)
(0.0937156 -0.0508601 0)
(0.124435 -0.040207 0)
(0.15188 -0.0247286 0)
(0.175479 -0.00541752 0)
(0.194257 0.0170538 0)
(0.207619 0.0431423 0)
(0.214534 0.0730361 0)
(0.213758 0.105566 0)
(0.206717 0.137314 0)
(0.193615 0.166739 0)
(0.173762 0.191306 0)
(0.149334 0.19956 0)
(0.124584 0.192796 0)
(0.102775 0.175498 0)
(0.0872891 0.157917 0)
(0.0778574 0.151044 0)
(0.0725485 0.152818 0)
(0.0671589 0.157151 0)
(0.0586705 0.158405 0)
(0.0481143 0.165175 0)
(0.0359494 0.175531 0)
(0.0215713 0.184086 0)
(0.0117908 0.187695 0)
(0.0140399 -0.168197 0)
(0.0396271 -0.161036 0)
(0.0617679 -0.148826 0)
(0.0797681 -0.131641 0)
(0.0943438 -0.109716 0)
(0.104948 -0.0833093 0)
(0.111506 -0.0528617 0)
(0.114048 -0.0193997 0)
(0.113915 0.0170973 0)
(0.110706 0.0582374 0)
(0.102361 0.103268 0)
(0.0896511 0.147495 0)
(0.0745887 0.185223 0)
(0.0599962 0.195881 0)
(0.0475732 0.186212 0)
(0.0377545 0.158638 0)
(0.0297204 0.127725 0)
(0.0231772 0.107054 0)
(0.0175199 0.0965691 0)
(0.0134473 0.0899077 0)
(0.00977922 0.0775981 0)
(0.00728416 0.0702512 0)
(0.00616503 0.0692895 0)
(0.0064553 0.0745296 0)
(0.00239687 0.0886081 0)
(0.00173914 -0.200136 0)
(0.0165294 -0.186282 0)
(0.022407 -0.165017 0)
(0.0260608 -0.139979 0)
(0.0271533 -0.108947 0)
(0.0247197 -0.0715307 0)
(0.0182442 -0.031013 0)
(0.00818791 0.0118375 0)
(-0.00531742 0.0576971 0)
(-0.0201762 0.106302 0)
(-0.0339013 0.155654 0)
(-0.0444763 0.198606 0)
(-0.0481845 0.22353 0)
(-0.045347 0.224342 0)
(-0.0380642 0.206297 0)
(-0.0293801 0.176332 0)
(-0.0224432 0.148832 0)
(-0.0181577 0.135041 0)
(-0.0149964 0.128714 0)
(-0.0125057 0.125484 0)
(-0.00998812 0.12004 0)
(-0.00823921 0.118178 0)
(-0.00634071 0.12013 0)
(-0.00282802 0.126656 0)
(-0.00384858 0.14416 0)
(-0.0113713 -0.204061 0)
(-0.00707083 -0.187375 0)
(-0.0185427 -0.161671 0)
(-0.0312693 -0.132656 0)
(-0.04621 -0.0949068 0)
(-0.0640746 -0.0501585 0)
(-0.0837399 -0.00211179 0)
(-0.103179 0.0463531 0)
(-0.120506 0.0939137 0)
(-0.133225 0.137609 0)
(-0.138704 0.173696 0)
(-0.135481 0.194576 0)
(-0.123688 0.200824 0)
(-0.10615 0.188114 0)
(-0.086983 0.164536 0)
(-0.0706506 0.139408 0)
(-0.0593908 0.121345 0)
(-0.0516709 0.110956 0)
(-0.0454229 0.106413 0)
(-0.0394042 0.101533 0)
(-0.0335069 0.0952804 0)
(-0.0273492 0.0910605 0)
(-0.0202224 0.0900771 0)
(-0.0110139 0.0966312 0)
(-0.00809875 0.112293 0)
(-0.019849 -0.173418 0)
(-0.0231759 -0.15227 0)
(-0.0490021 -0.118468 0)
(-0.0752343 -0.0830365 0)
(-0.102541 -0.0374404 0)
(-0.129884 0.0103854 0)
(-0.153677 0.0541866 0)
(-0.171526 0.0912113 0)
(-0.181539 0.12108 0)
(-0.182679 0.143136 0)
(-0.174802 0.15639 0)
(-0.159588 0.161731 0)
(-0.138612 0.154231 0)
(-0.115959 0.138182 0)
(-0.0962392 0.12199 0)
(-0.0813554 0.10972 0)
(-0.0710118 0.102124 0)
(-0.0637549 0.0975585 0)
(-0.0577943 0.0941891 0)
(-0.0516765 0.0890539 0)
(-0.0451186 0.0829927 0)
(-0.0375053 0.0773191 0)
(-0.0282122 0.0738528 0)
(-0.0161545 0.0792802 0)
(-0.0107956 0.0918441 0)
(-0.0234298 -0.127272 0)
(-0.0319882 -0.0940072 0)
(-0.0673911 -0.0530245 0)
(-0.0988182 -0.0143618 0)
(-0.128495 0.0291042 0)
(-0.153432 0.0647989 0)
(-0.17066 0.0908552 0)
(-0.179045 0.109055 0)
(-0.179231 0.12008 0)
(-0.172039 0.125104 0)
(-0.157931 0.123398 0)
(-0.138698 0.114588 0)
(-0.118205 0.102916 0)
(-0.0999852 0.0937655 0)
(-0.0853476 0.0882396 0)
(-0.0742734 0.0853219 0)
(-0.066215 0.0837866 0)
(-0.0604972 0.084287 0)
(-0.0559027 0.0815641 0)
(-0.0514537 0.0756898 0)
(-0.0464304 0.0671384 0)
(-0.0396988 0.0570399 0)
(-0.0306173 0.0491527 0)
(-0.0180894 0.0523139 0)
(-0.0111938 0.0626707 0)
(-0.0240799 -0.0755724 0)
(-0.0357032 -0.0216356 0)
(-0.0741326 0.0175316 0)
(-0.102165 0.0506982 0)
(-0.125932 0.0823449 0)
(-0.143093 0.101803 0)
(-0.151802 0.110265 0)
(-0.153665 0.110472 0)
(-0.148103 0.104107 0)
(-0.136328 0.0929801 0)
(-0.121249 0.0817305 0)
(-0.105459 0.0723591 0)
(-0.090981 0.0667005 0)
(-0.0787149 0.0647975 0)
(-0.0684158 0.0650841 0)
(-0.059872 0.0669769 0)
(-0.0533836 0.0711872 0)
(-0.0487439 0.074682 0)
(-0.0452974 0.0735465 0)
(-0.0426269 0.0678421 0)
(-0.0398004 0.0568761 0)
(-0.0357239 0.0417921 0)
(-0.0295841 0.0286643 0)
(-0.0191122 0.0263262 0)
(-0.0112706 0.0331559 0)
(-0.0231989 -0.0167143 0)
(-0.0347797 0.0528681 0)
(-0.0670243 0.0814969 0)
(-0.0883913 0.100388 0)
(-0.10542 0.118517 0)
(-0.115456 0.122318 0)
(-0.119887 0.114648 0)
(-0.117757 0.099562 0)
(-0.110646 0.0819599 0)
(-0.100853 0.0656067 0)
(-0.0902686 0.0535267 0)
(-0.0800847 0.0464148 0)
(-0.0707066 0.043811 0)
(-0.0620041 0.0440329 0)
(-0.053878 0.0466387 0)
(-0.0464952 0.0515439 0)
(-0.0401994 0.0598097 0)
(-0.0351421 0.0664671 0)
(-0.0316301 0.0682075 0)
(-0.0295092 0.0639084 0)
(-0.0280721 0.0520282 0)
(-0.0265848 0.0346126 0)
(-0.024342 0.0158556 0)
(-0.0179826 0.00290729 0)
(-0.00985744 0.00151799 0)
(-0.0212116 0.037486 0)
(-0.0291336 0.10178 0)
(-0.052298 0.125828 0)
(-0.0683342 0.137256 0)
(-0.0807016 0.142787 0)
(-0.0878279 0.134991 0)
(-0.0896204 0.115433 0)
(-0.0870568 0.0901604 0)
(-0.0819319 0.0663543 0)
(-0.0758495 0.0479776 0)
(-0.069577 0.0360818 0)
(-0.0631928 0.0295623 0)
(-0.0566093 0.026957 0)
(-0.0498406 0.0275347 0)
(-0.0430411 0.0306789 0)
(-0.0363331 0.0365963 0)
(-0.0297496 0.0461974 0)
(-0.0236784 0.0554387 0)
(-0.0190395 0.0611701 0)
(-0.0159968 0.060384 0)
(-0.0144395 0.0500169 0)
(-0.0138671 0.0332279 0)
(-0.0143591 0.0129614 0)
(-0.0128468 -0.0118761 0)
(-0.00635711 -0.0268104 0)
(-0.0169945 0.0815167 0)
(-0.0219831 0.140975 0)
(-0.0394602 0.159526 0)
(-0.0512787 0.165403 0)
(-0.0605424 0.160936 0)
(-0.0651411 0.142468 0)
(-0.065845 0.113565 0)
(-0.0641814 0.0831442 0)
(-0.0616375 0.0574915 0)
(-0.058714 0.0385829 0)
(-0.0552556 0.0257108 0)
(-0.0510573 0.0177865 0)
(-0.046157 0.0141381 0)
(-0.0407146 0.0138666 0)
(-0.034901 0.0167316 0)
(-0.0288167 0.0222374 0)
(-0.0222735 0.0314435 0)
(-0.0155693 0.0424237 0)
(-0.00971739 0.0511982 0)
(-0.00539685 0.0537966 0)
(-0.00291621 0.0475621 0)
(-0.00195366 0.0330405 0)
(-0.00304828 0.0162333 0)
(-0.00560963 -0.0134632 0)
(-0.00229407 -0.044775 0)
(-0.0124871 0.113587 0)
(-0.015434 0.169166 0)
(-0.0281397 0.18445 0)
(-0.0366548 0.186279 0)
(-0.0432615 0.173575 0)
(-0.0465087 0.147166 0)
(-0.0473978 0.113277 0)
(-0.047357 0.0810217 0)
(-0.0469875 0.0545659 0)
(-0.0460203 0.0341076 0)
(-0.0441529 0.0192056 0)
(-0.0413267 0.009361 0)
(-0.0376398 0.004036 0)
(-0.0332389 0.00258547 0)
(-0.0282837 0.00432303 0)
(-0.0229209 0.00906724 0)
(-0.0170148 0.0165318 0)
(-0.0104333 0.0275483 0)
(-0.00395327 0.0387835 0)
(0.00119792 0.0451767 0)
(0.00442631 0.0431712 0)
(0.00581367 0.0322015 0)
(0.00512245 0.0211783 0)
(0.000641629 -0.00761214 0)
(0.000607449 -0.0488141 0)
(-0.00818579 0.135111 0)
(-0.00980505 0.188922 0)
(-0.0183061 0.201397 0)
(-0.0239835 0.200357 0)
(-0.028637 0.182804 0)
(-0.0314569 0.151489 0)
(-0.0330962 0.115465 0)
(-0.0344103 0.0826827 0)
(-0.0353004 0.0548316 0)
(-0.0354133 0.0323954 0)
(-0.0345689 0.0153189 0)
(-0.0327375 0.00337426 0)
(-0.0299976 -0.00377595 0)
(-0.0264856 -0.00687203 0)
(-0.0223561 -0.00618803 0)
(-0.0177548 -0.00245688 0)
(-0.012778 0.00394255 0)
(-0.00719794 0.0129993 0)
(-0.00113475 0.0253615 0)
(0.00426199 0.0353917 0)
(0.00781413 0.0378055 0)
(0.00915305 0.0309849 0)
(0.0087608 0.0250522 0)
(0.00403239 0.00374618 0)
(0.00201945 -0.0454752 0)
(-0.00418745 0.148067 0)
(-0.0048001 0.201013 0)
(-0.00945653 0.212595 0)
(-0.012835 0.20994 0)
(-0.0161249 0.190605 0)
(-0.018877 0.156834 0)
(-0.0211811 0.120172 0)
(-0.0232655 0.0862964 0)
(-0.0248574 0.0569473 0)
(-0.0257058 0.0325771 0)
(-0.0256382 0.0133427 0)
(-0.0246114 -0.000711635 0)
(-0.0226887 -0.00978919 0)
(-0.0200101 -0.0142936 0)
(-0.016702 -0.0150073 0)
(-0.0129342 -0.012123 0)
(-0.00886634 -0.00639316 0)
(-0.00456456 0.00171707 0)
(0.000231075 0.0129711 0)
(0.00499145 0.0254711 0)
(0.00829781 0.0326096 0)
(0.00934897 0.0311127 0)
(0.00894356 0.0286577 0)
(0.00492116 0.0158634 0)
(0.00241815 -0.03992 0)
(-0.00104222 0.152029 0)
(-0.000661772 0.205106 0)
(-0.00190694 0.217644 0)
(-0.00314166 0.21542 0)
(-0.0051853 0.196776 0)
(-0.00776409 0.162666 0)
(-0.0103342 0.125599 0)
(-0.0127831 0.0910321 0)
(-0.0148561 0.0603991 0)
(-0.0162843 0.0342497 0)
(-0.0168757 0.012979 0)
(-0.0165619 -0.00310291 0)
(-0.0153976 -0.0139356 0)
(-0.0135126 -0.0201157 0)
(-0.0110418 -0.0218416 0)
(-0.00813977 -0.0198367 0)
(-0.00498193 -0.0145308 0)
(-0.00176445 -0.00659805 0)
(0.00157194 0.00371484 0)
(0.00488289 0.0172842 0)
(0.00719471 0.0281678 0)
(0.00774346 0.0309783 0)
(0.00697875 0.0315748 0)
(0.00428413 0.0253777 0)
(0.00230326 -0.0330399 0)
(0.000902392 0.151114 0)
(0.00270461 0.204223 0)
(0.00448608 0.217733 0)
(0.00545287 0.217025 0)
(0.00491173 0.201466 0)
(0.00283774 0.16833 0)
(0.000168592 0.131429 0)
(-0.00253419 0.09648 0)
(-0.00497925 0.0648549 0)
(-0.00690632 0.0371695 0)
(-0.00810403 0.0140485 0)
(-0.00846584 -0.00393523 0)
(-0.00802997 -0.0164887 0)
(-0.00691519 -0.0238905 0)
(-0.00526285 -0.0268561 0)
(-0.00321134 -0.0254998 0)
(-0.000953221 -0.0205626 0)
(0.00131837 -0.0124613 0)
(0.00342524 -0.00175 0)
(0.00523798 0.0126087 0)
(0.00632331 0.0261572 0)
(0.00604908 0.0321129 0)
(0.00472374 0.0345413 0)
(0.00290764 0.0294901 0)
(0.00176266 -0.0271537 0)
(0.00277724 0.145955 0)
(0.0058836 0.196987 0)
(0.0110932 0.212353 0)
(0.0140482 0.214448 0)
(0.0151317 0.203257 0)
(0.0138643 0.173733 0)
(0.0110126 0.137708 0)
(0.00791511 0.102632 0)
(0.00502018 0.0702918 0)
(0.00256023 0.0413393 0)
(0.000735846 0.0165749 0)
(-0.000314646 -0.00320695 0)
(-0.000610195 -0.0172886 0)
(-0.000266467 -0.0261729 0)
(0.000586611 -0.0299607 0)
(0.00179068 -0.0293329 0)
(0.00316615 -0.0244982 0)
(0.00452251 -0.016217 0)
(0.00561261 -0.00473036 0)
(0.00626085 0.0107488 0)
(0.00632983 0.0264085 0)
(0.00543318 0.0350013 0)
(0.00359342 0.038699 0)
(0.0019159 0.0323097 0)
(0.0011727 -0.0230856 0)
(0.00441714 0.13462 0)
(0.0087385 0.181082 0)
(0.0170541 0.201347 0)
(0.0219872 0.208261 0)
(0.0246895 0.201629 0)
(0.0245424 0.178514 0)
(0.0217189 0.144835 0)
(0.0181518 0.109844 0)
(0.0147247 0.0768853 0)
(0.0117179 0.0468286 0)
(0.00930016 0.020582 0)
(0.00760506 -0.000904803 0)
(0.00662114 -0.0165225 0)
(0.0062303 -0.0264972 0)
(0.00631343 -0.0313981 0)
(0.00671957 -0.0311501 0)
(0.0072902 -0.0265955 0)
(0.00783398 -0.0178613 0)
(0.00804672 -0.00552383 0)
(0.00770023 0.0111311 0)
(0.00681923 0.0281524 0)
(0.00529564 0.0383083 0)
(0.0030849 0.0433589 0)
(0.00147748 0.034392 0)
(0.000894752 -0.0201507 0)
(0.00525983 0.121103 0)
(0.0106157 0.16112 0)
(0.0212908 0.185481 0)
(0.0282489 0.197932 0)
(0.032568 0.196579 0)
(0.0336247 0.181373 0)
(0.0313013 0.152295 0)
(0.0273896 0.11814 0)
(0.0233998 0.0846217 0)
(0.0198557 0.053501 0)
(0.0169302 0.0258613 0)
(0.0147048 0.00279642 0)
(0.0131197 -0.0141576 0)
(0.0120797 -0.0254068 0)
(0.0115017 -0.0309632 0)
(0.0112498 -0.0314092 0)
(0.0111581 -0.0268801 0)
(0.0110294 -0.0179394 0)
(0.0104872 -0.0043746 0)
(0.0092098 0.0136781 0)
(0.0073811 0.0315194 0)
(0.00523389 0.0431994 0)
(0.00289001 0.0484271 0)
(0.00146522 0.0360539 0)
(0.000873448 -0.0174176 0)
(0.00579164 0.105401 0)
(0.0117867 0.137453 0)
(0.0240348 0.164904 0)
(0.032753 0.183982 0)
(0.0382729 0.189248 0)
(0.0404362 0.18189 0)
(0.0391114 0.159514 0)
(0.0351304 0.127551 0)
(0.0305515 0.0936197 0)
(0.0264182 0.0612976 0)
(0.0230302 0.0321436 0)
(0.0203823 0.00761827 0)
(0.0183095 -0.0105868 0)
(0.0167301 -0.0228137 0)
(0.0156068 -0.0294953 0)
(0.0148111 -0.030289 0)
(0.0141829 -0.0260045 0)
(0.013516 -0.0164547 0)
(0.0123526 -0.00145386 0)
(0.0102637 0.0182942 0)
(0.00761734 0.0366498 0)
(0.00488683 0.0483787 0)
(0.00261966 0.0528646 0)
(0.00157455 0.0379815 0)
(0.000955644 -0.0142899 0)
(0.0060351 0.0883241 0)
(0.0120539 0.112075 0)
(0.0247613 0.141144 0)
(0.0347092 0.167021 0)
(0.0412245 0.179808 0)
(0.0444103 0.179069 0)
(0.04418 0.164802 0)
(0.04055 0.137561 0)
(0.0355683 0.103953 0)
(0.0308695 0.0702357 0)
(0.0270635 0.0392836 0)
(0.0240882 0.0133228 0)
(0.0216509 -0.00590886 0)
(0.0196659 -0.0193416 0)
(0.0181186 -0.0266451 0)
(0.0168859 -0.0281795 0)
(0.0158412 -0.0238552 0)
(0.0147712 -0.0141199 0)
(0.0131376 0.00283602 0)
(0.0105082 0.0245664 0)
(0.00747363 0.0432646 0)
(0.0043678 0.0546914 0)
(0.0022118 0.0560969 0)
(0.0016455 0.0385744 0)
(0.000996746 -0.0112822 0)
(0.00562122 0.0712641 0)
(0.0110188 0.0876766 0)
(0.0228136 0.116308 0)
(0.033234 0.147711 0)
(0.0406709 0.168406 0)
(0.0446754 0.174722 0)
(0.0454544 0.168559 0)
(0.0429119 0.147301 0)
(0.0380371 0.11523 0)
(0.0329531 0.080163 0)
(0.0287814 0.0470822 0)
(0.0255437 0.0196686 0)
(0.0228357 -0.000598364 0)
(0.0205629 -0.0148939 0)
(0.0187 -0.0232582 0)
(0.0171346 -0.0251153 0)
(0.0157465 -0.0211278 0)
(0.0143337 -0.010788 0)
(0.0122831 0.00814767 0)
(0.00932812 0.0314691 0)
(0.00628325 0.0499356 0)
(0.00361892 0.0615652 0)
(0.00210062 0.058465 0)
(0.00175391 0.0396564 0)
(0.00104763 -0.00754354 0)
(0.00410281 0.0564455 0)
(0.00832607 0.0672655 0)
(0.0181502 0.0930523 0)
(0.0283212 0.127247 0)
(0.0366149 0.155302 0)
(0.0415352 0.168368 0)
(0.0434194 0.168968 0)
(0.0422673 0.154892 0)
(0.038073 0.126463 0)
(0.0328262 0.0909091 0)
(0.0282963 0.0554575 0)
(0.0248122 0.0266042 0)
(0.0219102 0.00532911 0)
(0.0194303 -0.0100734 0)
(0.0173363 -0.0189461 0)
(0.0155194 -0.0215146 0)
(0.0138619 -0.0173938 0)
(0.0121349 -0.00693414 0)
(0.00968791 0.014418 0)
(0.00660219 0.0383149 0)
(0.00383734 0.0558404 0)
(0.0020772 0.064892 0)
(0.00136293 0.0598535 0)
(0.0013985 0.0410104 0)
(0.000967187 -0.00426148 0)
(0.00155923 0.0471443 0)
(0.00451246 0.0523704 0)
(0.0123567 0.0727832 0)
(0.021794 0.106348 0)
(0.0306371 0.139691 0)
(0.0364045 0.160256 0)
(0.0390942 0.166513 0)
(0.0388419 0.159536 0)
(0.0356982 0.13684 0)
(0.0305982 0.102215 0)
(0.0257849 0.0644814 0)
(0.0220685 0.0338789 0)
(0.0190417 0.0114961 0)
(0.0164249 -0.0046367 0)
(0.0142043 -0.014523 0)
(0.0122994 -0.0173185 0)
(0.0106029 -0.0134852 0)
(0.008471 -0.00230305 0)
(0.00565201 0.0212913 0)
(0.00291914 0.0443383 0)
(0.000867651 0.0605484 0)
(-9.23141e-05 0.0665612 0)
(-0.00021991 0.0610261 0)
(0.000595042 0.0393157 0)
(0.000473708 -0.00170528 0)
(-0.000241926 0.0452336 0)
(0.00172076 0.040875 0)
(0.00800576 0.0554035 0)
(0.0161463 0.086256 0)
(0.0246588 0.122757 0)
(0.0307997 0.15081 0)
(0.0335714 0.163109 0)
(0.0336476 0.162116 0)
(0.0312553 0.145614 0)
(0.0265418 0.11346 0)
(0.0215635 0.0741434 0)
(0.0176114 0.0414 0)
(0.0144637 0.0180765 0)
(0.0117164 0.0007649 0)
(0.00941103 -0.00967601 0)
(0.00750309 -0.0133324 0)
(0.0059603 -0.00934325 0)
(0.00369993 0.00421901 0)
(0.00102579 0.0274942 0)
(-0.000787207 0.0486272 0)
(-0.0018559 0.0632182 0)
(-0.00206939 0.0667064 0)
(-0.00155892 0.0595325 0)
(-0.000495003 0.0372525 0)
(-0.000416498 -0.00035115 0)
(0.000336375 0.0462058 0)
(0.00162896 0.0321078 0)
(0.0060881 0.0417673 0)
(0.0123267 0.0690582 0)
(0.0195296 0.106636 0)
(0.0253111 0.141269 0)
(0.0278862 0.160648 0)
(0.027701 0.164307 0)
(0.0254579 0.15301 0)
(0.0211088 0.124416 0)
(0.0161233 0.0843024 0)
(0.0119798 0.0492813 0)
(0.00863989 0.0248047 0)
(0.00569513 0.00672111 0)
(0.00324755 -0.00504118 0)
(0.00131597 -0.0093136 0)
(-0.000100413 -0.00611745 0)
(-0.00180409 0.0101539 0)
(-0.0033878 0.0311873 0)
(-0.00388853 0.0506841 0)
(-0.00384759 0.0636995 0)
(-0.0033795 0.0656768 0)
(-0.00271023 0.0577537 0)
(-0.00155284 0.0357958 0)
(-0.00123458 -0.00249535 0)
(0.00132644 0.0423934 0)
(0.00215855 0.0264837 0)
(0.00506756 0.0323319 0)
(0.00951942 0.0562604 0)
(0.0150338 0.0933149 0)
(0.0199321 0.13249 0)
(0.022159 0.158853 0)
(0.0216013 0.167305 0)
(0.0192294 0.160323 0)
(0.0151481 0.134836 0)
(0.0102726 0.0946511 0)
(0.00594161 0.0575766 0)
(0.00229992 0.0322969 0)
(-0.000953354 0.012835 0)
(-0.00363087 0.000155502 0)
(-0.00564718 -0.00565723 0)
(-0.00702625 -0.00334673 0)
(-0.00789376 0.0131079 0)
(-0.00791729 0.0316012 0)
(-0.00690525 0.0498428 0)
(-0.0055448 0.0623569 0)
(-0.00416953 0.0645867 0)
(-0.00296918 0.0568482 0)
(-0.00172848 0.0326688 0)
(-0.00151393 -0.00604842 0)
(0.00151569 0.0389829 0)
(0.00216125 0.0231465 0)
(0.0044192 0.0255754 0)
(0.00766306 0.0470943 0)
(0.0116811 0.0828995 0)
(0.0155249 0.125243 0)
(0.0172574 0.15787 0)
(0.0162904 0.171021 0)
(0.013607 0.167311 0)
(0.0095084 0.144779 0)
(0.00469577 0.105095 0)
(0.000189605 0.0666566 0)
(-0.00390305 0.0403254 0)
(-0.0075779 0.0199825 0)
(-0.0105977 0.00544436 0)
(-0.0127507 -0.00182457 0)
(-0.0142105 -0.00140978 0)
(-0.0144061 0.0128731 0)
(-0.0127956 0.0286216 0)
(-0.0100498 0.0455659 0)
(-0.00706886 0.0578438 0)
(-0.00442366 0.0603424 0)
(-0.00231831 0.0530209 0)
(-0.00112719 0.0309578 0)
(-0.00145627 -0.00905805 0)
(0.00192188 0.0350487 0)
(0.00278236 0.0197594 0)
(0.00502875 0.0200909 0)
(0.00738456 0.0405753 0)
(0.0100174 0.0755857 0)
(0.0127076 0.11949 0)
(0.0138798 0.157832 0)
(0.0125475 0.175836 0)
(0.0094516 0.175244 0)
(0.00494938 0.155169 0)
(-7.34711e-05 0.115323 0)
(-0.00482312 0.0766496 0)
(-0.0094418 0.0497242 0)
(-0.0136386 0.0277689 0)
(-0.0171392 0.0117932 0)
(-0.0196435 0.00202852 0)
(-0.0212323 0.00120642 0)
(-0.0209077 0.0100047 0)
(-0.0178361 0.021814 0)
(-0.0132919 0.0372713 0)
(-0.00851606 0.0497553 0)
(-0.0046702 0.053703 0)
(-0.00197344 0.0485212 0)
(-0.000728308 0.0316816 0)
(-0.00128651 -0.0115168 0)
(0.00291767 0.0295565 0)
(0.0042729 0.0150323 0)
(0.00683344 0.0155713 0)
(0.00843243 0.0364995 0)
(0.00988224 0.0716274 0)
(0.0114508 0.116264 0)
(0.0120754 0.15868 0)
(0.0104629 0.18144 0)
(0.00704781 0.18394 0)
(0.00210887 0.166813 0)
(-0.00335085 0.126284 0)
(-0.00842189 0.0877822 0)
(-0.0134818 0.0599912 0)
(-0.0181578 0.037158 0)
(-0.0221867 0.0189556 0)
(-0.0252784 0.00676858 0)
(-0.0270596 0.0030842 0)
(-0.0265279 0.00482338 0)
(-0.0228892 0.0118411 0)
(-0.0172497 0.0250546 0)
(-0.0109264 0.0386701 0)
(-0.00578644 0.0464209 0)
(-0.00241224 0.0440261 0)
(-0.000379951 0.0303171 0)
(-0.000787823 -0.0134429 0)
(0.00446502 0.0210803 0)
(0.00667555 0.00864471 0)
(0.00950801 0.0114961 0)
(0.0103313 0.0342384 0)
(0.0106359 0.0690596 0)
(0.0111456 0.114317 0)
(0.0111271 0.160154 0)
(0.00927853 0.187699 0)
(0.005774 0.193273 0)
(0.000919977 0.179563 0)
(-0.00458404 0.138029 0)
(-0.00988221 0.0995574 0)
(-0.0151317 0.071389 0)
(-0.020026 0.047125 0)
(-0.024343 0.0276095 0)
(-0.0278317 0.012633 0)
(-0.0299477 0.00479116 0)
(-0.0298739 0.000238959 0)
(-0.0271829 0.00092483 0)
(-0.0219164 0.0106178 0)
(-0.0148667 0.023988 0)
(-0.00823175 0.0356699 0)
(-0.00352943 0.0371873 0)
(-0.000156483 0.0264762 0)
(-0.000369566 -0.0135798 0)
(0.00566915 0.00744367 0)
(0.00876296 0.000115549 0)
(0.0115432 0.00892889 0)
(0.0117054 0.0342282 0)
(0.0111095 0.0696764 0)
(0.0105878 0.114398 0)
(0.00998762 0.162711 0)
(0.00834161 0.19418 0)
(0.00543154 0.202193 0)
(0.0014001 0.190712 0)
(-0.00369182 0.150037 0)
(-0.00906086 0.111452 0)
(-0.0142116 0.0825895 0)
(-0.019023 0.0576518 0)
(-0.0233193 0.0362691 0)
(-0.0269441 0.0194347 0)
(-0.0294043 0.00772079 0)
(-0.0301389 -0.00105875 0)
(-0.0291537 -0.00556109 0)
(-0.0256643 -0.00269819 0)
(-0.0194664 0.00763576 0)
(-0.0121279 0.0214947 0)
(-0.00604989 0.0275036 0)
(-0.00123436 0.0211448 0)
(-0.000922651 -0.0131658 0)
(0.00533437 -0.00883824 0)
(0.00839351 -0.00853087 0)
(0.0107014 0.00753442 0)
(0.0108041 0.0356009 0)
(0.010209 0.0722179 0)
(0.00951968 0.116374 0)
(0.00885277 0.164748 0)
(0.00788832 0.197988 0)
(0.00625823 0.208792 0)
(0.00363203 0.199814 0)
(-0.000836329 0.161857 0)
(-0.00613576 0.122845 0)
(-0.0109815 0.0935318 0)
(-0.0154532 0.0674493 0)
(-0.0195444 0.0451532 0)
(-0.0231547 0.0265949 0)
(-0.0259007 0.0118621 0)
(-0.0274543 -0.000188976 0)
(-0.0277156 -0.00779235 0)
(-0.0263159 -0.0108958 0)
(-0.0222976 -0.00669007 0)
(-0.0158455 0.00558379 0)
(-0.00919268 0.0149022 0)
(-0.00339706 0.0123276 0)
(-0.00225375 -0.0160699 0)
(0.00384299 -0.0222049 0)
(0.00600034 -0.0145559 0)
(0.00762359 0.00499618 0)
(0.00772036 0.0354876 0)
(0.00756558 0.0728339 0)
(0.0074237 0.117734 0)
(0.00751688 0.166328 0)
(0.00797562 0.200046 0)
(0.00829088 0.211387 0)
(0.00765948 0.20573 0)
(0.0044199 0.173174 0)
(-0.000748145 0.133627 0)
(-0.00531862 0.103182 0)
(-0.00932596 0.0767882 0)
(-0.0131581 0.0533899 0)
(-0.0166962 0.0338927 0)
(-0.0197185 0.0171848 0)
(-0.0219938 0.00260598 0)
(-0.0232502 -0.0078889 0)
(-0.0232343 -0.0142537 0)
(-0.0215088 -0.0158537 0)
(-0.0170153 -0.0089319 0)
(-0.0109317 0.00160524 0)
(-0.00503649 0.00206864 0)
(-0.00328198 -0.0233397 0)
(0.00265298 -0.0300365 0)
(0.00382804 -0.0185904 0)
(0.00445027 0.00430952 0)
(0.00376091 0.0351785 0)
(0.00334277 0.0724927 0)
(0.00373287 0.117018 0)
(0.00529839 0.164727 0)
(0.00815605 0.197509 0)
(0.0113832 0.210048 0)
(0.0136943 0.207081 0)
(0.0127305 0.182777 0)
(0.00816851 0.144504 0)
(0.00336655 0.11199 0)
(-0.000562103 0.0851627 0)
(-0.00427383 0.0616491 0)
(-0.00790173 0.0413926 0)
(-0.0113261 0.0237055 0)
(-0.0143742 0.00764222 0)
(-0.0166191 -0.00531771 0)
(-0.0176326 -0.0143633 0)
(-0.0172981 -0.0194484 0)
(-0.0148596 -0.0193983 0)
(-0.0103295 -0.0105524 0)
(-0.00523552 -0.00765564 0)
(-0.00328085 -0.0320889 0)
(0.00220964 -0.0355104 0)
(0.00277602 -0.0204538 0)
(0.0028719 0.00641757 0)
(0.00142338 0.0379293 0)
(4.60784e-05 0.0726832 0)
(6.33691e-05 0.113649 0)
(0.00268951 0.156625 0)
(0.00796513 0.186357 0)
(0.0141187 0.20067 0)
(0.019649 0.201266 0)
(0.0222177 0.187221 0)
(0.0199975 0.155807 0)
(0.0151404 0.121805 0)
(0.0105948 0.0936583 0)
(0.00661108 0.0700235 0)
(0.00265345 0.049677 0)
(-0.00144356 0.0317461 0)
(-0.00552015 0.0147728 0)
(-0.0088955 -0.000562222 0)
(-0.0108119 -0.0127668 0)
(-0.0112347 -0.020966 0)
(-0.0102665 -0.0246414 0)
(-0.00749646 -0.0200784 0)
(-0.00394307 -0.0152778 0)
(-0.00238027 -0.0406094 0)
(0.00188663 -0.0400273 0)
(0.00257317 -0.0213879 0)
(0.00299659 0.00847649 0)
(0.00145541 0.042502 0)
(-0.000701883 0.0756628 0)
(-0.00154677 0.111641 0)
(0.00114017 0.146436 0)
(0.00744462 0.170835 0)
(0.0152198 0.184041 0)
(0.0228534 0.188426 0)
(0.0287734 0.181633 0)
(0.0307134 0.162439 0)
(0.0280236 0.133138 0)
(0.0233876 0.103508 0)
(0.018667 0.0791516 0)
(0.013986 0.0593282 0)
(0.00904944 0.0418261 0)
(0.00383295 0.0246155 0)
(-0.000897583 0.0065706 0)
(-0.00380143 -0.00939815 0)
(-0.00478714 -0.0205566 0)
(-0.0046427 -0.0267997 0)
(-0.00336435 -0.0257915 0)
(-0.00172089 -0.0196363 0)
(-0.00106772 -0.0455942 0)
(0.00166559 -0.0439838 0)
(0.00278875 -0.0245569 0)
(0.0029102 0.010094 0)
(0.00124495 0.046765 0)
(-0.000696566 0.0806575 0)
(-0.00155799 0.110604 0)
(0.00100219 0.136515 0)
(0.00703221 0.155114 0)
(0.0146863 0.166554 0)
(0.0228861 0.171338 0)
(0.0305115 0.168789 0)
(0.0359081 0.158348 0)
(0.037328 0.139185 0)
(0.0346362 0.114192 0)
(0.0299229 0.0904674 0)
(0.0246756 0.0708477 0)
(0.0191363 0.0540056 0)
(0.0132651 0.0371401 0)
(0.00762818 0.01666 0)
(0.00364099 -0.00462343 0)
(0.00189146 -0.0191278 0)
(0.00139855 -0.0270563 0)
(0.00128747 -0.0273506 0)
(0.000842767 -0.0201527 0)
(0.000677025 -0.0458904 0)
(0.00174361 -0.0494167 0)
(0.00309924 -0.026889 0)
(0.0014983 0.0132344 0)
(-0.00108068 0.0492117 0)
(-0.00180533 0.0823284 0)
(-0.00159058 0.108707 0)
(0.00110018 0.127026 0)
(0.00623018 0.140809 0)
(0.0128755 0.14949 0)
(0.0203095 0.15342 0)
(0.0277831 0.15271 0)
(0.0343558 0.147023 0)
(0.0386763 0.136743 0)
(0.039493 0.121076 0)
(0.0369521 0.101212 0)
(0.032459 0.0827529 0)
(0.0273371 0.0671612 0)
(0.0222178 0.0503221 0)
(0.0172188 0.0288773 0)
(0.0127454 0.00320199 0)
(0.00998485 -0.0160544 0)
(0.0084719 -0.0250056 0)
(0.00679267 -0.0250076 0)
(0.00390599 -0.0167454 0)
(0.00266713 -0.0421719 0)
(0.00149293 -0.0540062 0)
(0.00230454 -0.0261859 0)
(-0.000114062 0.0228753 0)
(-0.00251796 0.0522077 0)
(-0.00296339 0.082123 0)
(-0.00178543 0.104523 0)
(0.000979607 0.118983 0)
(0.00518935 0.128972 0)
(0.0107295 0.135465 0)
(0.016984 0.138347 0)
(0.023398 0.137829 0)
(0.0293181 0.134109 0)
(0.0342249 0.128038 0)
(0.0372875 0.119617 0)
(0.0375975 0.107426 0)
(0.0357798 0.0932437 0)
(0.0327506 0.0775085 0)
(0.0296945 0.0599564 0)
(0.0266549 0.0386322 0)
(0.0229821 0.0130558 0)
(0.0194089 -0.0106204 0)
(0.0163386 -0.0194304 0)
(0.013015 -0.0182895 0)
(0.00775387 -0.00808654 0)
(0.00491352 -0.0333289 0)
(0.000702576 -0.0582577 0)
(0.000489621 -0.0227119 0)
(-0.00263081 0.0259994 0)
(-0.00389275 0.054926 0)
(-0.00401781 0.0821007 0)
(-0.0022297 0.0997904 0)
(0.000785185 0.112028 0)
(0.00479491 0.119118 0)
(0.0098008 0.123422 0)
(0.0154347 0.125463 0)
(0.0211349 0.125344 0)
(0.0263312 0.123123 0)
(0.0306147 0.118774 0)
(0.0337865 0.112772 0)
(0.0356768 0.105006 0)
(0.0360023 0.0941576 0)
(0.0353318 0.0807941 0)
(0.0342106 0.0637207 0)
(0.0328294 0.0433553 0)
(0.0304685 0.0206911 0)
(0.0266094 -0.00170248 0)
(0.0221324 -0.0108442 0)
(0.0174303 -0.00763844 0)
(0.0109206 0.00580156 0)
(0.00692712 -0.0169561 0)
(-0.000933417 -0.0594685 0)
(-0.00225806 -0.0148434 0)
(-0.00640858 0.0295544 0)
(-0.0072187 0.0561501 0)
(-0.00644566 0.0785903 0)
(-0.00379138 0.0936251 0)
(0.000196477 0.103703 0)
(0.00512415 0.109063 0)
(0.010646 0.111853 0)
(0.0164304 0.113164 0)
(0.0220394 0.113655 0)
(0.0269831 0.113085 0)
(0.0308966 0.111351 0)
(0.0336639 0.107888 0)
(0.0353895 0.1018 0)
(0.0360951 0.0934663 0)
(0.0361496 0.0813618 0)
(0.0358831 0.0652555 0)
(0.0351695 0.0463603 0)
(0.0333574 0.0266899 0)
(0.0292792 0.00876722 0)
(0.0235461 -3.5346e-05 0)
(0.0175976 0.00528067 0)
(0.0113925 0.0193318 0)
(0.00744275 0.00383604 0)
(-0.00232842 -0.0550478 0)
(-0.00502166 -0.00394683 0)
(-0.00963557 0.0334159 0)
(-0.0102528 0.0560217 0)
(-0.00895284 0.0734111 0)
(-0.00539275 0.0852201 0)
(-5.46587e-05 0.0923292 0)
(0.00637543 0.0960903 0)
(0.013098 0.0984826 0)
(0.0195344 0.100287 0)
(0.0252568 0.102063 0)
(0.0299996 0.103746 0)
(0.0335647 0.104512 0)
(0.0358543 0.103426 0)
(0.0369424 0.100365 0)
(0.0371295 0.0932883 0)
(0.0368682 0.0816864 0)
(0.03616 0.0663522 0)
(0.0347749 0.0490471 0)
(0.0319407 0.0332809 0)
(0.0267038 0.0212019 0)
(0.019634 0.0148491 0)
(0.0132364 0.0191281 0)
(0.00861755 0.0303861 0)
(0.00572729 0.0240243 0)
(-0.00315677 -0.0467347 0)
(-0.00655871 0.00837365 0)
(-0.011193 0.0378598 0)
(-0.011754 0.0556089 0)
(-0.00991457 0.067878 0)
(-0.00527054 0.0741496 0)
(0.00151668 0.077612 0)
(0.00934619 0.0800411 0)
(0.0171733 0.0828127 0)
(0.0242652 0.0863851 0)
(0.0301644 0.0906348 0)
(0.0345942 0.0945026 0)
(0.0374739 0.0982257 0)
(0.0389556 0.100457 0)
(0.0392459 0.0993034 0)
(0.0386727 0.0937679 0)
(0.0372142 0.0836804 0)
(0.0350242 0.0700018 0)
(0.0315761 0.0554512 0)
(0.0263733 0.0442152 0)
(0.0195821 0.0366464 0)
(0.0123827 0.0311384 0)
(0.00713901 0.0294925 0)
(0.00469294 0.0365069 0)
(0.00338093 0.0361417 0)
(-0.00353472 -0.0366225 0)
(-0.00676978 0.0203526 0)
(-0.0107698 0.0421674 0)
(-0.0111126 0.0548243 0)
(-0.00830783 0.0596037 0)
(-0.00235486 0.0600316 0)
(0.00546032 0.0599637 0)
(0.0139411 0.0615337 0)
(0.0220129 0.0655697 0)
(0.028944 0.07166 0)
(0.0343545 0.0790081 0)
(0.0380501 0.0877097 0)
(0.0400453 0.0951279 0)
(0.0407142 0.0997855 0)
(0.0402434 0.100704 0)
(0.0387518 0.0980268 0)
(0.0360826 0.0900426 0)
(0.0320524 0.0785353 0)
(0.0263234 0.0682641 0)
(0.0191164 0.0598996 0)
(0.0117054 0.0526018 0)
(0.00560524 0.0433333 0)
(0.00233622 0.035836 0)
(0.00204724 0.0379116 0)
(0.00194902 0.0424155 0)
(-0.00325129 -0.026305 0)
(-0.00588019 0.028509 0)
(-0.00871522 0.0460085 0)
(-0.00822685 0.05127 0)
(-0.00395971 0.0482278 0)
(0.00282875 0.043783 0)
(0.0106134 0.0415763 0)
(0.0182534 0.0434686 0)
(0.0250544 0.0497084 0)
(0.0306272 0.0590825 0)
(0.0347076 0.0707758 0)
(0.037381 0.0829332 0)
(0.0387723 0.0931379 0)
(0.0388999 0.100402 0)
(0.0377572 0.104004 0)
(0.0354725 0.103133 0)
(0.0320135 0.0985663 0)
(0.0269226 0.0912957 0)
(0.0202541 0.0846477 0)
(0.0126761 0.0768015 0)
(0.0056901 0.0668504 0)
(0.00101177 0.0521914 0)
(-0.000792308 0.0374429 0)
(0.000150584 0.035659 0)
(0.000652013 0.0456416 0)
(-0.00261343 -0.0181186 0)
(-0.00440708 0.0342448 0)
(-0.00539546 0.047166 0)
(-0.00311012 0.0437498 0)
(0.00222498 0.0345029 0)
(0.00876025 0.0274224 0)
(0.0152035 0.0254517 0)
(0.020672 0.0292623 0)
(0.0250285 0.0378764 0)
(0.0282995 0.050139 0)
(0.0305403 0.0644491 0)
(0.0317018 0.078506 0)
(0.0318946 0.091497 0)
(0.0312189 0.10186 0)
(0.0298501 0.108341 0)
(0.027741 0.110509 0)
(0.0246028 0.108594 0)
(0.0201258 0.104763 0)
(0.0144379 0.0998283 0)
(0.00798958 0.0926087 0)
(0.0022598 0.0785654 0)
(-0.00102808 0.0574723 0)
(-0.00256851 0.0383793 0)
(-0.00231582 0.0327768 0)
(-0.00176143 0.0453742 0)
(-0.0025308 -0.0116065 0)
(-0.00334331 0.035574 0)
(-0.00162114 0.0435787 0)
(0.0030195 0.033445 0)
(0.00842919 0.0216012 0)
(0.0134131 0.0142799 0)
(0.0175928 0.0147699 0)
(0.0204991 0.021352 0)
(0.0222185 0.0323398 0)
(0.022852 0.0465624 0)
(0.0224594 0.0625847 0)
(0.0213526 0.0791011 0)
(0.0199957 0.0936626 0)
(0.0189134 0.104711 0)
(0.0181868 0.11161 0)
(0.0173771 0.115047 0)
(0.0158439 0.11552 0)
(0.0132396 0.114196 0)
(0.0094357 0.111309 0)
(0.00485539 0.104986 0)
(0.00115848 0.0869624 0)
(-0.00104946 0.0621836 0)
(-0.00306907 0.04215 0)
(-0.00400473 0.0316943 0)
(-0.00337328 0.0387038 0)
(-0.00320939 -0.00536017 0)
(-0.00336227 0.033319 0)
(0.000895671 0.0330327 0)
(0.00701971 0.0210964 0)
(0.0116056 0.0122162 0)
(0.0147887 0.00695611 0)
(0.0169563 0.0101917 0)
(0.0179512 0.0194192 0)
(0.0175537 0.0330552 0)
(0.0156661 0.0498411 0)
(0.012643 0.0679253 0)
(0.0095338 0.0844635 0)
(0.00732444 0.0974796 0)
(0.00642999 0.106262 0)
(0.00656995 0.111987 0)
(0.00709581 0.115764 0)
(0.00738607 0.118035 0)
(0.00687065 0.11888 0)
(0.00517038 0.118609 0)
(0.00308359 0.11162 0)
(0.00187773 0.090884 0)
(0.000712333 0.0662602 0)
(-0.00160479 0.0465509 0)
(-0.00357289 0.0325744 0)
(-0.00325236 0.028533 0)
(-0.00356293 0.00367677 0)
(-0.00300575 0.0274743 0)
(0.0024437 0.0188393 0)
(0.00800195 0.0100403 0)
(0.0111512 0.00544715 0)
(0.0130445 0.00247814 0)
(0.0140769 0.00813236 0)
(0.0139331 0.0204476 0)
(0.0119939 0.0376056 0)
(0.00795708 0.0578635 0)
(0.00277697 0.0770104 0)
(-0.00169144 0.0914345 0)
(-0.00421503 0.100984 0)
(-0.00477404 0.10654 0)
(-0.00409215 0.11038 0)
(-0.00283112 0.113407 0)
(-0.00141985 0.116065 0)
(-0.000317309 0.118937 0)
(0.000375799 0.12086 0)
(0.00173874 0.112466 0)
(0.0033488 0.0916335 0)
(0.00335845 0.0694855 0)
(0.000890038 0.052222 0)
(-0.00215825 0.0354984 0)
(-0.00250387 0.0219392 0)
(-0.00246296 0.0115777 0)
(-0.000759267 0.0186811 0)
(0.00360866 0.00659866 0)
(0.0069268 0.00293647 0)
(0.00856249 0.00152335 0)
(0.00942378 0.000195191 0)
(0.00973446 0.00819637 0)
(0.00882908 0.023612 0)
(0.00563511 0.0460485 0)
(9.72231e-06 0.0706956 0)
(-0.0062324 0.0896765 0)
(-0.0110182 0.100085 0)
(-0.0134718 0.10421 0)
(-0.0141437 0.105739 0)
(-0.0136709 0.10787 0)
(-0.0125202 0.109897 0)
(-0.0111604 0.112453 0)
(-0.00938349 0.115223 0)
(-0.00623514 0.115101 0)
(-0.00176431 0.105374 0)
(0.00193237 0.0879506 0)
(0.00319116 0.0717231 0)
(0.00183103 0.0602197 0)
(-0.00142516 0.0416063 0)
(-0.00213877 0.0173205 0)
(-0.000812313 0.0127091 0)
(0.00109428 0.0115051 0)
(0.00318799 0.00151171 0)
(0.00411611 -0.000162351 0)
(0.00436256 0.000393189 0)
(0.00417298 -0.000281042 0)
(0.00378801 0.00952896 0)
(0.00204863 0.0287701 0)
(-0.00207875 0.0576654 0)
(-0.00751309 0.0848201 0)
(-0.0124665 0.101719 0)
(-0.0163253 0.107136 0)
(-0.018861 0.107236 0)
(-0.0202995 0.107419 0)
(-0.0208184 0.106417 0)
(-0.020763 0.107967 0)
(-0.020067 0.109354 0)
(-0.0178734 0.108921 0)
(-0.0135141 0.103789 0)
(-0.00807725 0.0932129 0)
(-0.00363633 0.0807003 0)
(-0.000972102 0.0704332 0)
(0.000530125 0.0638373 0)
(-0.000236577 0.0477425 0)
(-0.000380006 0.0128921 0)
(-5.20235e-05 0.0114427 0)
(0.00101357 0.00889094 0)
(0.000604808 0.00105513 0)
(-0.000183005 0.000443853 0)
(-0.00125921 0.00179286 0)
(-0.00270599 0.00171372 0)
(-0.00433603 0.0123635 0)
(-0.00705859 0.0366679 0)
(-0.0108535 0.06871 0)
(-0.0138444 0.0940177 0)
(-0.0157947 0.10948 0)
(-0.0177922 0.114801 0)
(-0.0200673 0.113174 0)
(-0.0222328 0.110175 0)
(-0.0241456 0.10851 0)
(-0.0253496 0.108305 0)
(-0.0249597 0.10654 0)
(-0.0224417 0.101059 0)
(-0.0181183 0.0927064 0)
(-0.0131564 0.0828597 0)
(-0.00854028 0.0723531 0)
(-0.00438046 0.0627598 0)
(-0.000197241 0.0565222 0)
(0.00224279 0.0456611 0)
(0.0026136 0.0139326 0)
(0.000174586 0.0100102 0)
(-5.80473e-05 0.0110232 0)
(-0.00316711 0.00409264 0)
(-0.00535913 0.0041247 0)
(-0.00763094 0.00587775 0)
(-0.01035 0.00705533 0)
(-0.0133335 0.018167 0)
(-0.0163371 0.0448539 0)
(-0.0185249 0.0736209 0)
(-0.0190467 0.0956983 0)
(-0.0187098 0.110635 0)
(-0.0186391 0.117888 0)
(-0.0196489 0.117931 0)
(-0.021688 0.116175 0)
(-0.0238111 0.114629 0)
(-0.024919 0.110287 0)
(-0.0242208 0.103319 0)
(-0.0219471 0.0938341 0)
(-0.018622 0.0831215 0)
(-0.0146142 0.0723927 0)
(-0.0101987 0.0616348 0)
(-0.00561323 0.0524598 0)
(-0.000612386 0.0471992 0)
(0.0031201 0.0426004 0)
(0.00358335 0.0234321 0)
(0.000289062 0.00962085 0)
(-0.000693828 0.0194889 0)
(-0.00562 0.0110018 0)
(-0.00905064 0.0105543 0)
(-0.012451 0.0125291 0)
(-0.0162493 0.0148345 0)
(-0.0200825 0.0253644 0)
(-0.022689 0.0493625 0)
(-0.0233815 0.0743106 0)
(-0.0226809 0.0943972 0)
(-0.0214789 0.108314 0)
(-0.0204271 0.116403 0)
(-0.0201999 0.119662 0)
(-0.0206252 0.120914 0)
(-0.0210942 0.116557 0)
(-0.0206688 0.109764 0)
(-0.0195162 0.10013 0)
(-0.0178071 0.0888529 0)
(-0.0155573 0.0766563 0)
(-0.012766 0.0642832 0)
(-0.00949556 0.0526576 0)
(-0.00598006 0.0427654 0)
(-0.00220302 0.0363672 0)
(0.000906869 0.0371258 0)
(0.0019131 0.031081 0)
(0.000275803 0.00905717 0)
(1.69448e-05 0.0293423 0)
(-0.00492179 0.020807 0)
(-0.00952536 0.0195013 0)
(-0.0139382 0.0215994 0)
(-0.0186629 0.0244969 0)
(-0.0231099 0.0330456 0)
(-0.0256025 0.0521727 0)
(-0.0256624 0.0732978 0)
(-0.024422 0.0914052 0)
(-0.0228188 0.105662 0)
(-0.0211833 0.115197 0)
(-0.0197829 0.119319 0)
(-0.0184177 0.118374 0)
(-0.0168744 0.113785 0)
(-0.0154941 0.106644 0)
(-0.0140303 0.0970243 0)
(-0.012457 0.0851144 0)
(-0.0106861 0.0720895 0)
(-0.0086736 0.0589398 0)
(-0.00640516 0.0465362 0)
(-0.00411137 0.0365551 0)
(-0.00229277 0.0308552 0)
(-0.00131519 0.0326511 0)
(-0.000378193 0.0297161 0)
(0.000431709 0.00704459 0)
(0.00106566 0.0337489 0)
(-0.00315735 0.0318011 0)
(-0.00810411 0.0300887 0)
(-0.0128524 0.0323886 0)
(-0.0180407 0.0356734 0)
(-0.022943 0.0415279 0)
(-0.0258012 0.0546457 0)
(-0.0259516 0.0715225 0)
(-0.0245636 0.0882769 0)
(-0.0225895 0.101374 0)
(-0.0202042 0.110155 0)
(-0.0177136 0.114068 0)
(-0.015233 0.1133 0)
(-0.0130861 0.110312 0)
(-0.011154 0.103198 0)
(-0.00934002 0.093426 0)
(-0.00761238 0.0814794 0)
(-0.00593839 0.0683537 0)
(-0.00431305 0.0549597 0)
(-0.00285801 0.0425523 0)
(-0.00176283 0.033478 0)
(-0.00153449 0.0305057 0)
(-0.00216067 0.0334096 0)
(-0.00150118 0.0264182 0)
(0.000423162 0.0044843 0)
(0.00142964 0.0384611 0)
(-0.00184875 0.0420842 0)
(-0.00589025 0.0402984 0)
(-0.0101675 0.0433107 0)
(-0.0151705 0.0474191 0)
(-0.0201177 0.0509586 0)
(-0.0235229 0.0586362 0)
(-0.0244976 0.0700773 0)
(-0.0233896 0.0847769 0)
(-0.0210586 0.096179 0)
(-0.0181858 0.103634 0)
(-0.0151539 0.107613 0)
(-0.0122919 0.108428 0)
(-0.00961712 0.105242 0)
(-0.00718658 0.0986736 0)
(-0.00508632 0.0893599 0)
(-0.00326586 0.0777793 0)
(-0.00170479 0.0649688 0)
(-0.000514042 0.0522426 0)
(-1.3319e-05 0.0411078 0)
(-0.000197051 0.0333976 0)
(-0.00118255 0.0322344 0)
(-0.00273522 0.0346984 0)
(-0.00186218 0.0211866 0)
(1.71371e-05 0.00165781 0)
(0.000980045 0.0403759 0)
(-0.00115159 0.0485564 0)
(-0.00352214 0.0480609 0)
(-0.00677294 0.0528457 0)
(-0.0109298 0.0582482 0)
(-0.0153234 0.0605015 0)
(-0.0188838 0.0645706 0)
(-0.0208053 0.070915 0)
(-0.020684 0.0807503 0)
(-0.0186568 0.0900465 0)
(-0.0156643 0.0973139 0)
(-0.0123845 0.101231 0)
(-0.00907588 0.101726 0)
(-0.00590421 0.0991045 0)
(-0.00311035 0.0934466 0)
(-0.000813413 0.0849547 0)
(0.000953879 0.0742179 0)
(0.00214971 0.0623382 0)
(0.00268528 0.0511999 0)
(0.00236358 0.0421229 0)
(0.00133074 0.0357157 0)
(-0.000280455 0.0359229 0)
(-0.00249076 0.0369423 0)
(-0.00150687 0.01491 0)
(-0.000600407 0.000861866 0)
(0.000314555 0.0433052 0)
(-0.000801346 0.0511187 0)
(-0.00176697 0.0525251 0)
(-0.00365596 0.0599785 0)
(-0.00632786 0.0664962 0)
(-0.00943313 0.0690561 0)
(-0.0125046 0.0706957 0)
(-0.0146834 0.0744356 0)
(-0.0154802 0.0792439 0)
(-0.0144183 0.0848345 0)
(-0.0121112 0.0900485 0)
(-0.00895861 0.0934281 0)
(-0.00553533 0.0940567 0)
(-0.00221333 0.0920464 0)
(0.00071569 0.0875199 0)
(0.00301934 0.0803768 0)
(0.00451446 0.0712611 0)
(0.00512734 0.0610923 0)
(0.00497086 0.0516376 0)
(0.00416203 0.0443177 0)
(0.00283991 0.0389083 0)
(0.00127116 0.0399034 0)
(-0.00112389 0.0403002 0)
(-0.000342645 0.00985602 0)
(-0.00103717 0.00134765 0)
(5.43957e-05 0.0430935 0)
(-0.000413913 0.0527674 0)
(-0.000617694 0.0539239 0)
(-0.00142189 0.0634358 0)
(-0.00260805 0.0706184 0)
(-0.00402025 0.0747597 0)
(-0.00596697 0.0761773 0)
(-0.00772973 0.0778062 0)
(-0.00854059 0.0797948 0)
(-0.00818265 0.0826213 0)
(-0.00671803 0.084839 0)
(-0.00437719 0.0864407 0)
(-0.00158748 0.0866081 0)
(0.00123378 0.0850506 0)
(0.00375027 0.0816808 0)
(0.00565704 0.0763589 0)
(0.00671631 0.0694734 0)
(0.00689123 0.0613143 0)
(0.00637052 0.0532957 0)
(0.00538411 0.0468724 0)
(0.00406531 0.0422286 0)
(0.00270643 0.0434167 0)
(0.000701826 0.0436022 0)
(0.00123344 0.00956352 0)
(-0.0013862 0.00223124 0)
(-0.000241553 0.0433637 0)
(-0.000589487 0.0525659 0)
(-0.000492189 0.0547799 0)
(-0.000599917 0.0651874 0)
(-0.00068805 0.0717145 0)
(-0.000699039 0.076676 0)
(-0.0010988 0.079503 0)
(-0.00183426 0.0803523 0)
(-0.00227605 0.0804357 0)
(-0.00204702 0.0810326 0)
(-0.00107972 0.0817665 0)
(0.000478023 0.0821946 0)
(0.00241251 0.0817705 0)
(0.00442395 0.0803682 0)
(0.00623616 0.0778287 0)
(0.00758973 0.0739503 0)
(0.00828596 0.0687439 0)
(0.00822078 0.0619857 0)
(0.00746297 0.0551137 0)
(0.00632267 0.0495637 0)
(0.00495096 0.0453477 0)
(0.00360148 0.0463325 0)
(0.00169629 0.0469464 0)
(0.00209774 0.012604 0)
(-0.00194693 0.00385846 0)
(-0.00084388 0.0436937 0)
(-0.00170147 0.0523317 0)
(-0.00162791 0.0545266 0)
(-0.00136462 0.0648838 0)
(-0.000700694 0.0711519 0)
(0.000155197 0.0755792 0)
(0.00096687 0.0791446 0)
(0.00158574 0.0806761 0)
(0.00196721 0.0805803 0)
(0.00238889 0.0799626 0)
(0.00313611 0.0793966 0)
(0.00424821 0.0788299 0)
(0.00561752 0.0780328 0)
(0.00704767 0.0767708 0)
(0.0083533 0.0748341 0)
(0.00934856 0.0720011 0)
(0.00984961 0.0681832 0)
(0.00971578 0.0637143 0)
(0.00883077 0.0577409 0)
(0.00744811 0.0525696 0)
(0.00578817 0.0485401 0)
(0.00408985 0.0496428 0)
(0.0019626 0.0499256 0)
(0.00240632 0.0163849 0)
(-0.00268232 0.00685995 0)
(-0.00189297 0.0454355 0)
(-0.00338578 0.0533826 0)
(-0.003737 0.0540838 0)
(-0.00351691 0.0628882 0)
(-0.00260016 0.0688912 0)
(-0.00144211 0.0731961 0)
(-2.866e-05 0.0764379 0)
(0.00153878 0.078339 0)
(0.00295997 0.0790536 0)
(0.00415164 0.0786599 0)
(0.00523852 0.077782 0)
(0.0063537 0.0767218 0)
(0.00753238 0.0755963 0)
(0.0087213 0.074327 0)
(0.009823 0.0727321 0)
(0.0107081 0.0706272 0)
(0.0112246 0.0678729 0)
(0.0111803 0.064386 0)
(0.0104471 0.0602495 0)
(0.00895674 0.0563305 0)
(0.00695249 0.0528271 0)
(0.00476477 0.0539528 0)
(0.00224095 0.0533552 0)
(0.002712 0.0205456 0)
(-0.00356834 0.0116843 0)
(-0.00327676 0.0487908 0)
(-0.00566028 0.054736 0)
(-0.00624524 0.0549723 0)
(-0.00633931 0.0614402 0)
(-0.0056144 0.065886 0)
(-0.00445544 0.069767 0)
(-0.00291183 0.0722205 0)
(-0.00109369 0.0738178 0)
(0.000806208 0.0747059 0)
(0.00262927 0.0749438 0)
(0.00430274 0.0745838 0)
(0.00585927 0.0738378 0)
(0.00733022 0.0728926 0)
(0.00871988 0.0718184 0)
(0.00999301 0.0705468 0)
(0.0110759 0.0690141 0)
(0.0118428 0.0672274 0)
(0.0121197 0.0651387 0)
(0.0117203 0.0627453 0)
(0.010581 0.0605021 0)
(0.00876045 0.0580912 0)
(0.00648276 0.0595017 0)
(0.00337394 0.0572944 0)
(0.00345398 0.0257539 0)
(-0.00481097 0.0193307 0)
(-0.00567723 0.0545896 0)
(-0.00872361 0.0577772 0)
(-0.00926133 0.0564515 0)
(-0.0092763 0.0612692 0)
(-0.00852301 0.0645637 0)
(-0.00735637 0.0672401 0)
(-0.00583647 0.0689158 0)
(-0.00411951 0.07005 0)
(-0.00229242 0.0706849 0)
(-0.000415458 0.0708483 0)
(0.00145139 0.0705488 0)
(0.00325825 0.0699467 0)
(0.00498144 0.0691927 0)
(0.0066112 0.0683699 0)
(0.00812858 0.0674602 0)
(0.00949652 0.0664683 0)
(0.0106318 0.0654937 0)
(0.0114606 0.0648731 0)
(0.0117961 0.063659 0)
(0.0115892 0.0627514 0)
(0.0106897 0.0619565 0)
(0.0092396 0.0646433 0)
(0.00565512 0.063371 0)
(0.00480622 0.0332845 0)
(-0.00897355 0.0368533 0)
(-0.0105192 0.0667892 0)
(-0.0127987 0.0637028 0)
(-0.0119711 0.0610026 0)
(-0.011323 0.0636011 0)
(-0.0100788 0.0658399 0)
(-0.0086644 0.0681215 0)
(-0.00721658 0.0696615 0)
(-0.0057837 0.0706963 0)
(-0.00433743 0.0712595 0)
(-0.00286815 0.0713779 0)
(-0.00138627 0.0711365 0)
(7.60489e-05 0.0706658 0)
(0.00150171 0.0700581 0)
(0.00288891 0.0693723 0)
(0.00424277 0.0686005 0)
(0.00556594 0.0677769 0)
(0.00684015 0.067068 0)
(0.00803522 0.066394 0)
(0.00908759 0.0662652 0)
(0.0100069 0.0664968 0)
(0.0109119 0.0670517 0)
(0.0121295 0.0717635 0)
(0.00995594 0.0751549 0)
(0.0088577 0.0496597 0)
(-0.0133825 0.0579927 0)
(-0.0156885 0.0668743 0)
(-0.0111455 0.0522554 0)
(-0.00713646 0.0512455 0)
(-0.00591049 0.0543991 0)
(-0.00582821 0.0566541 0)
(-0.00585093 0.0586951 0)
(-0.00572354 0.0599198 0)
(-0.00540307 0.0607262 0)
(-0.00494661 0.06113 0)
(-0.00441023 0.0610971 0)
(-0.00384718 0.0607815 0)
(-0.00331334 0.0603339 0)
(-0.00284707 0.0598363 0)
(-0.00247113 0.0593238 0)
(-0.00219268 0.0587615 0)
(-0.00200384 0.0582056 0)
(-0.00184645 0.0578878 0)
(-0.00174662 0.057971 0)
(-0.00170437 0.0582336 0)
(-0.0012587 0.0579085 0)
(0.000812219 0.0563446 0)
(0.00599095 0.0605882 0)
(0.0119632 0.0751285 0)
(0.0115009 0.070071 0)
(0.0075488 0.0696519 0)
(-0.00417725 0.0403477 0)
(0.00100226 0.033713 0)
(-0.000116856 0.038636 0)
(-0.00156002 0.0451066 0)
(-0.0027938 0.048212 0)
(-0.00380799 0.0503467 0)
(-0.00447161 0.0517055 0)
(-0.00486668 0.0525971 0)
(-0.00503893 0.0530496 0)
(-0.00508707 0.0531356 0)
(-0.00512517 0.0530441 0)
(-0.00521757 0.0527841 0)
(-0.00539668 0.0523954 0)
(-0.00568486 0.0518915 0)
(-0.0061067 0.0512436 0)
(-0.00669035 0.0504515 0)
(-0.00743905 0.0494416 0)
(-0.00820125 0.0486008 0)
(-0.00875858 0.0472881 0)
(-0.00897578 0.0447885 0)
(-0.00896402 0.0392584 0)
(-0.007889 0.0351717 0)
(-0.000167765 0.0427646 0)
(-0.00954352 0.0728537 0)
(0.0894719 -0.00229801 0)
(0.0295054 -0.00532879 0)
(0.0218464 0.000818976 0)
(0.0129216 0.00954175 0)
(0.00506884 0.0142769 0)
(-0.000552049 0.0150549 0)
(-0.00391152 0.0148622 0)
(-0.00560467 0.0145273 0)
(-0.00624545 0.0143244 0)
(-0.0062929 0.014195 0)
(-0.00609786 0.0139749 0)
(-0.00585348 0.0136372 0)
(-0.00564837 0.0134301 0)
(-0.00556127 0.013368 0)
(-0.00566092 0.013485 0)
(-0.00604829 0.0137834 0)
(-0.00685072 0.0140429 0)
(-0.0082393 0.0142584 0)
(-0.0104597 0.0146419 0)
(-0.0137664 0.0140397 0)
(-0.0183706 0.0112397 0)
(-0.0241404 0.0044884 0)
(-0.0304334 -0.00484365 0)
(-0.0353855 -0.00987185 0)
(-0.089954 -0.00964343 0)
(-0.0521072 0.0499068 0)
(0.00742576 0.119492 0)
(-0.00272539 0.0770006 0)
(0.00486172 0.0832345 0)
(0.0103893 0.0862642 0)
(0.0160217 0.0822965 0)
(0.0179028 0.0763582 0)
(0.0167872 0.0709663 0)
(0.0137515 0.0663099 0)
(0.00819652 0.0633331 0)
(0.00128544 0.0626826 0)
(-0.00358239 0.063446 0)
(-0.00474338 0.0642859 0)
(-0.00405266 0.0649765 0)
(-0.00342687 0.0652591 0)
(-0.00378645 0.0654192 0)
(-0.00586583 0.0661993 0)
(-0.0113492 0.0678966 0)
(-0.0219399 0.0708512 0)
(-0.0367995 0.0757351 0)
(-0.0490438 0.081872 0)
(-0.0503039 0.0830821 0)
(-0.0354222 0.0807725 0)
(-0.0338126 0.122646 0)
(0.0571539 0.04659 0)
(-0.0147161 0.0245782 0)
(0.0114902 0.0554841 0)
(0.0372346 0.103806 0)
(0.0698763 0.123464 0)
(0.112887 0.115705 0)
(0.162347 0.118923 0)
(0.200435 0.140682 0)
(0.232843 0.149171 0)
(0.252081 0.163943 0)
(0.244364 0.182156 0)
(0.226399 0.181565 0)
(0.181614 0.161027 0)
(0.132519 0.142139 0)
(0.0963454 0.137042 0)
(0.0625041 0.141919 0)
(0.0276793 0.151744 0)
(-0.0108402 0.166568 0)
(-0.0556455 0.191478 0)
(-0.107888 0.22262 0)
(-0.16084 0.231687 0)
(-0.199233 0.191931 0)
(-0.190672 0.101532 0)
(-0.142623 -0.0126478 0)
(-0.0924033 -0.0512209 0)
(-0.0248112 -0.053743 0)
(-0.0120436 0.0491325 0)
(-0.00225637 -0.0446322 0)
(0.0285919 -0.104908 0)
(0.0728774 -0.145129 0)
(0.126028 -0.166899 0)
(0.180785 -0.15275 0)
(0.231913 -0.119961 0)
(0.292434 -0.0708657 0)
(0.331948 0.00227852 0)
(0.349034 0.0618655 0)
(0.330648 0.15536 0)
(0.295354 0.220683 0)
(0.237876 0.216586 0)
(0.163334 0.194191 0)
(0.107195 0.187059 0)
(0.0608277 0.193047 0)
(0.0171327 0.209822 0)
(-0.0277615 0.234226 0)
(-0.0729892 0.25255 0)
(-0.116364 0.226155 0)
(-0.135998 0.125917 0)
(-0.124128 -0.0450464 0)
(-0.103165 -0.171515 0)
(-0.0728517 -0.223625 0)
(-0.0245606 -0.212264 0)
(0.00498669 0.0416972 0)
(0.0158616 -0.0533493 0)
(0.0400894 -0.130096 0)
(0.0689897 -0.195459 0)
(0.106325 -0.22709 0)
(0.152359 -0.231656 0)
(0.202651 -0.193672 0)
(0.242904 -0.102111 0)
(0.274586 0.00481963 0)
(0.28935 0.0985789 0)
(0.282374 0.1935 0)
(0.264795 0.280101 0)
(0.236538 0.325284 0)
(0.194633 0.320125 0)
(0.144975 0.289532 0)
(0.102849 0.270591 0)
(0.0658361 0.274146 0)
(0.0342453 0.297259 0)
(0.00680942 0.310928 0)
(-0.016933 0.279375 0)
(-0.0329461 0.183143 0)
(-0.045828 0.0382582 0)
(-0.0481894 -0.173634 0)
(-0.0328579 -0.2802 0)
(-0.0108624 -0.272116 0)
(0.00136069 0.0286303 0)
(0.00289926 -0.0799339 0)
(0.00740934 -0.170825 0)
(0.013551 -0.251633 0)
(0.0215952 -0.295032 0)
(0.029565 -0.294521 0)
(0.0410654 -0.251608 0)
(0.0669529 -0.167985 0)
(0.0991343 -0.052692 0)
(0.117777 0.0798268 0)
(0.130262 0.211919 0)
(0.13225 0.326736 0)
(0.123646 0.397164 0)
(0.112445 0.415462 0)
(0.0962242 0.40604 0)
(0.0753062 0.39086 0)
(0.0555882 0.385027 0)
(0.0386768 0.386899 0)
(0.0252358 0.377112 0)
(0.0148126 0.329851 0)
(0.00659945 0.221975 0)
(-0.00661283 0.0623128 0)
(-0.00656008 -0.172668 0)
(-0.00632334 -0.306054 0)
(-0.00273549 -0.295345 0)
)
;

boundaryField
{
    inlet
    {
        type            calculated;
        value           uniform (0 0.05 0);
    }
    outlet
    {
        type            calculated;
        value           nonuniform List<vector> 
25
(
(0.00136069 0.0286303 0)
(0 -0.0787834 0)
(0 -0.169835 0)
(0 -0.251014 0)
(0 -0.295332 0)
(0 -0.296762 0)
(0 -0.257557 0)
(0 -0.178238 0)
(0 -0.0654593 0)
(0.117777 0.0798268 0)
(0.130262 0.211919 0)
(0.13225 0.326736 0)
(0.123646 0.397164 0)
(0.112445 0.415462 0)
(0.0962242 0.40604 0)
(0.0753062 0.39086 0)
(0.0555882 0.385027 0)
(0.0386768 0.386899 0)
(0.0252358 0.377112 0)
(0.0148126 0.329851 0)
(0.00659945 0.221975 0)
(-0.00661283 0.0623128 0)
(-0 -0.174994 0)
(-0 -0.307735 0)
(-0 -0.29696 0)
)
;
    }
    walls
    {
        type            calculated;
        value           uniform (0 0 0);
    }
    defaultFaces
    {
        type            empty;
    }
}


// ************************************************************************* //
