/*--------------------------------*- C++ -*----------------------------------*\
| =========                 |                                                 |
| \\      /  F ield         | OpenFOAM: The Open Source CFD Toolbox           |
|  \\    /   O peration     | Version:  2.3.0                                 |
|   \\  /    A nd           | Web:      www.OpenFOAM.org                      |
|    \\/     M anipulation  |                                                 |
\*---------------------------------------------------------------------------*/
FoamFile
{
    version     2.0;
    format      ascii;
    class       volScalarField;
    location    "1.93";
    object      rho;
}
// * * * * * * * * * * * * * * * * * * * * * * * * * * * * * * * * * * * * * //

dimensions      [1 -3 0 0 0 0 0];

internalField   nonuniform List<scalar> 
6000
(
935.452
917.763
898.596
897.089
901.143
915.802
982.66
1099.34
1146.91
1157.49
1154.83
1115.42
1032.27
995.96
1032.29
1039.7
1017.75
923.089
879.461
872.378
872.238
912.868
980.032
1003.05
975.644
918.481
939.562
1112.7
1148.08
1148.08
898.281
897.681
897.669
897.081
897.673
897.686
898.286
898.301
946.456
981.218
976.716
929.133
911.222
911.288
911.221
917.705
878.373
872.489
872.606
872.271
872.364
872.563
884.519
915.904
916.339
916.775
917.215
922.909
999.783
1079.99
903.385
898.278
898.057
943.148
927.962
913.861
911.132
910.65
1005.25
1077.37
1025.33
932.512
911.286
911.218
915.184
927.413
888.946
872.97
872.487
872.671
896.479
947.54
985.684
995.579
972.395
972.139
937.681
1015.08
1015.45
922.983
1025.24
981.166
972.862
1048.48
1021.67
1000.22
991.124
977.042
1106.81
1229.17
1161.55
1036.76
984.449
1008.86
1033.45
1022.45
923.912
872.892
872.97
888.678
1000.83
1120.32
1157.75
1137.81
1086.83
1035.61
1013.67
1074.37
1003.59
815.14
1232.42
1167.1
1140.44
1196.84
1179.64
1162.52
1149.93
1128.95
1233.82
1313.07
1300.66
1247.8
1214.01
1253.23
1241.75
1190.77
1039.07
904.609
881.87
987.547
1195.38
1281.68
1290.95
1273.05
1223.42
1166.43
1157.71
1093.72
929.772
815.441
1316.56
1311.37
1292.82
1305.71
1305.4
1300.13
1292.26
1281.96
1313.74
1313.29
1314.14
1312.62
1304.99
1277.84
1209
1208.52
1171.2
1022.65
975.345
1164.3
1316.43
1333.86
1334.44
1331.76
1310.12
1281.41
1252.2
1086.4
869.994
815.73
1317.33
1316.67
1315.32
1315.93
1314.81
1315.8
1314.3
1315.26
1313.81
1314.74
1313.29
1314.17
1121.1
1017.79
871.084
1134.05
1199.42
1197.96
1155.66
1297.94
1334.4
1334.97
1334.44
1335
1334.42
1334.27
1279.63
1089.22
877.991
816.093
1318.66
1317.33
1316.87
1315.32
1316.49
1314.82
1316.19
1155.35
1314.6
1313.21
1305.59
1025.18
834.215
676.748
650.286
727.86
1190.19
1298.79
1298.62
1334.37
1336.14
1334.45
1336.8
1334.45
1335.91
1334.41
1267.28
1128.91
973.023
873.962
1318.54
1314.83
1315.25
1316.98
1314.81
1316.75
1042.08
740.232
906.82
999.704
869.157
784.861
770.946
650.281
634.502
650.1
768.272
1172.08
1161.01
1289.66
1334.41
1339.23
1334.46
1338.76
1334.45
1335.7
1168.67
1158.12
1133.14
1046.86
824.708
829.186
972.853
1176.98
1274.07
1100.17
723.177
724.32
718.569
724.323
730.723
791.057
760.375
644.15
650.097
634.315
650.267
712.706
750.555
946.908
1320.94
1334.43
1341.49
1334.47
1338.97
1236.48
1030.88
1137.79
1190.28
1190.02
417.629
460.18
555.259
760.151
942.609
914.207
724.331
711.015
724.32
722.254
756.112
806.768
729.431
650.097
635.511
649.889
636.352
650.155
642.588
650.319
911.797
1291.11
1334.35
1341.49
1334.39
1147.36
1030.38
1053.86
1097.34
1198.77
408.036
416.593
495.818
649.935
875.056
923.701
716.828
724.32
719.124
724.32
774.915
806.4
699.976
646.197
649.889
634.505
649.889
640.394
650.125
640.438
650.412
776.768
1134.36
1334.24
1338.73
1171.31
1056.37
1047.46
1043.54
1154.81
408.32
426.728
514.034
644.934
890.15
939.568
724.32
712.63
724.32
723.106
769.05
784.804
695.754
650.097
638.12
649.889
635.973
650.097
641.169
650.303
640.615
650.481
666.809
1010.62
1253.01
1228.63
1151.25
1094.73
1040.59
1079.76
408.599
450.709
553.332
657.023
920.201
940.811
715.319
724.319
720.87
724.319
764.605
792.579
745.016
649.071
650.096
635.877
650.096
637.627
650.28
639.89
650.458
642.244
650.648
790.276
1161.47
1239.9
1188.04
1117.42
1042.81
1042.08
408.763
486.358
598.266
703.209
966.781
941.278
724.32
712.466
724.319
723.857
789.682
852.819
845.144
686.771
640.192
650.096
636.04
650.28
638.379
650.458
640.371
650.648
645.306
741.42
1133.91
1239.84
1142.45
1080.82
1041.28
1042.45
439.818
536.057
646.66
773.023
1019.53
926.908
712.825
724.319
723.024
727.435
862.579
951.448
909.324
723.684
650.28
638.291
650.28
636.105
650.458
638.234
650.648
642.324
650.869
721.226
1101.52
1210.78
1103.14
1045.9
1043
1078.82
517.702
605.37
707.961
849.24
1075.4
918.356
724.32
711.8
724.319
796.963
959.707
1011.42
907.557
719.834
643.244
650.28
636.911
650.457
636.35
650.648
639.914
650.869
647.286
717.137
1082.78
1184.16
1104.97
1061.33
1042.73
1192.29
621.225
696.837
789.753
930.556
1133.38
928.867
709.864
724.319
754.417
928.512
1031.39
1011.07
837.555
684.945
650.457
641.261
650.457
636.341
650.647
637.825
650.869
643.448
651.064
734.059
1092.65
1175.81
1146.08
1139.93
1163.61
1304.5
733.918
808.619
894.272
1020.33
1185.89
946.083
724.321
709.955
845.562
1045.03
1045.18
940.913
743.14
650.647
646.362
650.457
639.129
650.647
636.908
650.869
640.586
651.064
649.802
800.624
1139.43
1199.43
1220.34
1255.45
1308.52
1361.05
853.532
937.33
1018.08
1112.29
1199.36
954.539
708.525
724.319
942.208
1085.17
993.151
839.563
709.061
650.129
650.647
645.677
650.647
637.645
650.868
639.132
651.064
646.377
664.553
936.58
1195.3
1259.8
1295.62
1332.36
1364.2
1383.87
980.986
1076.33
1146.1
1190.8
1199.76
923.331
724.32
708.183
988.036
1084.75
896.728
800.837
732.387
673.209
650.376
650.647
642.093
650.868
638.834
651.064
642.98
651.237
759.483
1123.63
1267.5
1313.03
1342.37
1366.98
1383.38
1388.79
1110.09
1205.15
1245.81
1226.1
1200.03
827.3
710.527
724.318
951.441
1017.09
854.524
807.514
791.284
753.739
691.898
650.02
650.868
639.261
651.064
641.647
651.236
662.632
958.837
1256.23
1318
1346
1365.99
1381.63
1388.77
1388.84
1227.05
1292.66
1296.57
1204.95
1066.05
728.904
724.318
708.629
835.95
914.794
845.115
828.487
854.171
856.083
777.522
666.446
645.786
651.064
641.453
651.236
648.715
768.345
1187.74
1311.35
1345.03
1363.42
1377.07
1387.58
1388.83
1388.76
1309.58
1331.2
1310.86
1118.49
835.865
724.318
713.545
724.318
724.381
846.629
851.071
861.91
919.214
943.686
878.864
720.42
651.064
642.35
651.236
646.735
673.015
973.225
1284.96
1338.58
1358.78
1371.2
1380.92
1388.58
1388.59
1369.88
1348.08
1343.99
1294.61
985.7
724.318
719.18
724.318
713.624
724.318
852.07
894.269
919.664
990.05
1025.03
991.659
810.415
650.077
651.236
646.505
651.415
791.339
1160.38
1319.38
1349.93
1362.7
1371.02
1377.42
1381.35
1363.16
1103.27
1349.88
1337.03
1225.79
898.974
722.747
724.318
718.076
724.318
722.942
915.923
990.757
1014.63
1075.97
1111.96
1113.96
948.36
679.088
647.146
651.414
716.189
992.365
1235.02
1324.63
1346.29
1355.57
1360.27
1359.32
1345.88
1219.75
772.06
1349.81
1279.1
1191.96
922.532
732.744
722.786
724.318
719.761
749.044
1050.8
1125.07
1147.8
1182.64
1202.12
1214.06
1119.59
809.878
651.414
668.794
903.853
1163.85
1266.72
1308.58
1327.91
1335.98
1335.33
1320.7
1311.42
1052.62
796.544
1313.78
1279.89
1245.95
1048.91
838.901
749.245
723.607
724.318
822.654
1221.51
1252.94
1273.44
1285.65
1287.83
1286.78
1250.84
1006.65
697.45
794.295
1101.57
1257.76
1291.5
1304.12
1315.09
1321.67
1320.69
1311.52
1282.02
1138.87
1041.5
1318.44
1318.44
1314.19
1219.49
1056.46
891.555
789.444
768.475
986.982
1315.97
1333.66
1346.75
1349.99
1348.1
1339.96
1319.94
1167.61
888.145
1013.69
1227.59
1299.35
1314.23
1319.13
1324.41
1328.68
1329.61
1326.17
1315.58
1290.1
1285.33
1318.36
1318.42
1318.45
1315.41
1254.78
1128.25
989.076
959.749
1203.46
1353.46
1363.1
1363.95
1363.19
1363.7
1363.15
1353.36
1256.05
1157.15
1213.34
1297.26
1324
1333.16
1336.87
1339.08
1341.58
1344.06
1346.05
1347.76
1350.44
1359.02
1077.34
1262.68
1318.23
1318.35
1318.14
1310.58
1241.06
1232.16
1342.36
1358.45
1363.59
1363.03
1366.98
1363.23
1364.69
1363.08
1275.68
1308.59
1318.11
1331.73
1340.49
1345.95
1348.21
1348.76
1349.59
1351.5
1354.32
1357.67
1361.56
1367.98
433.315
634.878
878.497
1051.95
1166.86
1218.08
1221.25
1208.84
1228.88
1191.62
1147.79
1227.27
1362.5
1366.84
1363.23
1364.02
1295.4
1335.5
1347.04
1349.65
1352.43
1355.04
1356.26
1356.17
1355.81
1356.26
1358.08
1360.91
1364.77
1372.63
226.091
248.103
311.199
412.094
535.994
654.368
737.132
726.621
654.934
587.102
529.279
597.551
891.928
1278.72
1366.29
1351.5
1322.57
1348.9
1356.88
1360.34
1362.62
1364.19
1365.23
1365.8
1365.78
1365.61
1366.13
1367.85
1371.82
1382.07
220.407
220.181
220.616
220.969
232.27
256.221
281.384
282.147
261.457
244.827
239.506
274.651
417.37
777.895
1193.82
1323.55
1339.22
1350.41
1359.36
1366.54
1371.53
1374.8
1377.08
1378.93
1380.09
1380.44
1380.46
1381.1
1384.78
1394.14
220.407
220.615
220.304
220.828
220.41
221.03
220.792
221.208
220.992
221.551
221.054
253.384
382.383
688.137
1125.26
1319.21
1336.24
1346.71
1360.29
1372.1
1380.75
1386.49
1390.19
1392.67
1394.14
1394.78
1394.87
1395.26
1398.26
1404.87
220.615
220.407
220.828
220.43
221.03
220.776
221.208
221.284
221.551
221.085
221.888
279.212
451.619
800.957
1225.99
1318.74
1329.78
1349.78
1369.06
1383.17
1392.05
1397.2
1400.27
1402.08
1403.28
1404.12
1404.7
1405.48
1408.12
1412.65
221.159
220.828
220.478
221.03
220.859
221.208
225.454
223.441
221.358
221.684
236.985
333.238
571.176
943.618
1269.39
1316.17
1343.12
1371
1388.22
1397.11
1401.03
1402.65
1403.55
1404.55
1405.98
1407.74
1409.51
1411.41
1414.4
1418.01
224.147
220.841
221.03
220.968
221.207
227.848
238.749
232.794
222.081
225.105
268.877
414.525
706.027
1097.53
1298.65
1342.25
1375.79
1394.38
1402.22
1402.13
1399.6
1397.63
1397.16
1398.75
1402.11
1406.39
1410.66
1414.67
1418.92
1422.52
228.359
224.332
222.838
225.482
229.03
241.258
255.159
246.51
232.319
244.187
320.083
528.364
855.149
1221.95
1334.89
1376.72
1397.2
1397.44
1396.05
1384
1376.93
1371.62
1373.93
1382.94
1393.65
1403.4
1411.42
1418.07
1423.92
1428.07
233.475
231.781
230.834
236.235
242.076
256.953
270.959
259.322
250.027
277.294
398.007
657.904
1029.68
1304.71
1371.25
1393.95
1394.39
1377.16
1336.77
1309.43
1316.35
1324.08
1351.32
1378.18
1396.79
1408.79
1417.37
1424.59
1431.25
1435.46
240.335
240.685
241.975
248.893
256.006
274.484
286.716
271.1
270.936
322.017
504.211
795.314
1209.75
1355.56
1382.93
1382.82
1342.94
1300.35
1299.37
1300.36
1323.24
1358.98
1387.51
1405.18
1415.98
1422.95
1428.16
1433.6
1439.24
1441.14
249.946
251.119
254.279
261.722
270.759
295.827
304.257
285.574
295.542
384.304
621
1006.26
1316.38
1373.08
1372.93
1312.46
1300.21
1299.97
1322.24
1355.24
1385.66
1409.73
1421.64
1427.64
1431.28
1433.9
1436.24
1439.53
1441.17
1441.22
263.398
264.558
268.855
275.845
288.365
322.711
326.089
306.389
330.19
473.844
780.148
1216.74
1361.28
1367.91
1337.53
1312.23
1331.68
1360.16
1388.82
1410.65
1423.7
1431.21
1433.01
1433.23
1433.49
1434.06
1434.51
1436.02
1440.44
1440.8
281.829
282.218
287.075
293.185
311.125
355.742
356.109
339.315
386.095
601.94
1011.16
1318.39
1373.76
1369.4
1354.95
1364.64
1390.88
1411.77
1424.05
1431.05
1433.12
1433.08
1432.66
1430.98
1427.44
1422.53
1415.38
1410.67
1398.68
1376.97
306.46
304.804
309.311
316.472
341.212
395.98
399.896
397.666
489.015
786.021
1200.28
1357.49
1382.8
1386.71
1394.26
1410.25
1423.01
1430.19
1432.65
1433.24
1433.3
1433.04
1431.4
1426.03
1415.06
1396.97
1362.9
1355.88
1289.02
1102.2
338.894
333.211
335.96
348.702
383.715
448.89
468.713
507.41
683.657
1031.24
1310.89
1377.47
1393.15
1403.86
1416.2
1426.19
1430.75
1432.14
1432.75
1433.33
1433.71
1433.61
1432.23
1426.94
1414.81
1388.15
1339.71
1339.65
1097.05
937.097
381.341
368.676
369.864
395.513
448.708
529.178
585.576
706.453
969.299
1259.48
1367.78
1392.14
1402.96
1412.92
1421.64
1426.9
1429.72
1431.41
1432.84
1433.99
1434.89
1435.31
1435.09
1433.29
1427.91
1415.44
1388
1353.65
1031.27
1002.82
438.191
415.108
419.355
467.08
550.58
656.556
772.015
979.033
1238.01
1359.13
1390.8
1401.45
1409.08
1416.16
1421.64
1425.56
1428.42
1430.99
1433.28
1434.99
1435.93
1436.11
1436.46
1436.5
1436.71
1436.54
1430.66
1396.43
1195.31
1157.27
520.226
485.025
500.979
579.301
701.692
839.308
1010.27
1218.58
1346.4
1385.91
1398.83
1405.66
1411.55
1416.99
1421.45
1424.87
1427.85
1430.76
1433.54
1435.61
1435.98
1436.8
1436.47
1437.46
1436.92
1437.61
1437.15
1437.26
1403.73
1345.97
645.604
604.478
640.916
752.112
905.61
1057.51
1209.76
1322.17
1372.14
1391.97
1401.14
1406.84
1412.15
1417.57
1422.14
1425.21
1427.35
1429.03
1430.17
1430.25
1428.39
1417.82
1431.65
1436.58
1438.5
1437.27
1438.79
1437.57
1438.08
1430.25
828.503
800.219
861.397
986.765
1126.93
1233.44
1303.36
1348.13
1377.47
1394.08
1401.69
1406.53
1412.3
1418.67
1423.19
1424.6
1423.62
1419.68
1411.17
1394.01
1349.78
1258.48
1277.38
1412.48
1436.66
1438.88
1437.61
1438.92
1437.91
1438.19
1051.04
1052.53
1125.61
1210.96
1277.56
1311.54
1331.63
1356.88
1381.37
1395.74
1400.47
1404.74
1412.56
1420.13
1422.99
1420.75
1412.33
1394.84
1363.96
1304.41
1137.26
831.244
758.162
1200.77
1406.64
1436.94
1439.16
1437.93
1438.91
1438.27
1231.54
1252.38
1300.6
1323.18
1332.29
1336.62
1345.38
1364.87
1385.9
1395.45
1395.64
1401.11
1413.52
1420.56
1420.58
1411.37
1388.41
1349.72
1305.25
1183.81
781.674
369.675
297.865
648.576
1258.1
1407.36
1437.02
1438.53
1437.74
1433.67
1303.1
1310.55
1329.37
1342.24
1343.55
1343.95
1349.26
1367.08
1384.55
1389.06
1385.11
1397.54
1416.8
1420.43
1415.77
1393.47
1351.25
1312.07
1254.95
931.121
374.838
256.5
247.569
284.064
845.535
1307.5
1417.14
1429.79
1428.39
1427.36
1281.92
1264.07
1271.94
1283.22
1278.17
1264.22
1258.71
1282.1
1345.12
1360.59
1356.54
1393.8
1420.12
1420.37
1406.86
1367.74
1320.92
1289.77
1096.34
489.712
256.563
249.905
256.496
250.784
533.267
1233.88
1390.13
1405.29
1407.34
1420.97
1191.92
1150.26
1143.53
1152.87
1147.47
1137.58
1136.48
1167.15
1231.3
1257.88
1327.55
1403.14
1420.16
1420.05
1392.67
1343.5
1307.25
1193.94
653.602
257.029
250.674
256.496
247.149
256.496
398.284
1108.1
1366.13
1378.88
1375.27
1410.78
1137.17
1119.9
1120.61
1120.36
1123.64
1136.84
1163.35
1211.41
1233.39
1260.13
1352.16
1413.87
1419.9
1411.59
1375.91
1332.94
1258.66
806.047
285.714
251.286
256.496
249.64
256.496
250.214
325.227
781.47
1334.91
1377.62
1361.87
1403.27
1171.07
1120.61
1119.86
1120.61
1142.4
1185.05
1242.06
1292.29
1300.73
1330.17
1388.47
1418.35
1418.72
1398.92
1360.35
1313.16
969.329
341.163
251.906
256.496
250.978
256.496
247.332
256.496
333.89
581.17
889.979
1042.58
906.348
1157.67
1258.28
1164.09
1120.61
1120.53
1154.51
1209.46
1250.01
1281.81
1318.06
1355.07
1400.27
1418.12
1412.22
1385.13
1341.05
1091.4
458.902
252.413
256.496
251.77
256.496
249.93
256.496
251.452
377.75
631.812
712.303
739.506
720.803
901.207
1324.82
1263.86
1161.78
1122.57
1143.84
1178.69
1197.3
1197.86
1244.71
1334.34
1403.28
1417.81
1405.54
1359.68
1138.64
601.937
254.679
256.496
251.948
256.496
251.849
256.496
248.35
256.496
410.747
678.867
740.823
720.792
716.93
865.391
1345.34
1331.09
1268.69
1178.91
1146.13
1146.58
1146.87
1147.01
1167.05
1303.78
1405.22
1417.27
1380.3
1199.07
689.03
310.546
256.496
252.053
256.496
253.045
256.496
250.488
256.496
253.285
438.251
702.702
771.103
747.291
720.793
883.755
1344
1348.75
1334.36
1282.86
1214.24
1187.72
1186.67
1187.86
1189.37
1317.84
1407.3
1407.85
1334.9
858.665
370.767
256.496
253.616
256.495
253.713
256.495
252.565
256.496
249.98
256.496
467.581
722.622
796.851
786.782
718.393
928.123
1332.95
1348.65
1349.79
1335.51
1302.68
1272.99
1266
1267.01
1264.92
1350.25
1406.75
1391.21
1209.69
593.511
283.968
256.269
256.495
254.245
256.495
254.029
256.495
251.613
256.495
255.005
503.224
743.261
824.075
816.043
720.794
988.67
1305.32
1343.78
1351.23
1347.2
1335.32
1320.88
1313.03
1313.2
1315.22
1360.56
1400.06
1379.36
1047.33
449.263
280.262
256.662
255.166
256.495
254.791
256.495
253.714
256.495
252.19
256.495
554.144
777.451
854.741
865.505
786.504
1076.35
1294.3
1335.47
1351.17
1349.81
1342.45
1333.27
1326.01
1325.29
1331.94
1358.95
1379.73
1326.71
789.431
385.134
285.554
259.194
256.495
255.182
256.495
254.55
256.495
253.239
256.495
271.631
625.803
833.985
904.329
942.261
953.821
1212.54
1294.29
1320.37
1347.78
1349.87
1345.46
1337.49
1329.37
1322.96
1326.42
1342.42
1353.85
1092.49
504.026
349.769
285.141
257.244
255.244
256.522
254.819
256.495
254.862
256.495
254.905
332.824
723.787
910.847
986.96
1055.05
1167.73
1317.57
1294.33
1294.37
1335.4
1347.07
1344.88
1339.05
1332.35
1319.32
1292.85
1300.48
1256.62
739.262
333.412
290.38
264.459
254.673
256.495
254.32
256.495
255.698
256.495
255.642
256.495
449.209
869.968
1033.23
1111.98
1217.8
1319.11
1367.06
1294.34
1294.4
1311.95
1328.9
1333.32
1328.35
1301.67
1240.1
1223.92
1244.31
1109.35
575.169
289.784
256.495
253.47
256.495
253.529
256.495
255.616
256.542
274.176
278.89
315.363
673.876
1097.46
1205.58
1265.61
1329.67
1366.21
1372.71
1305.8
1294.41
1295.15
1303.93
1302.39
1267.45
1201.85
1197.96
1197.92
1202.15
1057.02
571.967
290.652
253.584
256.495
253.181
256.495
254.763
258.536
307.442
362.512
393.818
499.55
1007.19
1293.2
1318.95
1345.41
1366.26
1372.71
1372.72
1327.75
1312.01
1308.73
1310.8
1302.39
1274.52
1239.62
1209.72
1196.52
1147
978.725
577.33
302.742
256.495
252.948
256.495
254.127
256.495
299.406
432.57
511.216
561.318
705.157
1207.76
1344.35
1361.8
1370.34
1372.72
1372.72
1360.06
1337.91
1332.93
1330.2
1330.67
1329.11
1323.47
1314.48
1288.95
1212.12
1078.24
858.094
574.149
327.203
254.731
256.495
254.097
256.495
262.307
388.04
581.257
635.535
654.318
738.889
968.077
1278.38
1344.64
1348.48
1371.78
1372.6
1324.1
1337.94
1337.92
1337.96
1337.91
1337.97
1337.9
1337.93
1337.8
1212.01
983.889
779.642
578.198
373.709
256.495
254.578
256.495
256.137
303.572
506.503
664.713
665.357
657.266
659.389
663.144
769.588
941.275
1092.73
1324.75
1351.7
1323.98
1337.65
1337.58
1337.92
1338
1337.91
1337.94
1337.83
1301.19
1157.98
988.853
844.233
684.849
493.546
285.188
256.495
256.006
277.492
398.828
585.596
657.26
642.28
603.023
573.195
574.065
573.445
589.645
651.837
819.324
1277.56
1323.98
1332.39
1332.75
1337.12
1337.9
1326.66
1271.02
1203.68
1161.33
1158.69
1146.89
1113.25
1011.82
765.374
414.022
270.258
265.101
337.891
489.788
577.946
576.232
571.958
572.307
572.993
573.181
574.065
573.179
575.106
581.841
840.813
1286.52
1327.17
1326.9
1323.14
1293.98
1213.9
1197.15
1197.24
1209.94
1249.59
1277.28
1268.37
1216.05
1037.81
639.157
323.608
293.804
394.709
506.198
505.51
515.971
561.61
598.732
604.734
586.823
573.907
575.106
575.279
576.179
698.096
1048.06
1319.5
1318.76
1294.03
1226.41
1205.74
1205.44
1242.62
1293.59
1319.08
1320.95
1303.99
1267.5
1152
800.688
393.681
323.992
405.592
465.14
465.424
548.003
656.832
727.947
719.615
650.11
576.513
575.279
576.179
604.717
776.514
1029.64
1311.75
1303.39
1262.04
1226.48
1231.06
1267.99
1312.51
1334.28
1334.48
1323.36
1304.57
1276.83
1180.54
879.09
470.769
336.24
386.222
410.886
495.136
707.332
873.11
958.053
917.773
775.834
627.389
586.274
602.342
699.308
921.496
1121.59
1308.81
1290.09
1265.03
1262.26
1290.88
1323.28
1339.88
1340.03
1329.47
1308.84
1287.77
1266.69
1185.29
949.753
557.332
342.279
363.659
400.855
663.889
1003.09
1147.02
1203.34
1161.68
980.441
768.755
677.437
716.734
871.206
1092.21
1217.74
1311.81
1294.87
1289.6
1307.64
1328.66
1341.14
1341.3
1332.64
1310.87
1281.65
1264.48
1263.86
1228.37
1059.49
666.799
375.238
374.221
496.901
993.319
1261.35
1313.08
1326.67
1311.8
1221.17
1014.36
886.24
934.628
1091.32
1236.32
1270.68
1321.53
1311.43
1317.41
1331.47
1341.73
1345
1340.85
1328.19
1312.98
1299.74
1295.28
1297.53
1289.1
1154.56
799.293
491.014
477.672
800.231
1271.02
1335.91
1336.97
1335.96
1336.92
1333.11
1247.61
1158.2
1184.06
1264.87
1310.27
1305.24
1334.49
1329.69
1334.96
1343.34
1349.37
1351.41
1349.77
1348
1346.94
1345.54
1342.32
1335.03
1315.97
1220.66
973.941
738.526
748.456
1144.7
1335.83
1340.37
1335.98
1340.99
1335.98
1338.18
1335.89
1320.91
1315.34
1330.2
1335.21
1329.03
1346.35
1343.48
1346.76
1353.09
1359.43
1364.89
1370.16
1375.46
1374.43
1366.75
1354.79
1334.12
1315.3
1293.89
1221.65
1092.74
1104.51
1289.59
1306.76
1313.37
1341.03
1335.89
1341.1
1335.79
1294.17
1252.97
1280.21
1329.58
1335.18
1335.23
1356.26
1354.12
1356.82
1363.26
1370.9
1377.99
1382.32
1377.8
1354.08
1337.06
1325.98
1303.94
1316.52
1367.08
1386.45
1362.89
1334.48
1211.61
1021.05
1002.94
1103.2
1141.58
1096.2
1002.35
906.922
874.026
935.957
1044.92
1216.79
1335.11
1364.67
1363.03
1365.87
1372.36
1379.16
1383.05
1382.16
1321.09
1241.21
1230.76
1234.23
1277.18
1362.04
1413.32
1414.82
1412.83
1360.21
1058.2
893.21
892.461
900.96
872.523
803.646
713.909
646.969
646.443
646.986
668.303
854.791
1155.45
1371.83
1370.5
1373.09
1378.41
1382.92
1382.9
1360
1232.6
1229.56
1232.45
1250.42
1363.22
1413.89
1415.7
1413.62
1410.17
1273.02
1039.53
1003.81
1032.16
1037.65
994.406
897.736
769.01
652.348
646.982
646.449
647
728.633
986.02
1377.79
1376.32
1377.77
1380.92
1381.37
1369.72
1295.07
1230.45
1232.45
1293.79
1375.77
1414.27
1415.84
1414.01
1362.31
1258.04
1134.97
1120.93
1200.72
1229.31
1224.28
1192.66
1110.05
935.208
755.879
670.339
652.193
676.389
824.256
1061.97
1382.64
1380.51
1379.7
1378.57
1370.54
1336.11
1230.62
1232.45
1297.84
1392.59
1414.89
1416.05
1414.46
1384.04
1036.22
932.892
1067.51
1247.35
1309.69
1318.01
1313.9
1309.41
1284.21
1144.64
955.924
835.802
788.342
844.504
1037.53
1197.7
1386.78
1383.65
1379.77
1372.9
1354.53
1306.96
1232.46
1285.44
1389.07
1415.32
1416.09
1414.89
1390.62
1097.25
674.618
713.336
1049.53
1276.36
1339.86
1351.65
1350.86
1349.33
1341.78
1285.01
1178.22
1097.15
1046.8
1103.04
1230.46
1280.71
1390.88
1387.1
1381.18
1371.68
1353.14
1317.19
1303.91
1377.85
1415.57
1416.2
1415.19
1376.18
1234.96
749.61
540.26
613.061
934.686
1113.24
1319.62
1352.29
1354.29
1352.32
1349.06
1325.77
1307.89
1281.17
1259.17
1280.54
1307.89
1298.92
1395.42
1391.62
1385.5
1376.89
1364.35
1354.01
1376.38
1408.78
1416.04
1415.78
1377.13
1272.17
1031.31
608.955
538.949
545.7
595.336
578.421
988.322
1330.49
1352.1
1336.73
1185.4
1211.95
1326.39
1326.63
1326.52
1326.65
1326.53
1309.35
1399.91
1395.77
1390.14
1382.8
1376.97
1384.98
1405.09
1415.81
1416.21
1402.47
1333.74
1258.54
978.12
609.282
537.743
458.464
253.394
184.369
423.155
881.78
1112.82
1058.89
890.659
866.892
1099.2
1270.62
1326.52
1326.45
1326.57
1326.53
1402.27
1394.32
1392.21
1383.93
1382.96
1401.92
1415.48
1416.3
1415.67
1394.98
1337.17
1307.25
954.303
621.946
523.478
327.183
84.4419
87.5885
252.165
577.497
819.476
874.986
801.301
717.907
717.768
827.162
967.243
1056.43
1049.84
1204.36
1397.76
1365.3
1391.39
1381.35
1385.22
1411.84
1416.38
1415.45
1402.72
1289.55
1300.53
1270.97
915.536
607.378
425.496
165.062
40.8094
70.6257
249.539
549.933
769.351
838.643
809.075
724.637
687.426
688.438
687.923
700.005
690.648
855.926
1365.74
1209.83
1388.16
1367.43
1384.64
1412.28
1415.18
1400.55
1073.94
891.761
1015.55
1031.4
764.222
489.391
243.244
69.7916
33.559
62.5257
257.204
596.141
805.025
847.967
807.458
729.5
688.437
687.826
688.437
694.873
690.308
891.233
970.54
595.87
806.28
1162.85
1377.19
1395.31
1397.6
1047
475.563
468.892
534.801
556.146
432.884
266.359
105.453
36.7814
32.0706
50.5134
242.45
630.301
882.462
923.651
862.479
790.996
761.301
791.859
849.696
902.579
950.621
1311.96
561.004
493.346
502.393
642.6
1063.66
1269.89
1162.49
701.988
251.294
173.979
198.733
197.335
149.051
95.1771
45.7287
32.1467
33.5487
36.9978
193.695
635.82
970.255
1030.17
965.61
922.895
937.056
1001.03
1077.57
1167.5
1319.87
1388.2
493.338
493.321
493.356
515.367
731.38
914.548
859.581
551.738
193.991
63.7471
71.3945
62.376
43.8278
35.634
32.3673
33.539
31.6521
33.5494
131.182
599.965
1022.32
1109.86
1071.67
1039.52
1101.09
1182.69
1272.9
1343.11
1388.24
1388.72
599.407
493.342
545.363
614
698.009
782.573
771.779
534.13
152.061
33.1867
34.4632
32.9487
33.5222
32.1625
33.5298
31.7569
33.539
32.5425
84.5847
532.031
1039.76
1142.42
1140.52
1127.94
1213.91
1301.07
1359.18
1388.01
1388.81
1388.37
1009.37
651.987
704.581
746.129
798.329
873.398
835.687
491.303
90.6857
33.5099
32.1418
33.5145
32.142
33.5216
31.7645
33.5299
31.9188
33.5394
56.6979
437.988
1056.26
1151.84
1161.81
1196.07
1289.78
1356.62
1387.72
1388.85
1387.74
1244.36
1353.89
1085.25
943.191
902.299
910.99
958.939
864.858
402.452
47.4053
31.7697
33.5091
31.9447
33.5154
31.8632
33.5225
31.7645
33.5309
32.6785
42.4316
329.919
1077.37
1152.72
1163.4
1254.11
1335.69
1381.6
1388.67
1387.76
1347.03
1220.89
1379.01
1357.37
1235.53
1100.15
1050.09
1041.79
859.317
275.013
33.0421
33.504
31.6924
33.5095
31.8517
33.5158
31.8674
33.523
32.158
33.5313
36.8955
247.829
1087.61
1157.41
1169.57
1292.31
1359.92
1387.73
1387.39
1367.44
1220.49
1219.69
1379.13
1379.14
1367.01
1300.19
1200.41
1090.75
685.884
154.579
33.5111
31.771
33.5096
31.7097
33.5158
31.9938
33.523
31.9532
33.5313
32.8612
35.6829
191.445
1053
1176.46
1202.9
1320.56
1372.84
1387.15
1380
1258.08
1219.71
1220.47
1373.77
1379.12
1379.23
1378.04
1298.89
1100.6
449.996
79.7909
32.4746
33.5095
31.6911
33.5158
32.0373
33.523
32.0669
33.5313
32.3942
33.5404
35.579
149.522
1017.08
1185.07
1260.31
1344.58
1378.12
1382.9
1327.26
1220.88
1221.63
1220.51
1289.74
1379.04
1379.14
1379.25
1328.28
884.334
197.616
38.0585
33.5159
31.7992
33.5158
31.9531
33.5229
32.2271
33.5312
32.1718
33.5404
33.0174
36.1016
122.723
972.077
1203.1
1297.78
1355.03
1374.35
1356.05
1250.17
1222.39
1220.86
1275.39
1180.16
1371.97
1379.26
1378.8
1188.69
399.849
44.4499
33.5231
32.1212
33.5158
31.9015
33.5229
32.3445
33.5312
32.2484
33.5403
32.648
33.55
36.5249
101.507
827.407
1245.83
1314.83
1355.7
1361.34
1331.21
1223.56
1222.04
1282.29
1358.28
1165.56
1225.27
1344.73
1276.79
656.611
89.771
33.5313
32.4704
33.5229
32.0171
33.5229
32.3253
33.5312
32.4237
33.5403
32.4076
33.55
33.113
36.3516
77.3901
528.358
1257.51
1321.68
1352.19
1349.28
1322.05
1271.79
1326.49
1358.33
1358.45
1173.43
1143.55
1194.39
954.365
337.776
50.2912
32.9526
33.5312
32.3093
33.5229
32.2146
33.5312
32.611
33.5403
32.4316
33.55
32.8582
33.5601
36.051
62.0114
247.964
1019.22
1315.51
1339.91
1336.58
1340.36
1345.71
1358.39
1358.46
1358.45
1173.51
1093.18
1090.75
853.108
315.964
59.3175
33.5403
32.5662
33.5312
32.3059
33.5312
32.6091
33.5403
32.6122
33.55
32.5905
33.5601
33.1543
36.2333
59.8125
149.653
537.17
1097.96
1249.83
1286.64
1345.82
1358.32
1358.46
1358.44
1358.41
1173.6
1057.82
1066.27
874.943
406.842
82.0392
33.1137
33.5403
32.5028
33.5312
32.5004
33.5403
32.8681
33.55
32.619
33.5601
32.9685
33.5704
37.1959
65.8117
145.152
381.604
766.798
1037.93
1103
1194.95
1306.1
1356.16
1354.19
1331.13
1173.67
966.377
1022.11
909.143
460.523
106.173
33.55
32.7091
33.5403
32.5727
33.5403
32.8166
33.55
32.7959
33.5601
32.7649
33.5704
33.1988
39.0156
82.1178
223.115
428.78
697.868
936.769
1008.27
1008.33
1049.72
1166.48
1120.08
1190.98
1082.46
913.032
974.398
907.595
521.256
136.016
33.3367
33.55
32.6813
33.5403
32.777
33.55
33.066
33.5601
32.8045
33.5704
33.0503
33.5808
42.2825
129.175
413.428
700.358
866.466
970.388
1023.99
998.878
987.112
987.78
986.097
1021.56
1029.14
897.723
923.397
916.932
619.625
185.864
33.5601
32.8786
33.55
32.758
33.55
33.0118
33.5601
32.9674
33.5704
32.8854
33.5808
33.2329
49.967
249.195
679.735
960.438
1088.8
1132.59
1120.85
1070.34
987.782
986.588
987.389
986.843
1004.38
897.596
896.871
896.86
735.591
278.052
35.778
33.5601
32.844
33.55
32.9287
33.5601
33.1907
33.5704
32.9467
33.5808
33.1324
33.5913
63.2568
439.158
937.463
1124.49
1193.89
1205.47
1188.94
1141.73
1034.65
987.782
986.811
1041.75
993.212
898.325
897.595
897.507
882.683
450.201
58.034
33.18
33.5601
32.9855
33.5601
33.1584
33.5704
33.1442
33.5808
33.0008
33.5912
33.4182
84.6896
599.514
1096.84
1213.97
1237.74
1241.09
1239.92
1221.93
1162.82
1104.91
987.842
1201.49
1077.11
898.798
898.324
969.995
1010.95
703.994
156.018
33.5704
33.047
33.5601
33.1362
33.5704
33.2681
33.5808
33.1102
33.5912
33.2748
33.6014
113.838
662.485
1163.1
1254.61
1271.4
1280.96
1284.55
1280.81
1258.3
1226.55
1196.98
1295.94
1270.67
909.426
916.731
987.789
1067.6
981.63
421.943
34.0509
33.5704
33.2807
33.5704
33.3959
33.5808
33.2364
33.5912
33.1271
33.6013
39.2331
152.08
667.925
1180
1284.66
1304.84
1314.36
1317.37
1311.9
1295.86
1282.02
1292.77
1335.6
1363.55
1252.23
1071.71
988.449
1089.79
1120.88
743.987
55.2481
33.4444
33.5704
33.4774
33.5808
33.4886
33.5912
33.2573
33.6013
33.5283
61.0102
207.527
648.82
1162.01
1297.68
1319.53
1327.68
1327.6
1314.63
1295.58
1293.69
1313.97
1348.84
1382.31
1358.84
1259.45
1130.44
1106.15
1140.47
947.439
143.193
39.1494
36.3826
35.3874
35.3345
34.0149
33.4873
33.6013
33.3185
35.5613
100.69
282.324
626.043
1045.8
1277.39
1318.64
1312.74
1293.4
1267.54
1261.11
1279.79
1320.42
1359.84
1382.45
1382.29
1351.2
1267.61
1172.63
1173.92
1094.74
346.95
72.23
56.6839
52.0595
49.2397
41.3083
34.9568
33.5333
33.6072
43.6935
147.567
377.281
646.269
947.5
1176.86
1270.53
1254.33
1225.21
1225.72
1246.94
1302.05
1347.73
1377.5
1382.8
1382.5
1378.29
1340.09
1285.89
1258.79
1261.76
625.957
163.292
111.224
101.147
91.9995
66.499
44.211
35.5032
35.035
58.2245
192.241
465.948
760.291
967.047
1112.88
1197.87
1204.37
1206.71
1246.87
1298.35
1342.22
1372.13
1389.76
1331.55
1383.03
1382.13
1367.41
1345.66
1332.51
1305.37
852.579
317.361
206.723
188.937
173.266
122.012
70.8511
45.5801
44.403
78.3139
232.738
527.781
871.316
1112.16
1185.19
1185.34
1217.16
1264.86
1305.72
1341.35
1368.31
1385.97
1395.49
1306.16
1382.1
1383.15
1376.83
1369.41
1363.57
1304.22
932.798
495.149
340.115
301.836
279.135
212.344
126.076
74.122
68.0613
106.114
271.601
616.854
1024.78
1258.04
1282.41
1283.26
1299.22
1324.4
1348.18
1368.14
1383.1
1392.97
1397.58
1303.8
1383.26
1382.1
1375.39
1347.62
1319.43
1283.37
980.406
657.881
487.453
411.841
376.611
317.018
213.634
131.832
110.619
147.582
346.222
837.349
1271.36
1327.45
1337.19
1343.32
1351.83
1362.61
1373.41
1382.96
1390.64
1395.92
1397.66
1303.36
1366.86
1369.7
1339.76
1070.16
750.895
884.944
922.763
760.201
577.941
477.329
431.23
396.128
315.094
218.115
177.037
220.077
526.274
1170.91
1328.82
1354.66
1367.43
1373.43
1377.3
1381.22
1385.33
1389.45
1393.44
1396.38
1396.33
1302.93
1283.65
1202.26
1048.51
759.33
483.279
505.47
632.402
665.239
576.532
489.556
442.222
426.342
394.83
320.87
276.349
360.101
821.55
1280.4
1350.02
1366.03
1379.21
1384.47
1385.99
1387.06
1388.54
1390.69
1393.66
1396.34
1392.35
1296.78
1056.54
1061.28
946.864
713.668
466.756
428.012
438.845
491.334
503.08
465.385
432.857
425.722
430.119
424.155
432.664
599.783
1051.85
1290.22
1333.68
1341.08
1364.41
1378.45
1381.94
1383.7
1385.67
1388.38
1391.82
1393.6
1385.55
1206.09
949.954
1139.65
1027.98
717.758
473.195
429.138
427.274
428.583
428.345
429.238
425.805
426.803
429.573
505.141
655.102
928.836
1193.11
1296.41
1297.59
1298.43
1301.85
1356.13
1369.66
1375.04
1379.48
1384.05
1388.28
1389.03
1379.19
1185.08
925.704
1169.36
1049.48
701.354
478.376
428.107
428.583
426.672
427.931
425.89
427.456
425.422
427.456
542.013
893.469
1232.47
1265.61
1296.54
1313.14
1304.93
1301.09
1302.37
1352.38
1364.46
1372.14
1378.87
1384.26
1385.04
1375.29
1219.15
847.47
1168.94
1013.42
718.05
497.511
429.138
428.326
428.583
426.702
427.931
425.662
427.456
425.669
534.143
1035.65
1324.9
1315.92
1310.04
1317.4
1324.36
1312.7
1301.86
1318.06
1350.57
1363.34
1372.72
1380
1382.15
1372.27
1203.24
845.371
926.901
901.984
779.896
575.352
455.927
429.138
428.514
428.583
426.902
427.931
425.685
427.931
508.924
999.787
1330.81
1334.37
1334.2
1327.76
1330.52
1330.2
1320.73
1318.13
1334.41
1351.87
1364.19
1373.92
1379.2
1369.18
1070.45
846.731
844.547
846.01
845.308
727.787
561.847
463.448
434.356
428.471
428.583
426.724
427.93
425.801
474.888
871.907
1313.03
1329.56
1336.87
1340.29
1345.2
1349.32
1346.97
1342.11
1341.2
1346.24
1352.78
1360.83
1370.06
1359.98
989.608
845.255
846.729
844.574
861.202
873.844
749.601
575.956
481.395
440.695
428.542
428.583
427.218
428.583
441.755
690.488
1232.58
1315.13
1331.32
1352.1
1367.27
1375.08
1374.48
1368.81
1361.72
1354.39
1346.87
1342.45
1342.95
1321.41
1027.42
847.461
846.303
846.729
845.412
891.264
891.21
747.094
591.151
493.784
449.025
434.375
428.583
428.123
429.138
543.297
1012
1317.81
1343.95
1369.28
1382.64
1392.95
1395.87
1389.92
1382.8
1373.48
1361.29
1344.48
1323.31
1304.17
1175.52
989.694
869.883
846.344
847.46
886.469
891.264
867.572
725.173
588.759
510.36
474.563
447.821
435.16
429.055
479.275
717.584
1148.66
1341.23
1370.64
1371.54
1376.16
1396.09
1396.44
1396.2
1389.69
1381.84
1370.76
1355.44
1348.41
1280.4
1237.37
1075.02
915.865
847.422
848.197
881.034
882.563
818.453
696.974
608.437
553.323
498.322
468.35
458.965
485.856
585.699
815.967
1126.08
1329.27
1351.95
1342.44
1342.48
1394.44
1396.62
1396.55
1393.52
1390.03
1387.24
1390.52
1264.27
1322.91
1286.35
1144.04
924.677
848.136
848.935
882.267
867.818
798.802
727.5
655.643
578.976
553.101
561.244
565.67
607.833
703.444
871.619
1151.74
1380.26
1343.82
1329.06
1340.74
1382.95
1392.46
1394.9
1395.63
1397.23
1401
1260.27
1339.47
1332.22
1310.82
1123.01
887.405
861.13
897.838
926.507
898.935
859.847
787.3
725.128
735.584
758.582
737.621
703.009
724.469
783
1043.37
1387.45
1397.44
1330.09
1329.07
1332.99
1373.03
1388.08
1393.68
1396.46
1397.89
1260.3
1349.27
1358.57
1340.92
1273.15
1019.57
976.666
1004.75
997.461
976.073
958.13
937.338
971.202
1027.86
1019.11
949.543
847.318
768.843
772.399
922.177
1339.48
1398.31
1398.04
1356.06
1333.65
1351.34
1379.2
1390.47
1393.25
1391.73
1260.31
1352.2
1371.89
1359.1
1304.81
1185.47
1167.6
1128.23
974.432
925.468
941.627
1027.37
1217.78
1272.94
1225.42
1116.28
987.125
828.291
773.853
860.568
1135.44
1364.25
1398.75
1398.53
1387.12
1378.24
1387.34
1392.72
1390.76
1384.22
1282.76
1352.08
1372.74
1370.5
1316.64
1280.79
1250.44
999.521
699.589
645.6
733.762
928.409
1236.34
1278.24
1276.83
1203.31
1094.57
915.691
796.242
878.317
1037.31
1206.42
1387.04
1398.97
1398.78
1399.03
1398.78
1397.7
1387.73
1371.94
1049.78
1308.74
1371.9
1372.66
1328.18
1259.27
975.717
478.647
271.104
260.705
335.073
510.528
887.621
1250.35
1278.24
1245.93
1197.49
1075.67
960.631
1019.64
1085.2
1176.81
1371.08
1392.94
1398.64
1398.86
1399.28
1398.75
1381.4
1347.49
826.457
1251.61
1372.91
1371.78
1308.59
946.33
363.206
128.59
89.4265
90.7763
108.101
147.142
280.489
759.723
1186.98
1268.99
1268.74
1267.01
1244.76
1261.03
1259.93
1258.78
1148.96
996.838
1253.9
1398.2
1398.82
1399.17
1369.62
1303.25
832.268
1201.91
1371.34
1310.65
1001.99
287.647
98.247
67.7255
67.9618
67.4865
67.9835
71.0568
85.7237
193.932
588.601
1041.46
1221.61
1252.39
1238.46
1183.59
1121.3
843.12
489.225
474.893
824.6
1275.36
1393.23
1398.44
1348.28
1222.24
965.602
1133.07
1227.75
858.695
268.919
83.4232
67.6855
67.9617
67.4841
67.9617
67.8051
68.0911
75.5596
96.7269
177.274
364.378
577.847
677.864
645.538
529.074
463.556
321.588
274.132
358.268
759.222
1266.73
1346.69
1382.19
1318.92
1099
1084.07
1083.56
804.176
269.237
74.0461
67.7131
67.9617
67.5242
67.9617
67.6828
67.9617
75.349
95.9181
130.645
173.533
192.715
224.066
254.991
252.85
232.184
223.957
229.463
254.769
357.848
849.727
1325.67
1339.71
1371.42
1309.95
1083.65
1158.85
1078.48
435.635
87.0226
67.7804
67.9617
67.7534
67.9617
67.6833
67.9617
73.1745
94.5697
132.013
182.71
229.939
231.779
226.069
224.92
223.5
216.221
210.209
214.387
224.683
279.391
836.794
1319.24
1311.02
1352.5
1334.1
1086.18
1196.94
982.515
221.126
73.575
67.9617
67.8977
67.9617
67.854
67.9617
70.8421
87.7593
120.118
165.085
216.625
254.873
254.894
239.186
221.979
209.914
198.681
184.949
168.94
152.197
147.976
437.031
1199.07
1255.57
1308.82
1305.14
974.969
1203.23
916.225
152.754
70.88
68.0511
69.4076
68.3204
68.1738
71.321
82.1176
106.238
139.5
182.609
226.253
253.568
241.466
201.288
162.1
140.36
131.495
118.478
95.1462
71.9285
57.3836
104.852
537.908
964.655
1027.48
880.97
428.042
1203.23
897.813
147.711
77.9898
77.3707
80.3412
77.1638
77.4126
83.8951
97.4905
118.612
146.542
185.174
207.913
186.665
142.959
104.565
73.1433
57.7281
54.5227
49.2426
37.2752
26.6115
22.6352
29.8578
129.939
370.558
378.574
258.486
105.46
1203.23
920.114
178.121
97.5302
95.6202
98.6322
94.8864
95.0822
99.3378
107.691
122.391
142.485
154.618
138.713
91.0169
55.6088
37.0203
23.8764
18.338
17.751
16.4967
13.6913
12.1853
14.3797
23.2295
50.5895
74.4341
79.07
82.9935
46.4474
1202.23
990.488
232.868
118.531
110.122
111.195
109.452
107.746
106.599
110.096
114.025
111.214
92.7518
66.2766
41.8941
28.3156
19.3418
12.1834
9.602
9.41662
9.09439
8.82763
9.68605
13.1732
20.2559
29.8263
37.4586
39.8933
39.6093
39.3504
1119.27
1008.65
261.908
127.632
113.683
113.089
113.06
109.459
103.53
95.8803
83.6445
63.2558
41.491
29.9263
25.9479
23.5499
17.8112
11.316
8.90967
8.7706
8.75772
8.77046
10.2438
15.5342
21.7212
25.7582
27.9755
27.9827
28.0711
33.7975
912.913
738.138
229.304
120.563
97.7594
94.5074
94.0346
87.3958
75.8375
60.6645
45.0809
30.2536
20.4719
17.4536
19.2014
21.9975
18.8879
13.7239
10.6619
9.91416
9.61623
10.2412
13.781
19.6099
23.8088
25.7895
25.7285
24.1615
23.0971
28.7584
658.392
318.582
108.726
83.0309
64.8403
59.8595
56.9819
49.7174
39.6766
30.7216
24.5337
19.2889
14.6406
12.3534
14.1454
19.0366
19.1637
16.4246
13.6831
12.8536
13.242
14.93
18.5188
21.6157
23.7426
23.1284
20.3565
17.2813
16.8798
23.2701
413.351
119.458
52.7881
47.308
39.982
36.3822
32.496
27.3329
22.7444
20.7289
20.057
17.4745
12.5245
8.99844
9.6533
13.8824
18.5908
17.2691
15.9365
15.8916
17.5467
19.6515
21.0981
21.5383
19.9965
15.3685
11.5892
10.0135
11.7219
18.9507
175.991
56.6059
36.8379
32.5287
30.8588
29.981
26.5623
22.4988
20.1019
20.0637
20.211
17.1861
10.5638
6.00821
5.93049
8.72331
15.2439
17.0083
16.6655
17.5176
19.9682
21.457
21.4673
19.1686
12.7311
7.70638
5.90472
6.35795
9.28576
16.3844
66.3943
33.8046
27.4523
25.8374
27.9236
29.6826
28.0184
25.4494
24.3788
23.7358
21.5687
16.1573
7.82993
3.48856
3.28971
5.09016
10.6544
15.3159
16.5309
17.8479
20.4132
21.4674
20.7652
13.479
6.76748
3.98919
3.79742
5.45088
8.83631
14.3292
39.468
22.2529
17.5588
19.0578
24.3465
29.7277
31.8574
32.6664
32.1669
28.4869
21.8974
12.566
4.75613
1.89253
1.81197
2.95293
6.86052
11.8289
14.4689
16.1624
18.1845
20.4844
15.1322
7.57961
3.82623
3.08755
3.31866
5.49347
8.72018
12.0946
29.0617
15.6653
9.92596
11.5423
17.696
26.6362
33.1706
35.9758
35.9891
30.0904
18.4138
7.59248
2.48602
1.23264
1.2194
1.83603
4.26502
8.06111
10.6745
11.8265
12.4277
13.1503
8.40597
4.16222
3.08755
3.08762
3.30932
5.44901
7.93759
10.9466
22.664
11.5217
5.60988
5.87613
10.0307
18.1099
28.6057
35.192
34.8363
26.0173
11.6115
3.70546
1.41879
1.08778
1.08231
1.32497
2.63797
5.09052
6.91726
7.26702
6.98766
6.6976
4.46019
3.15753
3.08763
3.10599
3.42601
5.27861
7.47184
10.9026
17.7969
9.13309
3.476
2.96815
4.62054
9.01519
16.5159
21.939
21.8711
14.994
5.66453
1.81616
1.11724
1.08267
1.08076
1.13786
1.76682
3.16203
4.20929
4.23869
4.02694
3.89858
3.34046
3.16223
3.26929
3.40459
3.69728
5.222
7.70223
10.9688
13.8349
7.56537
2.60055
1.81887
2.11709
3.63492
6.64339
8.58146
8.63716
6.09443
2.58291
1.20956
1.07536
1.08268
1.07939
1.09555
1.39233
2.08998
2.55668
2.63073
2.85569
3.28085
3.36451
3.44652
3.65488
3.69903
3.83563
5.18863
7.75692
10.1547
11.0192
5.95756
2.17715
1.40644
1.28716
1.58434
2.35924
2.75794
2.8085
2.29175
1.43842
1.07942
1.06672
1.07663
1.07804
1.10321
1.28184
1.60517
1.7333
1.91292
2.54834
3.39041
3.96031
4.09316
4.05277
3.819
3.72483
4.73316
6.76325
8.42821
8.57073
4.50022
1.85388
1.24542
1.07013
1.04835
1.15418
1.20201
1.23308
1.21519
1.11119
1.05913
1.06089
1.09796
1.1289
1.17347
1.28604
1.46875
1.46784
1.68847
2.51426
3.7266
4.67814
4.74852
4.42725
3.8668
3.59817
4.15361
5.30117
6.52682
6.21189
3.2975
1.56215
1.15154
1.02004
0.964744
0.965919
0.967148
0.968255
0.993662
1.04287
1.05538
1.13169
1.23122
1.26015
1.2542
1.29573
1.41586
1.43663
1.62506
2.46043
3.8326
5.0451
5.17225
4.78834
3.96421
3.53912
3.66773
4.07934
5.91356
3.96041
2.29447
1.28471
1.04663
0.992128
0.963579
0.964755
0.96598
0.967237
0.977667
1.057
1.18259
1.31916
1.38134
1.36248
1.28933
1.25111
1.3077
1.38559
1.55239
2.17771
3.63651
5.13034
5.3265
4.95826
3.98552
3.43017
3.40056
3.88446
6.11568
2.20021
1.48296
1.02907
0.944922
0.942851
0.958951
0.963881
0.979595
1.05265
1.19417
1.33132
1.4546
1.48141
1.45368
1.39949
1.30055
1.19641
1.20349
1.25777
1.39001
1.78286
3.17142
5.04101
5.326
4.91021
3.76963
3.40001
3.40037
4.66847
6.18747
1.21489
1.00587
0.935727
0.934458
0.936462
0.93996
1.05257
1.23989
1.46431
1.64394
1.72669
1.67589
1.55464
1.46732
1.39584
1.27882
1.15334
1.13022
1.14137
1.18192
1.42906
2.50019
4.39285
5.18837
4.59564
3.54738
3.39994
3.94489
5.34156
5.96149
0.934365
0.934998
0.934014
0.93568
0.936974
0.998437
1.25955
1.68936
1.9911
1.9978
1.92051
1.74817
1.52761
1.41761
1.34044
1.21388
1.11782
1.09978
1.09621
1.09293
1.19024
1.85224
3.48743
4.48577
4.36798
3.81035
3.73143
4.31139
5.41966
5.58459
0.934942
0.934097
0.935506
0.942454
0.972149
1.06427
1.43916
2.07101
2.29207
2.22589
1.94192
1.70782
1.44628
1.32855
1.26817
1.16992
1.10606
1.09938
1.09855
1.0941
1.12078
1.49134
2.86314
4.02344
4.36939
4.11387
3.87141
4.24101
5.15611
5.75175
0.934659
0.935564
0.935648
0.965761
1.02935
1.17617
1.47615
2.13684
2.34167
2.34167
2.07783
1.70331
1.45505
1.27982
1.22677
1.18551
1.15586
1.14966
1.14897
1.1323
1.14545
1.39714
2.55899
3.82095
4.32775
4.07349
3.76106
4.03424
5.22323
5.99788
0.93595
0.934708
0.950965
1.00162
1.07451
1.29832
1.51915
1.74142
2.15222
2.33626
2.25006
1.90613
1.70814
1.51593
1.3859
1.30264
1.32839
1.32073
1.2976
1.23876
1.23034
1.45907
2.36836
3.56917
3.97487
3.79977
3.57818
3.98896
5.39598
5.62147
0.936161
0.937132
0.985007
1.10568
1.14035
1.27691
1.54856
1.55699
1.66307
2.01679
2.15711
2.06648
1.89638
1.76822
1.66042
1.52854
1.49712
1.46564
1.42577
1.39166
1.41652
1.57798
2.18722
3.33742
3.68979
3.5439
3.40028
3.94617
4.92817
4.80471
0.937591
0.937107
1.0307
1.34055
1.34327
1.30042
1.43549
1.57457
1.57459
1.59566
1.84711
1.9241
1.87831
1.81169
1.7525
1.70361
1.62723
1.56624
1.45234
1.50888
1.67048
1.7491
2.04039
3.23221
3.61935
3.44557
3.25407
3.58485
4.19439
4.55379
0.95526
0.94116
1.06762
1.53843
1.65672
1.46689
1.45161
1.51322
1.57459
1.53725
1.53684
1.65552
1.75504
1.77294
1.75849
1.7438
1.72856
1.6533
1.49383
1.53082
1.82917
1.9179
2.14056
3.20572
3.63009
3.41807
3.25
3.34227
4.09049
4.75991
1.06197
1.06979
1.08973
1.5661
1.86534
1.72905
1.47086
1.4559
1.50151
1.53847
1.53701
1.53657
1.62637
1.74129
1.75397
1.74965
1.74528
1.68097
1.57258
1.56924
1.91804
2.11468
2.40794
3.29394
3.65912
3.51887
3.41231
3.62112
4.24469
4.73967
1.21193
1.26496
1.1752
1.47637
1.86692
1.84909
1.56539
1.45704
1.45483
1.49741
1.53665
1.53685
1.56806
1.72051
1.74976
1.74797
1.74569
1.6808
1.58386
1.6412
2.02694
2.20871
2.42952
3.44783
3.75785
3.71843
3.63235
3.78768
4.09278
4.29096
1.33553
1.44593
1.32731
1.38252
1.76725
1.83785
1.73481
1.52742
1.45566
1.45829
1.50708
1.55312
1.60136
1.67995
1.73371
1.73981
1.74258
1.67616
1.5565
1.51418
1.82114
1.93083
2.16574
3.47001
3.79445
3.78643
3.64379
3.67511
3.64148
3.59023
1.40377
1.58086
1.49457
1.38469
1.58357
1.78811
1.80779
1.73236
1.52928
1.45834
1.46544
1.5234
1.65255
1.69545
1.70074
1.71738
1.72597
1.66432
1.497
1.37894
1.52117
1.54125
1.75349
3.17053
3.79314
3.68717
3.52113
3.36691
3.19595
3.18225
1.45555
1.63836
1.6702
1.3868
1.44968
1.72178
1.83984
1.84668
1.73851
1.53753
1.46509
1.49893
1.6226
1.72082
1.71741
1.7004
1.67822
1.6297
1.45905
1.37672
1.40329
1.40137
1.53824
2.65982
3.56127
3.50338
3.35795
3.04451
3.04635
3.16046
1.50583
1.67191
1.75187
1.59873
1.45143
1.6382
1.86299
1.90255
1.85268
1.73633
1.56692
1.50126
1.59906
1.72123
1.7285
1.7222
1.65619
1.5919
1.4894
1.41063
1.40161
1.4306
1.65224
2.40135
3.27754
3.40917
3.29472
2.96752
3.13028
3.16081
1.56134
1.70195
1.79395
1.78322
1.57672
1.57879
1.84689
1.95722
1.90499
1.84058
1.76252
1.6561
1.60269
1.68952
1.72945
1.73042
1.67124
1.58852
1.56631
1.48872
1.41535
1.45257
1.8341
2.46625
3.09498
3.4651
3.32627
2.90477
3.09083
3.16124
1.62834
1.73472
1.82763
1.88623
1.84645
1.58302
1.74145
1.98005
1.99331
1.89286
1.84828
1.84819
1.76523
1.68838
1.71945
1.73225
1.7321
1.68228
1.6288
1.60483
1.51371
1.43163
1.67247
2.47233
3.1719
3.46338
3.20576
2.60012
2.80762
3.16077
1.69818
1.76808
1.85313
1.95373
2.02025
1.86094
1.74264
1.9508
2.09355
2.01661
1.88936
1.89843
1.93841
1.85118
1.71829
1.73441
1.77684
1.86053
1.81661
1.72736
1.68641
1.42854
1.66824
2.6028
2.90628
3.11072
2.88947
2.21768
2.35793
2.89011
1.73583
1.78452
1.86591
1.98544
2.09864
2.11254
1.80825
1.80995
2.10719
2.18131
2.03606
1.89764
1.97012
2.02378
1.88489
1.73691
1.81404
1.98909
2.07308
1.92567
1.79605
1.57959
1.71697
2.7
2.74022
2.54002
2.45266
2.01917
2.05144
2.45075
1.72893
1.77144
1.85483
1.98121
2.11013
2.19808
2.18904
1.93816
1.97587
2.23341
2.2468
2.03385
1.96999
2.05257
2.07532
1.92274
1.86925
2.05519
2.16178
2.1187
1.9301
1.7691
1.71836
2.38861
2.72384
2.28632
2.06814
1.96404
1.97659
2.09401
1.68209
1.71853
1.79056
1.906
2.02322
2.19939
2.31299
2.31178
2.10178
2.15864
2.31081
2.2691
2.05393
2.05255
2.12481
2.12501
2.03735
2.06334
2.16236
2.15376
2.03291
1.84845
1.71858
1.88026
2.4546
2.25281
1.98041
1.96381
1.97076
1.91258
1.64108
1.66901
1.70711
1.7743
1.85328
2.03734
2.28381
2.37741
2.37636
2.22363
2.31003
2.35622
2.26214
2.10689
2.10769
2.17691
2.18467
2.15344
2.1632
2.13626
2.02691
1.8765
1.72066
1.71754
2.07653
2.21322
2.05612
1.9836
1.92544
1.8468
1.63129
1.65654
1.67102
1.69397
1.72878
1.84903
2.09308
2.3266
2.37689
2.36413
2.3181
2.35542
2.35017
2.22191
2.11598
2.14341
2.21812
2.25096
2.21693
2.1179
2.00381
1.90132
1.74359
1.72318
1.80004
2.18263
2.15962
2.03427
1.90953
1.84652
1.61871
1.65275
1.66501
1.67352
1.68853
1.75577
1.90232
2.04303
2.12081
2.15464
2.23057
2.27378
2.2782
2.23475
2.15977
2.14348
2.22587
2.26009
2.26382
2.16105
2.01535
1.90715
1.77043
1.72118
1.72654
2.17178
2.24345
2.10611
1.88066
1.84961
1.6044
1.64455
1.65699
1.66247
1.67699
1.71575
1.78583
1.81779
1.83417
1.84496
1.91688
1.9806
2.02229
2.06331
2.09297
2.16011
2.2238
2.2594
2.2635
2.14437
2.04834
1.93116
1.77753
1.72735
1.72847
2.18377
2.33376
2.19114
1.89034
1.85517
1.60635
1.64669
1.65825
1.67518
1.72345
1.80229
1.85607
1.85046
1.83426
1.83413
1.83399
1.8519
1.90383
1.9639
2.03266
2.10671
2.14133
2.144
2.14111
2.12558
2.06716
1.92258
1.76951
1.72724
1.80576
2.29216
2.50812
2.2993
1.86714
1.85634
1.6221
1.66726
1.68159
1.71276
1.77905
1.89586
1.95321
1.95335
1.94803
1.91352
1.90765
1.9319
1.9659
1.99784
2.01465
2.01794
1.98102
1.94191
2.00144
2.04364
1.99666
1.89248
1.80993
1.74164
1.97381
2.54916
2.74682
2.38368
1.85822
1.85947
1.62757
1.6787
1.69518
1.72883
1.78013
1.85076
1.9244
1.95277
1.92099
1.89445
1.89661
1.92143
1.95304
1.97717
1.97895
1.94244
1.90254
1.90277
1.91393
1.91016
1.89124
1.88511
1.83209
1.78873
2.25026
2.81377
2.88894
2.40491
1.85952
2.18696
1.58866
1.65285
1.67278
1.7025
1.73099
1.73441
1.76084
1.82885
1.84242
1.85859
1.87782
1.89957
1.92651
1.94974
1.95346
1.90634
1.90235
1.90267
1.87136
1.86871
1.87187
1.87738
1.78566
1.81112
2.40579
2.90628
2.89944
2.36834
2.22729
2.77961
1.49206
1.57728
1.6062
1.6315
1.64476
1.62386
1.62105
1.69218
1.79088
1.84848
1.873
1.88403
1.90372
1.9363
1.94479
1.99332
1.93114
1.87168
1.865
1.86696
1.90449
1.86173
1.65105
1.70058
2.38225
2.90557
2.77448
2.57834
2.79691
3.0618
1.37944
1.47489
1.52124
1.55461
1.57431
1.56162
1.54263
1.59985
1.75338
1.83475
1.84666
1.83062
1.87673
1.9471
2.07844
2.0862
1.88913
1.86133
1.86326
1.90107
1.90558
1.76239
1.55194
1.55194
2.02043
2.58078
2.62648
2.8456
2.9222
2.87145
1.29394
1.38467
1.45364
1.50372
1.5336
1.52674
1.46999
1.49615
1.67211
1.76315
1.73261
1.70255
1.86009
2.09186
2.20624
2.08562
1.86107
1.85987
1.86996
1.90221
1.89575
1.62647
1.55146
1.55296
1.58259
1.97905
2.45637
2.82702
2.92078
2.37432
1.23635
1.31835
1.40117
1.4619
1.49266
1.48462
1.43691
1.43609
1.55624
1.60729
1.54737
1.61126
1.95127
2.20641
2.2059
1.91299
1.86033
1.8589
1.88558
1.88481
1.72722
1.55347
1.55443
1.55257
1.55621
1.5636
2.08341
2.40583
2.36698
2.01241
1.20899
1.28411
1.36609
1.42477
1.44708
1.43881
1.43722
1.4363
1.47081
1.47119
1.47169
1.60917
1.99913
2.18254
2.04136
1.86037
1.85886
1.85735
1.85593
1.75209
1.57471
1.55553
1.55401
1.55533
1.55591
1.55882
1.77391
1.97747
1.98317
1.98962
)
;

boundaryField
{
    inlet
    {
        type            calculated;
        value           nonuniform List<scalar> 
30
(
935.811
918.127
898.965
897.457
901.509
916.165
983.009
1099.66
1147.23
1157.8
1155.15
1115.74
1032.61
996.309
1032.63
1040.04
1018.1
923.454
879.835
872.754
872.614
913.234
980.383
1003.4
975.996
918.846
939.923
1113.02
1148.39
1148.39
)
;
    }
    outlet
    {
        type            calculated;
        value           nonuniform List<scalar> 
30
(
1.209
1.28412
1.36611
1.42478
1.44709
1.43882
1.43722
1.4363
1.47082
1.47119
1.47169
1.60917
1.99913
2.18254
2.04136
1.86037
1.85886
1.85734
1.85593
1.75209
1.5747
1.55553
1.55401
1.55533
1.55591
1.55881
1.7739
1.97746
1.98316
1.98962
)
;
    }
    walls
    {
        type            calculated;
        value           nonuniform List<scalar> 
400
(
935.452
898.281
903.385
1025.24
1232.42
1316.56
1317.33
1318.66
1318.54
824.708
417.629
408.036
408.32
408.599
408.763
439.818
517.702
621.225
733.918
853.532
980.986
1110.09
1227.05
1309.58
1348.08
1349.88
1349.81
1313.78
1318.44
1318.36
1077.34
433.315
226.091
220.407
220.407
220.615
221.159
224.147
228.359
233.475
240.335
249.946
263.398
281.829
306.46
338.894
381.341
438.191
520.226
645.604
828.503
1051.04
1231.54
1303.1
1281.92
1191.92
1137.17
1171.07
1258.28
1324.82
1345.34
1344
1332.95
1305.32
1294.3
1294.29
1294.33
1294.34
1305.8
1327.75
1337.91
1337.94
1337.65
1332.39
1327.17
1319.5
1311.75
1308.81
1311.81
1321.53
1334.49
1346.35
1356.26
1364.67
1371.83
1377.79
1382.64
1386.78
1390.88
1395.42
1399.91
1402.27
1397.76
1365.74
970.54
561.004
493.338
599.407
1009.37
1353.89
1379.01
1379.13
1373.77
1289.74
1180.16
1165.56
1173.43
1173.51
1173.6
1173.67
1082.46
1029.14
1004.38
993.212
1077.11
1270.67
1363.55
1382.31
1382.45
1382.8
1331.55
1306.16
1303.8
1303.36
1302.93
1296.78
1206.09
1185.08
1219.15
1203.24
1070.45
989.608
1027.42
1175.52
1280.4
1264.27
1260.27
1260.3
1260.31
1282.76
1049.78
826.457
832.268
965.602
1084.07
1158.85
1196.94
1203.23
1203.23
1203.23
1202.23
1119.27
912.913
658.392
413.351
175.991
66.3943
39.468
29.0617
22.664
17.7969
13.8349
11.0192
8.57073
6.21189
3.96041
2.20021
1.21489
0.934365
0.934942
0.934659
0.93595
0.936161
0.937591
0.95526
1.06197
1.21193
1.33553
1.40377
1.45555
1.50583
1.56134
1.62834
1.69818
1.73583
1.72893
1.68209
1.64108
1.63129
1.61871
1.6044
1.60635
1.6221
1.62757
1.58866
1.49206
1.37944
1.29394
1.23635
1.20899
1148.08
1079.99
922.983
815.14
815.441
815.73
816.093
873.962
1046.86
1190.02
1198.77
1154.81
1079.76
1042.08
1042.45
1078.82
1192.29
1304.5
1361.05
1383.87
1388.79
1388.84
1388.76
1369.88
1103.27
772.06
796.544
1041.5
1285.33
1359.02
1367.98
1372.63
1382.07
1394.14
1404.87
1412.65
1418.01
1422.52
1428.07
1435.46
1441.14
1441.22
1440.8
1376.97
1102.2
937.097
1002.82
1157.27
1345.97
1430.25
1438.19
1438.27
1433.67
1427.36
1420.97
1410.78
1403.27
1157.67
901.207
865.391
883.755
928.123
988.67
1076.35
1212.54
1317.57
1367.06
1372.71
1372.72
1360.06
1324.1
1323.98
1323.98
1286.52
1048.06
1029.64
1121.59
1217.74
1270.68
1305.24
1329.03
1335.23
1335.11
1155.45
986.02
1061.97
1197.7
1280.71
1298.92
1309.35
1326.53
1204.36
855.926
891.233
1311.96
1388.2
1388.72
1388.37
1244.36
1220.89
1219.69
1220.47
1220.51
1275.39
1358.28
1358.45
1358.45
1358.41
1331.13
1190.98
1021.56
986.843
1041.75
1201.49
1295.94
1335.6
1348.84
1359.84
1377.5
1389.76
1395.49
1397.58
1397.66
1396.33
1392.35
1385.55
1379.19
1375.29
1372.27
1369.18
1359.98
1321.41
1304.17
1348.41
1390.52
1401
1397.89
1391.73
1384.22
1371.94
1347.49
1303.25
1222.24
1099
1083.65
1086.18
974.969
428.042
105.46
46.4474
39.3504
33.7975
28.7584
23.2701
18.9507
16.3844
14.3292
12.0946
10.9466
10.9026
10.9688
10.1547
8.42821
6.52682
5.91356
6.11568
6.18747
5.96149
5.58459
5.75175
5.99788
5.62147
4.80471
4.55379
4.75991
4.73967
4.29096
3.59023
3.18225
3.16046
3.16081
3.16124
3.16077
2.89011
2.45075
2.09401
1.91258
1.8468
1.84652
1.84961
1.85517
1.85634
1.85947
2.18696
2.77961
3.0618
2.87145
2.37432
2.01241
1.98962
)
;
    }
    frontAndBackPlanes
    {
        type            empty;
    }
}


// ************************************************************************* //
