/*--------------------------------*- C++ -*----------------------------------*\
| =========                 |                                                 |
| \\      /  F ield         | OpenFOAM: The Open Source CFD Toolbox           |
|  \\    /   O peration     | Version:  2.3.0                                 |
|   \\  /    A nd           | Web:      www.OpenFOAM.org                      |
|    \\/     M anipulation  |                                                 |
\*---------------------------------------------------------------------------*/
FoamFile
{
    version     2.0;
    format      ascii;
    class       volScalarField;
    location    "0.378";
    object      k;
}
// * * * * * * * * * * * * * * * * * * * * * * * * * * * * * * * * * * * * * //

dimensions      [0 2 -2 0 0 0 0];

internalField   nonuniform List<scalar> 
545
(
170153
162030
149068
137886
130233
173448
162404
148671
137203
128955
179112
162708
147720
135786
126668
187678
162461
146193
133759
123171
200375
161065
144435
131586
118245
126322
124186
123507
123293
123225
123204
123197
123194
123192
123191
123191
123190
123189
123188
123188
123187
123186
123186
123185
123185
123184
123184
123183
123183
123182
123182
123181
123181
123180
123180
123180
123179
123179
123179
123179
123178
123178
123178
123178
123178
123178
123178
123177
123177
123177
125343
123886
123412
123263
123216
123201
123196
123193
123192
123191
123191
123190
123189
123188
123188
123187
123186
123186
123185
123185
123184
123183
123183
123183
123182
123182
123181
123181
123180
123180
123180
123179
123179
123179
123179
123178
123178
123178
123178
123178
123178
123178
123177
123177
123177
123919
123385
123251
123213
123200
123196
123194
123193
123192
123191
123191
123190
123189
123188
123188
123187
123186
123186
123185
123185
123184
123183
123183
123183
123182
123182
123181
123181
123180
123180
123180
123179
123179
123179
123179
123178
123178
123178
123178
123178
123178
123178
123177
123177
123177
122067
122799
123071
123157
123183
123191
123193
123192
123192
123191
123190
123190
123189
123188
123188
123187
123186
123186
123185
123185
123184
123183
123183
123183
123182
123182
123181
123181
123180
123180
123180
123179
123179
123179
123179
123178
123178
123178
123178
123178
123178
123178
123177
123177
123177
119908
122304
122927
123113
123170
123187
123191
123192
123192
123191
123190
123190
123189
123188
123188
123187
123186
123186
123185
123185
123184
123183
123183
123182
123182
123182
123181
123181
123180
123180
123180
123179
123179
123179
123179
123178
123178
123178
123178
123178
123178
123178
123177
123177
123177
120148
122153
122869
123095
123164
123185
123191
123192
123192
123191
123190
123190
123189
123188
123188
123187
123186
123186
123185
123185
123184
123183
123183
123182
123182
123182
123181
123181
123180
123180
123180
123179
123179
123179
123179
123178
123178
123178
123178
123178
123178
123178
123177
123177
123177
200375
161065
144435
131586
118245
187678
162461
146193
133759
123171
179112
162708
147720
135786
126668
173448
162404
148671
137203
128955
170153
162030
149068
137886
130233
119908
122304
122927
123113
123170
123187
123191
123192
123192
123191
123190
123190
123189
123188
123188
123187
123186
123186
123185
123185
123184
123183
123183
123182
123182
123182
123181
123181
123180
123180
123180
123179
123179
123179
123179
123178
123178
123178
123178
123178
123178
123178
123177
123177
123177
122067
122799
123071
123157
123183
123191
123193
123192
123192
123191
123190
123190
123189
123188
123188
123187
123186
123186
123185
123185
123184
123183
123183
123183
123182
123182
123181
123181
123180
123180
123180
123179
123179
123179
123179
123178
123178
123178
123178
123178
123178
123178
123177
123177
123177
123919
123385
123251
123213
123200
123196
123194
123193
123192
123191
123191
123190
123189
123188
123188
123187
123186
123186
123185
123185
123184
123183
123183
123183
123182
123182
123181
123181
123180
123180
123180
123179
123179
123179
123179
123178
123178
123178
123178
123178
123178
123178
123177
123177
123177
125343
123886
123412
123263
123216
123201
123196
123193
123192
123191
123191
123190
123189
123188
123188
123187
123186
123186
123185
123185
123184
123183
123183
123183
123182
123182
123181
123181
123180
123180
123180
123179
123179
123179
123179
123178
123178
123178
123178
123178
123178
123178
123177
123177
123177
126322
124186
123507
123293
123225
123204
123197
123194
123192
123191
123191
123190
123189
123188
123188
123187
123186
123186
123185
123185
123184
123184
123183
123183
123182
123182
123181
123181
123180
123180
123180
123179
123179
123179
123179
123178
123178
123178
123178
123178
123178
123178
123177
123177
123177
)
;

boundaryField
{
    AirInlet
    {
        type            fixedValue;
        value           uniform 0.1;
    }
    WaterInlet
    {
        type            fixedValue;
        value           uniform 0.1;
    }
    ChannelWall
    {
        type            fixedValue;
        value           uniform 0.1;
    }
    Outlet
    {
        type            inletOutlet;
        inletValue      uniform 0.1;
        value           nonuniform List<scalar> 
11
(
123177
123177
123177
123177
123177
123177
123177
123177
123177
123177
123177
)
;
    }
    FrontAndBack
    {
        type            empty;
    }
}


// ************************************************************************* //
