/*--------------------------------*- C++ -*----------------------------------*\
| =========                 |                                                 |
| \\      /  F ield         | OpenFOAM: The Open Source CFD Toolbox           |
|  \\    /   O peration     | Version:  2.3.0                                 |
|   \\  /    A nd           | Web:      www.OpenFOAM.org                      |
|    \\/     M anipulation  |                                                 |
\*---------------------------------------------------------------------------*/
FoamFile
{
    version     2.0;
    format      ascii;
    class       volScalarField;
    location    "1.21";
    object      rho;
}
// * * * * * * * * * * * * * * * * * * * * * * * * * * * * * * * * * * * * * //

dimensions      [1 -3 0 0 0 0 0];

internalField   nonuniform List<scalar> 
6000
(
1124.55
1121.1
1105.18
1096.93
1067.1
1066.74
1066.37
1066.01
1065.64
1065.28
1064.91
1064.55
1035.2
1002.25
971.305
936.264
869.514
850.559
849.381
849.38
834.861
770.744
808.896
987.092
1027.14
1027.15
1027.15
1027.15
1027.14
1027.14
991.992
940.692
923.606
911.922
911.763
917.512
985.028
993.395
922.264
897.853
874.258
816.87
790.378
770.917
772.048
769.1
771.043
769.241
779.881
790.057
770.684
766.834
770.684
767.918
902.04
984.831
968.953
938.99
845.275
848.52
1039.85
961.629
922.626
922.384
947.094
962.664
956.61
848.051
770.385
772.92
771.725
772.649
770.047
772.053
769.291
771.038
769.283
770.819
769.877
770.703
768.151
770.681
767.04
770.704
776.55
880.559
860.171
818.268
783.131
782.768
1039.85
930.181
922.754
980.399
1053.24
995.278
865.077
770.172
772.92
770.062
772.648
770.999
772.648
769.572
772.038
770.193
771.037
770.06
770.818
770.001
770.703
767.458
770.703
768.261
770.819
785.177
794.159
783.837
783.468
783.143
1039.85
928.76
926.767
1038.05
1213.04
1068.21
782.971
773.063
768.958
772.92
771.94
772.648
771.716
772.648
771.077
781.678
843.544
896.759
923.372
886.431
785.291
770.703
769.369
770.819
770.017
830.79
885.173
821.237
783.837
783.512
1020.58
936.073
948.139
1001.28
1225.32
1118.2
773.817
769.273
773.062
770.693
794.71
830.306
825.181
814.032
826.318
929.824
1069.63
1148.44
1170.6
1109.12
915.2
805.583
780.778
783.843
838.495
1010.66
1104.99
973.128
804.352
783.881
1016.44
1035.9
1003.92
1002.24
1224.93
1090.91
772.14
773.811
769.743
773.062
875.625
990.879
1004.11
997.665
1035.18
1174.56
1276.07
1305.64
1308.12
1284.8
1150.71
995.252
942.792
965.327
1080.18
1232.49
1277.03
1179.75
946.317
842.808
1099.4
1220.51
1085.75
1003.16
1161.87
1021.09
774.778
772.344
773.81
798.969
1020.51
1193.66
1222.9
1236.05
1271.04
1308.88
1308.74
1309.94
1308.74
1309.69
1308.22
1242.14
1205.59
1236.29
1305.4
1309.38
1308.69
1307.53
1182.84
1051.67
1231.43
1261.39
1190.23
1004.03
1126.77
999.097
805.685
795.471
823.12
931.121
1200.91
1307.16
1309.22
1308.74
1310.26
1308.75
1312.87
1308.75
1313.37
1308.75
1310.95
1308.73
1310.74
1308.71
1310.85
1308.7
1310.85
1308.67
1309.83
1273.65
1261.63
1261.52
1261.38
1124.7
1181.03
1076.79
933.588
931.831
1020.95
1160.29
1307.63
1309.91
1308.75
1313.59
1308.75
1314.62
1308.72
1314.6
1308.73
1314.57
1308.7
1313.27
1300.29
1283.1
1275.23
1295.62
1253.48
1174.24
1193.74
1181.74
1261.77
1261.64
1241.82
1239.04
1236.23
1211.14
1062.65
1077.38
1259.91
1308.65
1310.68
1308.71
1314.48
1308.68
1314.53
1271.57
1180.79
1170.7
1214.51
1176.52
1066.36
948.033
899.664
917.496
940.658
921.044
789.627
684.291
709.207
743.614
1261.91
1165.32
823.829
1087.78
1199.48
998.668
893.868
944.244
1155.78
1234
1222.06
1197.31
1111.32
981.478
818.228
657.561
566.857
570.736
647.381
684.378
652.884
624.879
645.666
758.3
840.676
827.571
645.014
543.645
543.642
543.649
1262.03
902.102
484.304
560.521
644.455
521.424
496.735
543.604
634.2
687.427
622.83
561.563
509.393
462.78
432.39
429.742
426.406
429.92
512.001
613.617
626.449
624.07
675.776
828.661
925.952
891.656
711.658
560.345
543.647
543.668
1266.18
875.941
429.582
423.766
429.436
420.48
429.293
418.077
429.154
421.046
429.294
423.425
429.433
426.786
429.58
426.58
429.741
426.455
516.392
677.065
720.884
707.062
782.067
930.341
1007.33
966.323
815.559
646.024
554.021
543.674
1283.56
852.116
427.456
429.434
422.442
429.293
418.133
429.15
418.133
429.15
421.58
429.292
425.851
429.433
427.889
429.58
426.579
429.741
515.175
739.613
842.654
833.351
899.977
1017.46
1069.46
1039.49
928.795
778.294
651.958
617.255
1283.55
777.518
429.581
423.603
429.433
420.972
429.292
418.138
429.15
420.037
429.292
423.31
429.433
428.619
429.58
428.309
429.741
427.902
511.31
769.296
937.216
958.297
1015.27
1091.21
1121.86
1107.71
1038.58
926.746
822.695
789.476
1283.53
667.488
426.879
429.58
422.962
429.433
419.371
429.292
418.797
429.292
422.473
429.433
428.119
437.772
432.598
429.741
428.416
429.92
523.449
798.632
1013.92
1069.45
1115.08
1153.44
1167.99
1164.89
1134.58
1069.38
1005.12
991.3
1187.4
558.138
429.741
424.078
429.579
422.247
429.433
419.147
429.292
421.39
429.433
424.353
436.562
483.494
465.401
430.856
429.92
439.015
579.925
848.339
1075.54
1156.42
1186.32
1200.78
1208.07
1210.84
1205.66
1181.73
1153.66
1158.63
748.539
468.461
426.264
429.741
424.255
429.579
420.775
429.433
420.536
429.433
423.991
429.579
458.555
547.833
533.656
472.485
448.389
494.548
675.741
931.946
1137.1
1214.27
1234
1242.3
1248.07
1252.95
1256.6
1253.9
1246.66
1257.83
538.498
429.163
429.92
425.822
429.741
424.465
429.579
420.998
429.433
423.436
429.579
425.447
468.117
592.794
614.391
555.329
522.145
597.238
798.723
1047.45
1212.37
1264.66
1281.17
1291.13
1297.8
1301.7
1303.08
1301.25
1298.68
1305.02
476.34
430.096
428.97
429.92
427.498
429.741
422.664
429.579
423.053
429.579
425.448
429.741
460.65
605
677.017
646.468
639.775
741.527
965.221
1195.48
1292.02
1321.59
1336.3
1345.01
1349.56
1350.87
1349.13
1344.05
1337.5
1336.77
451.81
445.97
430.096
429.496
429.92
427.691
429.741
423.658
429.579
425.536
429.741
426.943
454.797
591.344
700.731
727.725
780.149
943.219
1185.43
1318.63
1358.84
1374.17
1382.69
1387.23
1388.99
1388.47
1385.79
1380.58
1373.34
1367.76
452.183
496.847
501.921
476.507
435.52
429.92
424.857
429.741
425.493
429.741
427.187
429.92
458.46
576.096
698.505
810.697
968.839
1204.27
1341.74
1385.8
1400.4
1407.21
1410.68
1412.34
1412.69
1411.96
1410.06
1406.52
1401.55
1396.18
457.64
573.942
649.925
623.329
509.456
429.542
429.919
426.147
429.741
427.633
429.92
429.326
478.447
579.129
725.846
950.11
1223.81
1358.72
1401.76
1414.68
1419.65
1421.57
1421.72
1421.87
1421.96
1422.1
1421.81
1420.35
1418.23
1415.75
475.785
665.807
835.792
855.657
660.307
441.629
426.71
429.919
427.769
429.919
429.429
463.22
535.414
638.948
865.082
1193.02
1362.56
1408.45
1420.81
1421.35
1421.49
1421.57
1421.74
1421.86
1422.05
1422.19
1422.37
1423.41
1423.81
1423.84
521.841
796.702
1037.39
1090.16
824.228
471.577
430.095
428.818
429.919
442.287
495.02
585.603
676.408
837.798
1134.99
1349.16
1407.75
1420.59
1421.17
1420.98
1412.32
1405.12
1402.52
1400.64
1401.68
1405.68
1412.03
1419.02
1423.89
1423.97
627.121
962.726
1196.11
1218.72
918.832
522.731
429.566
434.591
482.187
591.558
724.391
832.823
927.073
1119.4
1329.2
1400.9
1419.94
1420.68
1419.1
1385.85
1350.21
1342
1344.18
1349.37
1363.29
1380.85
1398.54
1414.49
1423.87
1423.97
797.283
1119.69
1263.02
1231.28
940.181
612.881
489.726
536.835
715.989
943.456
1054.28
1098.16
1155.87
1296.15
1385.3
1415.99
1420.19
1420.15
1391.42
1335.53
1336.07
1335.43
1336.15
1353.13
1373.73
1391.03
1405.94
1419.46
1423.9
1423.97
958.37
1193.93
1262.69
1205.44
996.038
791.953
707.366
812.25
1077.78
1243.53
1266.44
1252.52
1258.12
1327.2
1396.67
1419.83
1419.97
1413.47
1357.49
1336.08
1335.64
1347.64
1369.63
1389.04
1401.89
1408.74
1413.49
1419.43
1422.96
1423.14
1025.97
1192.48
1229.86
1180.48
1116.74
1086.55
1089.09
1177.59
1297.85
1344.07
1347.02
1324.39
1291.35
1333.23
1399.3
1419.7
1420.19
1408.89
1351.16
1335.39
1345.72
1374.71
1395.31
1399.72
1399.98
1396.13
1387.98
1376.47
1336.12
1244.78
1039.39
1190.79
1243.75
1252.3
1284.84
1317.43
1338.42
1354.64
1345.23
1352.62
1372.49
1362.76
1323.43
1343.92
1398.91
1420.11
1419.79
1410.17
1356.44
1336.13
1360.2
1386.96
1391.99
1385.91
1368.2
1340.83
1302.25
1228.7
996.091
684.581
1085.37
1257.35
1322.77
1351.2
1361.41
1361.9
1361.48
1361.89
1345.4
1338.73
1372.29
1382.96
1360.57
1362.85
1399.1
1419.55
1420.58
1411.92
1362.05
1337.2
1364.54
1382.58
1375.7
1351.46
1305.56
1268.96
1209.62
910.493
411.195
185.39
1179.35
1341.26
1361.8
1361.53
1361.93
1361.52
1361.96
1361.49
1349.7
1338.47
1358.19
1386.72
1388.72
1387.19
1405.79
1420.33
1419.65
1412.17
1364.91
1343.71
1362.93
1371.97
1358.06
1319.17
1311.22
1214.6
790.768
288.499
92.6439
58.2278
1236.58
1361.62
1361.58
1361.64
1344.9
1361.61
1361.36
1358.59
1350.64
1347.54
1335.64
1372.47
1401.96
1409.39
1416.04
1419.74
1420.49
1410.41
1369.82
1355.41
1355.47
1353.09
1349.88
1336.97
1098.4
546.066
170.725
68.8108
51.9905
47.4573
1238.84
1361.38
1361.21
1169.77
909.935
1076.84
1238.41
1300.88
1293.92
1197.46
1150.69
1318.44
1395.08
1419.61
1419.74
1420.53
1419.66
1406.89
1376
1364.78
1354.36
1283.13
1112.06
719.459
304.143
119.973
67.4806
54.1923
50.3916
47.0489
1226.62
1350.65
1052.36
608.84
469.691
547.154
697.998
784.746
773.117
649.22
648.709
916.974
1295.97
1419.03
1420.56
1419.8
1420.55
1389.93
1351.05
1107.35
800.271
571.11
375.227
230.344
149.212
96.7985
65.9365
53.8437
49.9224
47.0368
1202.97
1124.57
634.86
401.212
393.361
399.442
410.102
419.165
418.599
404.202
428.557
598.348
1193.35
1416.87
1419.77
1421.02
1411.93
1339.74
865.833
419.24
284.981
253.736
236.394
207.811
153.794
97.7254
65.2325
53.5447
49.6641
47.0079
1228.17
1038.54
513.289
391.659
391.452
394.217
392.956
393.212
393.575
393.954
449.273
665.729
1208.14
1417.34
1421.08
1419.27
1369.11
883.438
339.555
247.777
247.138
247.046
243.224
214.87
155.453
96.6551
64.2052
52.9892
49.3453
46.9968
1244.41
1035.12
488.874
391.295
391.659
393.399
392.329
392.846
393.815
393.786
488.687
804.597
1268.38
1419.46
1419.6
1403.12
1118.08
431.758
249.355
247.76
248.7
252.42
249.512
218.674
155.162
95.471
63.7167
52.6992
49.0884
47.0072
1250.06
1029.08
480.579
389.828
391.291
391.835
391.363
392.48
392.883
393.357
521.818
900.973
1311.25
1418.94
1420.63
1355.59
733.111
283.226
247.768
247.762
252.613
259.66
256.353
222.167
154.84
94.7539
63.5591
52.6252
48.9415
47.0034
1246.4
1029.96
477.599
390.31
390.655
391.37
391.659
392.058
392.548
393.631
547.134
968.682
1323.93
1419.66
1418.25
1228.24
551.321
260.918
247.793
247.948
259.599
269.053
264.247
225.584
154.804
94.6901
63.9694
52.7472
48.8769
46.9842
1233.47
983.036
473.74
389.54
390.31
390.449
391.313
391.659
392.053
395.942
558.537
1011.15
1338.93
1418.16
1400.23
1142.51
492.736
265.158
248.163
255.296
269.583
278.21
271.634
228.129
154.56
95.5027
65.2815
53.2589
48.8793
46.9662
1216.3
876.038
466.937
389.751
389.54
390.31
390.683
391.291
391.659
401.471
563.487
1035.16
1353.41
1414.39
1388.33
1082.08
465.394
280.344
264.524
269.644
281.105
288.597
279.144
229.76
154.6
97.5244
67.5378
54.288
48.9986
47.0831
1210.26
774.632
448.533
389.133
389.751
389.554
390.31
390.905
391.399
414.696
576.239
1032.99
1363.61
1399.48
1379.66
1041.43
461.311
302.772
284.718
286.754
295.587
301.279
287.018
230.484
155.41
100.792
70.5315
55.865
49.4988
47.1493
1251.57
700.498
423.735
387.931
389.401
389.751
389.637
390.43
391.809
437.406
603.156
1019.32
1357.64
1380.94
1376.28
1008.57
470.994
330.461
306.853
305.971
312.377
315.683
293.586
230.139
157.314
105.343
74.2555
58.0887
50.6177
47.1492
1297.9
631.007
401.177
388.415
387.881
389.329
389.751
390.019
397.686
471.77
651.93
1025.85
1322.93
1355.89
1354.57
991.112
501.081
365.548
333.241
329.003
332.094
331.339
299.458
230.399
160.899
111.139
78.9834
61.0622
52.4019
47.1714
1080.67
541.559
388.199
388.017
388.415
388.387
389.332
390.71
419.185
524.222
714.447
1050.93
1301.04
1330.4
1324.58
1006.35
553.964
409.335
366.609
356.342
354.691
346.505
304.194
232.553
166.394
118.059
84.8461
64.844
54.8112
47.2537
662.942
453.683
387.405
387.847
388.017
388.415
388.912
402.549
466.019
596.759
786.211
1077.69
1297.49
1317.54
1313.51
1035.52
621.31
462.455
408.352
389.113
379.308
360.621
309.175
237.217
173.662
126.174
91.9328
69.5916
57.9102
47.7698
483.781
404.986
386.781
387.34
387.847
388.074
394.296
438.33
539.756
685.786
865.042
1099.46
1283.33
1315.73
1304.43
1058.43
696.737
527.861
459.83
428.515
406.665
374.832
315.574
243.775
182.294
135.502
100.373
75.62
61.8249
49.4312
403.207
386.733
386.523
386.871
387.375
389.851
420.759
503.996
632.941
785.036
948.653
1119.16
1253.36
1303.86
1284.46
1077.58
783.372
608.562
523.128
475.578
437.404
389.427
323.021
252.107
192.363
145.902
110.049
83.1161
66.6871
52.7145
385.252
385.966
386.166
386.571
390.41
412.522
479.266
594.223
736.356
887.852
1030.27
1139.41
1215.88
1277.51
1254.21
1106.05
881.697
705.401
600.297
532.22
472.341
405.306
331.851
262.08
203.558
157.146
120.78
91.9477
72.5601
57.5402
385.668
385.903
387.741
397.86
418.848
470.2
566.192
697.805
843.938
986.867
1096.97
1154.41
1195.18
1250.59
1219.95
1147.85
985.067
816.26
692.761
599.676
512.946
424.669
343.264
273.698
215.477
168.928
132.239
101.78
79.4171
63.4868
385.668
386.586
402.399
438.141
485.592
560.661
671.75
807.892
950.801
1073.27
1145.03
1167.82
1188.55
1230.96
1206.54
1181.47
1082.5
937.543
801.454
680.446
562.895
451.016
359.488
287.409
228.249
181.27
144.095
112.256
87.2795
70.1942
385.668
391.287
436.939
508.88
584.503
676.119
791.777
924.266
1050.56
1139.03
1177.04
1183.67
1193.16
1219.41
1207.44
1206.33
1163.58
1061.44
927.722
781.197
630.576
491.823
384.248
304.821
242.82
194.524
156.313
123.175
96.1692
77.699
385.893
406.862
491.343
603.924
710.267
817.347
933.535
1049.34
1140.29
1189.28
1205.64
1208.66
1213.97
1225.79
1224.67
1229.67
1220.35
1170.19
1065.84
911.352
730.747
559.656
425.117
330.333
261.387
209.717
169.525
134.628
106.123
86.2625
386.836
451.836
581.449
735.015
873.992
996.844
1102.25
1180.81
1225.47
1244.01
1250.34
1253.45
1257
1259.83
1262.71
1264.72
1263.27
1247.18
1193.32
1067.26
875.295
670.043
496.111
372.803
288.345
228.91
184.82
147.248
117.12
96.2188
413.452
560.438
740.518
926.338
1082.59
1189.63
1249.24
1280.05
1294.69
1301.12
1304.44
1306.69
1308.25
1308.35
1308.46
1306.64
1303.13
1295.55
1276.07
1212.57
1055.14
830.591
612.279
445.587
332.532
256.507
203.961
161.948
128.793
108.003
535.701
753.754
976.146
1153.92
1257.27
1300.81
1320.45
1331
1337.15
1340.85
1343.16
1344.43
1344.78
1344.08
1342.34
1339.16
1334.48
1327.63
1316.97
1294.33
1217.64
1026.43
779.038
560.364
405.108
300.645
230.833
179.844
141.046
122.312
782.629
1010.54
1212.05
1298.94
1329.6
1342.39
1349.96
1355.1
1358.75
1361.27
1362.82
1363.47
1363.3
1362.27
1360.24
1357.17
1352.85
1346.88
1338.67
1326.8
1300.57
1203.21
979.508
720.272
513.116
369.306
271.553
203.1
155.039
140
1076.98
1238.34
1322.41
1345.28
1354.47
1360.05
1364.18
1367.4
1369.85
1371.54
1372.47
1372.67
1372.16
1370.92
1368.87
1365.99
1362.08
1356.91
1350.15
1341.28
1328.68
1295.38
1165.06
914.968
660.387
468.387
332.671
236.907
173.977
161.773
1274.31
1324.74
1344.85
1356.75
1364.38
1369.32
1372.76
1375.31
1377.14
1378.28
1378.76
1378.6
1377.81
1376.34
1374.17
1371.21
1367.35
1362.46
1356.36
1348.69
1339
1324.8
1277.17
1111.31
851.812
610.714
425.966
291.564
203.702
189.262
1330.5
1324.2
1341.7
1359.3
1370.08
1376.19
1379.78
1382.05
1383.47
1384.22
1384.36
1383.93
1382.93
1381.31
1379.03
1376.03
1372.22
1367.53
1361.88
1355.06
1346.81
1336.76
1320.04
1258.72
1082.67
826.978
583.433
392.023
258.448
225.835
1337.2
1312.54
1340.02
1363.16
1376.55
1383.46
1386.89
1388.68
1389.63
1390.01
1389.88
1389.28
1388.2
1386.61
1384.48
1381.78
1378.47
1374.54
1369.95
1364.66
1358.56
1351.63
1343.65
1327.15
1268.58
1106.59
844.06
579.061
370.658
286.048
1330.33
1312.52
1347.23
1371.73
1385.45
1391.61
1394.03
1395.01
1395.42
1395.45
1395.15
1394.5
1393.51
1392.18
1390.5
1388.5
1386.17
1383.56
1380.67
1377.55
1374.23
1370.67
1366.8
1361.44
1347.59
1301.25
1154.36
873.004
589.931
401.623
1312.25
1312.6
1360.77
1384.62
1395.53
1399.37
1400.29
1400.43
1400.41
1400.24
1399.88
1399.31
1398.55
1397.6
1396.49
1395.26
1393.94
1392.55
1391.13
1389.72
1388.37
1387
1385.31
1382.73
1378.43
1368.71
1331.59
1193.13
912.495
619.637
1306.74
1333.59
1379.83
1397.97
1404.14
1405.27
1404.96
1404.62
1404.43
1404.24
1403.95
1403.55
1403.05
1402.46
1401.8
1401.08
1400.31
1399.51
1398.69
1397.86
1397.03
1396.05
1394.6
1392.24
1388.6
1382.42
1371.38
1348.97
1215.58
937.423
1315.1
1368.59
1397.96
1407.79
1409.62
1408.92
1408.1
1407.75
1407.64
1407.57
1407.43
1407.23
1406.95
1406.59
1406.13
1405.54
1404.8
1403.92
1402.9
1401.72
1400.33
1398.43
1395.62
1391.83
1385.85
1372.6
1345.4
1353.53
1349.37
1216.28
1342.36
1392.07
1409.42
1413.02
1412.21
1410.92
1410.32
1410.26
1410.38
1410.49
1410.55
1410.54
1410.42
1410.11
1409.56
1408.77
1407.71
1406.39
1404.82
1402.97
1400.73
1397.92
1393.97
1387.42
1374.95
1345.32
1280.05
1353.3
1371.5
1320.56
1371.29
1404.59
1414.64
1414.84
1413.24
1412.34
1412.29
1412.59
1412.95
1413.29
1413.59
1413.77
1413.69
1413.21
1412.28
1410.99
1409.45
1407.73
1405.8
1403.57
1400.91
1397.39
1391.78
1381.31
1359.99
1317.54
1280.69
1288.42
1371.27
1351.32
1391.25
1411.01
1416.27
1415.27
1414.05
1413.9
1414.37
1414.97
1415.55
1416.16
1416.73
1416.99
1416.65
1415.65
1414.06
1412.11
1410.14
1408.28
1406.45
1404.4
1401.83
1398.28
1392.32
1379.68
1351.21
1301.3
1280.04
1280.85
1368.79
1375.56
1402.65
1414.13
1416.63
1415.7
1415.28
1415.81
1416.61
1417.33
1418.06
1418.79
1419.42
1419.34
1418.28
1416.42
1414.09
1411.73
1409.6
1407.91
1406.51
1405.27
1403.58
1400.91
1395.62
1382.98
1353.25
1297.04
1280.72
1280.05
1325.47
1376.64
1408.92
1415.61
1416.94
1416.62
1417.05
1417.97
1418.76
1419.34
1419.92
1419.94
1419.89
1418.35
1415.85
1413.19
1410.75
1408.41
1406.62
1405.66
1405.4
1405.22
1405
1404.07
1401.07
1390.45
1359.67
1298.1
1296.94
1281.58
1227.52
1349.77
1412.45
1416.56
1417.69
1418.22
1419.16
1420.01
1420.45
1420.57
1420.57
1419.82
1416
1409.22
1401.95
1397.26
1396.17
1396.56
1397.91
1399.37
1401.47
1403.6
1404.98
1405.79
1405.47
1399.02
1369.95
1296.84
1295.28
1294.94
1137.55
1262.61
1414.69
1417.67
1419.16
1420.25
1421.17
1421.61
1421.55
1421.02
1419.71
1415.02
1403.81
1387.9
1371.37
1359.44
1357.1
1364.69
1377.23
1386.79
1393.41
1399.29
1403.68
1405.97
1406.31
1405.19
1382.37
1297.59
1227.37
1273.6
1080.93
1102.12
1416.56
1419.28
1421.09
1422.13
1422.62
1422.7
1422.44
1421.61
1419.28
1410.43
1395.7
1379.38
1361.86
1340.37
1316.11
1312.64
1333.47
1365
1381.14
1392.01
1400.5
1405.51
1406.41
1406.25
1394.46
1316.76
1143.39
1121.37
1043.42
1039.7
1418.5
1421.18
1422.7
1423.14
1423.14
1423.1
1423.1
1423.03
1422.12
1414.89
1405.38
1395.97
1385.62
1370.11
1341.29
1312.37
1312.55
1324.31
1365.33
1382.73
1395.4
1403.92
1406.33
1406.42
1403.49
1353.45
1178.37
1040.9
1040.49
1040.12
1420.45
1422.71
1423.2
1423.22
1423.16
1423.25
1423.11
1423.21
1422.96
1419.61
1415.89
1412.17
1409.17
1402.61
1382.49
1338.12
1312.16
1312.54
1346.69
1372.99
1389.06
1400.67
1406.41
1406.35
1406.27
1385.67
1285.99
1087.68
1040.9
1040.52
1422.13
1423.24
1423.31
1423.21
1423.31
1423.16
1423.25
1422.88
1419.47
1404.38
1405.05
1403.83
1406.46
1406.23
1403.45
1370.39
1317.2
1311.16
1332.7
1364.46
1383.04
1396.13
1404.38
1406.44
1406.11
1399
1363.69
1236.06
1087.63
1040.93
1423.27
1423.36
1423.26
1423.37
1423.21
1423.29
1422.66
1404.07
1361.76
1333.86
1354.56
1361.73
1384.79
1401.12
1403.41
1386.69
1333.5
1312.52
1321.34
1357.92
1378.92
1391.99
1400.3
1403.81
1402.69
1398.95
1388.75
1347.76
1223.76
1064.91
1423.37
1423.31
1423.41
1423.26
1423.29
1417.47
1387.49
1298.07
1002.15
982.507
1116.26
1278.3
1350.02
1386.05
1402.03
1391.18
1345.48
1311.8
1312.55
1352.64
1376.62
1389.69
1396.92
1399.77
1398.45
1395.01
1389.93
1380.39
1330.87
1176.12
1423.37
1423.42
1423.3
1423.2
1411.5
1377.46
1306.52
911.443
564.646
563.35
643.436
1004.52
1300.44
1366.28
1394.05
1390.92
1350.2
1312.54
1311.82
1348.39
1375.13
1388.35
1394.84
1397.15
1395.43
1389.99
1384.83
1381.19
1366.71
1297
1423.43
1423.29
1422
1403
1373.49
1339.49
977.327
556.945
560.283
548.292
560.285
584.968
972.419
1315.3
1373.37
1387.12
1352.04
1312.47
1312.55
1346.97
1374.07
1387.04
1392.93
1395.08
1393.67
1386.78
1377.3
1373.06
1369.25
1346.78
1423.26
1417.7
1397.68
1359.67
1343.46
1119.04
594.183
560.283
550.985
560.283
548.416
560.283
563.532
888.16
1279.4
1364.18
1347.89
1315.44
1313.55
1347.92
1373.28
1385.39
1390.57
1392.55
1392.08
1386.32
1373.51
1361.56
1361.86
1360.51
1413.14
1393.54
1366.46
1327.71
1254.94
741.416
560.284
555.479
560.283
550.868
560.283
549.538
560.283
554.488
776.897
1200.64
1334.78
1319.69
1321.7
1350.59
1372.32
1383.18
1387.58
1389.22
1389.59
1386.43
1375.81
1357.49
1347.26
1355.91
1391.91
1369.58
1351.86
1343.66
957.993
590.137
559.4
560.283
554.251
560.283
550.798
560.283
550.074
560.283
552.608
680.649
1105.73
1321.44
1335.03
1353.68
1370.66
1380.43
1384.1
1385.21
1385.91
1385.28
1379.43
1363.81
1344.45
1344.42
1362.94
1345.42
1335.66
1170.03
809.706
630.574
562.305
558.758
560.283
553.562
560.283
551.305
560.283
550.416
560.283
552.406
618.625
1076.82
1340.97
1355.45
1368.14
1377.34
1380.36
1380.8
1381.51
1382.21
1380.6
1372.79
1354.02
1344.42
1293.08
1264.08
1219.99
1073.45
925.652
822.254
681.748
571.394
558.056
560.283
553.719
560.283
552.076
560.283
551.587
560.283
552.534
617.174
1162.13
1346.56
1362.51
1373.55
1376.28
1376.25
1376.96
1377.79
1378.37
1376.95
1367.79
1349.4
1204.05
1203.55
1200.33
1162.89
1147.35
1105.6
968.969
749.561
596.068
558.04
560.283
555.148
560.283
554.079
560.283
552.311
560.283
553.645
710.653
1277.08
1347.81
1369.41
1371.48
1371.58
1372.63
1372.76
1373.07
1374.32
1373.81
1364.03
1204.19
1238.26
1263.13
1279.15
1287.21
1271.97
1208.69
1046.75
801.241
620.214
558.931
560.283
556.41
560.283
555.61
560.283
553.306
560.283
556.43
933.077
1351.94
1366.19
1364.19
1366.67
1368.43
1367.73
1366.28
1366.91
1369.82
1369.73
1239.91
1303.79
1323.97
1331.14
1329.36
1319.43
1300.05
1245.08
1084.58
837.38
644.514
564.985
560.283
558.605
560.282
556.415
560.283
555.376
560.283
642.88
1236.67
1358.85
1346.74
1360.78
1363.23
1363.51
1361.04
1358.39
1360
1363.36
1299.86
1335.85
1344.93
1345.72
1342.7
1337.6
1330.73
1316.44
1266.93
1116.4
880.755
687.516
604.735
585.298
575.926
560.282
558.382
560.282
557.072
591.169
1018.83
1325.23
1329.62
1350.71
1357.06
1361.41
1360.5
1354.88
1351.75
1350.33
1320.04
1342.34
1352.74
1357.29
1359.5
1360.42
1359.36
1354.84
1342.43
1298.76
1165.48
956.451
801.319
736.775
703.101
644.856
598.623
571.284
560.283
644.982
1007.93
1275.72
1323.55
1341.7
1354.01
1362.6
1364.31
1358.73
1350.39
1350.35
1320.44
1349.31
1367.56
1377.53
1383.49
1386.28
1386.29
1383.86
1379.78
1370.79
1338.34
1248.33
1116.35
1017.68
949.884
856.615
758.088
684.558
656.728
806.645
1105.74
1288.63
1325.31
1340.42
1353.66
1365.63
1372.14
1369.34
1355.76
1350.36
1323.67
1368.21
1390.87
1400.91
1405.02
1404.54
1401.98
1398.88
1396.13
1394.04
1389.72
1373.49
1334.77
1280.66
1219.19
1130.33
1019.48
916.22
888.194
1044.37
1243.07
1316.84
1332.29
1341.22
1351.2
1364.57
1377.3
1380.86
1371.16
1350.46
1344.56
1394.76
1412.22
1417.74
1416.02
1409.76
1402.96
1398.36
1395.38
1394.04
1394.09
1393.98
1391
1377.37
1353.67
1315.57
1253.53
1174.31
1155.43
1243.75
1315.39
1333.48
1338.29
1340.04
1342.47
1353.47
1371.99
1383.99
1383.93
1365.74
1382.27
1415.18
1422.18
1420.91
1408.64
1399.54
1393.43
1388.38
1385.83
1385.86
1388.8
1392.13
1392.7
1392.61
1386.74
1373.92
1352.34
1323.07
1310.39
1324.43
1336.74
1344.18
1345.72
1340.78
1332.41
1329.89
1345.15
1376.52
1384.02
1383.96
1412.29
1422.67
1422.05
1391.82
1340.58
1347.68
1362.09
1361.1
1361.84
1366.8
1375.05
1383.66
1389.74
1392.12
1391.85
1387.57
1378.64
1366.06
1355.05
1349.62
1350.22
1355.56
1358.2
1350.93
1336.46
1324.09
1324.25
1335.55
1377.68
1389.88
1423.14
1422.48
1387.26
1249.19
1188.37
1197.11
1295.03
1313.68
1324.4
1339.87
1357.76
1373.39
1384.47
1390.47
1392.51
1391.71
1387.62
1380.56
1372.04
1364.6
1361.75
1365.85
1371.46
1369.51
1356.44
1335.51
1323.97
1324.17
1324.22
1379.58
1421.34
1375.73
1250.26
1188.31
1183.33
1188.31
1192.8
1258.83
1287.04
1316.5
1345.13
1367.03
1381.49
1389.69
1393.17
1393.81
1392.15
1388.36
1382.65
1376.06
1371.58
1373.16
1379.57
1383.32
1378.88
1363.79
1337.64
1323.99
1324.2
1339.12
1388.74
1208.4
1188.31
1183.77
1188.31
1183.79
1188.31
1228.16
1277.6
1316
1346.03
1367.81
1381.99
1390.26
1394.24
1395.4
1394.8
1392.92
1389.52
1384.54
1379.78
1378.95
1383.65
1389.4
1391.37
1386.29
1368.61
1337.21
1324.05
1324.15
1331.05
1188.36
1187.13
1188.31
1184.81
1188.31
1186.91
1235.25
1285.73
1324.55
1353.35
1372.36
1384.54
1391.98
1395.83
1397.03
1396.7
1395.58
1393.63
1390.27
1386.21
1384.15
1386.42
1391.36
1395.79
1397.16
1391.3
1370.26
1335.05
1324.15
1269.26
1186.24
1188.31
1185.93
1188.31
1185.54
1188.31
1251.19
1310.58
1348.27
1368.8
1381
1389.21
1394.8
1397.98
1398.97
1398.49
1397.44
1396.09
1393.87
1390.78
1388.52
1388.98
1392.18
1396.36
1400.26
1401.44
1394.08
1366.71
1324.3
1290.52
1188.32
1188.24
1188.31
1186.59
1188.31
1197.77
1300.82
1354.59
1375.76
1385.2
1390.69
1394.89
1398.36
1400.63
1401.31
1400.53
1399.15
1397.75
1396.03
1393.69
1391.62
1391.21
1392.94
1396.05
1399.88
1403.61
1403.78
1390.77
1342.68
1335.97
1219.59
1198.88
1187.18
1188.31
1187.69
1285.61
1365.69
1388.4
1395.15
1397.56
1398.99
1400.53
1402.33
1403.75
1404.08
1402.95
1401.04
1399.18
1397.38
1395.3
1393.34
1392.53
1393.47
1395.85
1399.22
1402.88
1404.17
1400.42
1371.18
1340.36
1254.2
1206.27
1188.31
1204.41
1290.6
1378.03
1401.03
1405.22
1405.25
1404.88
1404.84
1405.37
1406.4
1407.31
1407.32
1405.84
1403.32
1400.71
1398.35
1395.97
1393.74
1392.6
1393.29
1395.59
1398.76
1402.16
1404.23
1403.13
1388.22
1341.74
1275.68
1206.37
1246.54
1335.91
1391.94
1410.32
1410.58
1409.94
1408.37
1407.61
1407.6
1408.41
1409.9
1411.26
1411.21
1409.39
1406.17
1402.57
1399.22
1395.97
1393.13
1391.63
1392.2
1394.78
1398.36
1401.79
1404.22
1403.54
1395.83
1341.78
1302.41
1308.52
1373.55
1409.67
1410.84
1411.09
1410.69
1409.19
1407.61
1407.03
1407.18
1408.43
1411.51
1414.81
1415.8
1413.95
1409.97
1405.08
1400.24
1395.59
1391.48
1389.12
1389.5
1392.72
1397.56
1401.65
1404.27
1403.73
1399.56
1342.8
1368.32
1397.19
1411.59
1411.24
1411.68
1410.94
1409.29
1406.09
1404.9
1404.23
1403.6
1404.54
1409.16
1415.75
1419.97
1419.24
1415.18
1408.83
1401.85
1394.93
1388.68
1384.9
1384.72
1388.35
1395.5
1401.42
1404.24
1404.06
1401.81
1352.31
1406.59
1411.94
1411.47
1411.98
1411.03
1405.48
1401.49
1400.69
1400.76
1398.6
1393.76
1390.26
1395.9
1409.41
1420.64
1423.02
1420.7
1414.21
1404.8
1394.56
1384.86
1379.2
1378.2
1380.31
1390.12
1400.28
1404.31
1404.34
1403.42
1378.25
1411.84
1411.67
1412.29
1410.65
1388.27
1383.06
1390.04
1396.29
1397.37
1390.52
1373.92
1355.87
1357.65
1377.44
1410.01
1423.02
1423.21
1419.79
1409.63
1395.42
1380.57
1372.65
1372.76
1369.41
1375.81
1395.61
1404.19
1404.35
1404.35
1401.25
1411.88
1412.61
1410.78
1347.89
1331.67
1357.39
1384.07
1396.55
1396.64
1381.21
1340.67
1297.3
1297.16
1303.93
1350.98
1415.9
1423.18
1423.16
1415.58
1398.83
1376.74
1364.18
1373.02
1362.32
1344.59
1382.75
1399.86
1404.33
1404.36
1412.2
1412.64
1411.05
1315.8
1228.5
1291.36
1354.9
1386.42
1399.1
1397.56
1372.16
1292.67
1245.39
1264.89
1263.24
1237.5
1379.71
1422.71
1423.4
1421.1
1405.37
1375.29
1351.89
1375.86
1365.56
1337.48
1360.95
1389.39
1404.24
1404.37
1412.55
1411.48
1343.49
1128.2
1207.36
1300.74
1360.66
1391.21
1400.87
1398.08
1362.25
1256.4
1241.78
1247.82
1238.95
1238.81
1259.11
1400.66
1423
1423.08
1412.93
1378.9
1343.81
1376.9
1374.18
1337.71
1337.69
1378.07
1400.22
1404.35
1411.69
1338.18
1113.96
1112.08
1217.07
1312.91
1367.93
1395.31
1401.09
1396.62
1355.91
1273.74
1241.98
1193.34
1279.96
1342.92
1256.78
1343.11
1421.34
1422.99
1419.28
1386.01
1343.65
1377.09
1376.99
1350.14
1320.93
1375.5
1398.41
1404.33
1370.16
1079.21
967.59
1112.33
1230.56
1323.66
1374.64
1398.12
1400.96
1391.01
1346.91
1304.73
1262.54
1195.86
1347.97
1372.47
1287.08
1290.55
1403.08
1423.19
1422.74
1394.42
1343.69
1376.88
1378.18
1356.83
1311.21
1372.43
1385.82
1397.43
1255.1
962.782
963.191
1109.82
1255.76
1344.58
1384.99
1400.52
1401.2
1385.21
1346.58
1324.66
1297.24
1215.62
1343.46
1373.37
1354.66
1290.64
1376.78
1422.65
1423.06
1403.14
1343.9
1368.88
1377.05
1377.36
1310.42
1338.93
1275.22
1126.21
1021.42
963.191
962.835
1138.27
1314.01
1378.1
1394.19
1401.12
1401.04
1387.8
1363.9
1347.2
1321.37
1228.62
1265.81
1372.61
1372.9
1325.86
1362.01
1419.89
1422.65
1412.8
1345.82
1349.04
1379.22
1376.96
1319.59
1177.89
990.596
774.676
963.073
962.944
1011.1
1251.99
1371.72
1388.06
1393
1401.06
1401.19
1397.62
1392.22
1375.5
1334.37
1165.21
1056.75
1345.29
1372.7
1363.76
1365.59
1409.84
1423.17
1419.53
1356.19
1348.93
1376.96
1378.98
1364.35
1237.31
1030.62
718.06
1021.79
1045.82
1196.88
1349.45
1374.01
1376.01
1387.19
1400.12
1401.03
1401.28
1400.89
1390.97
1353.81
994.807
822.074
1133.33
1345.21
1366.55
1369.96
1403.77
1422.5
1422.26
1371.43
1360.16
1361.4
1362.25
1362.03
1358.4
1290.45
750.956
1203.68
1219.54
1340.5
1356.22
1355.76
1362.66
1386.66
1397.14
1399.68
1400.95
1386.48
1370.69
1278.87
818.868
816.005
931.008
1215.76
1346.37
1361.82
1396.8
1421.91
1420.66
1353.69
1226.69
1206.01
1145.46
1226.35
1315.27
1083.97
788.49
1217.35
1224.8
1354.16
1354.8
1351.54
1375.65
1376.11
1381.97
1378.73
1391.87
1000.41
947.811
1006.3
846.201
824.797
910.225
1020.54
1018.15
1350.94
1397.29
1409.08
1406.31
1224.93
616.745
492.694
448.771
504.984
641.29
648.415
785.484
685.1
612.375
753.709
773.345
703.045
750.207
1022.02
1309.22
1278.2
909.318
412.391
385.252
677.762
905.56
908.698
909.681
749.701
370.372
901.735
1370.58
1370.86
1378.93
1045.03
354.811
244.87
239.547
239.962
259.813
335.173
692.732
353.194
272.254
306.461
294.771
283.767
325.857
513.225
676.06
628.861
384.69
214.9
189.383
349.889
739.529
819.861
771.892
365.39
136.703
281.569
739.52
1115.65
1277.62
682.978
318.493
245.521
239.957
238.64
239.671
237.803
405.869
343.716
269.808
280.114
271.83
272.223
329.598
422.781
443.731
379.86
259.21
185.497
160.332
196.934
356.851
443.713
356.866
166.517
121.347
144.879
356.783
648.054
725.008
510.911
363.867
270.589
239.786
239.671
238.702
239.456
259.797
381.528
272.239
309.005
272.223
278.809
387.127
482.035
458.936
341.839
207.185
174.489
156.779
153.061
169.985
185.91
153.056
123.362
120.945
128.803
256.751
476.728
574.762
542.407
420.016
310.053
257.826
239.353
239.456
238.094
239.194
418.443
270.391
331.952
275.335
332.219
470.511
540.909
469.216
283.438
158.963
165.717
158.143
147.133
139.493
132.986
122.808
121.233
121.347
123.259
225.203
465.814
597.968
597.115
478.01
363.03
303.876
257.196
242.083
239.456
239.28
446.417
272.239
336.32
306.233
408.444
569.238
589.6
459.759
211.722
133.338
159.125
161.598
150.45
140.344
130.68
122.2
121.347
121.253
121.347
192.17
449.911
648.997
666.81
540.583
423.607
366.747
316.512
275.816
239.475
262.996
466.912
271.25
336.003
337.815
476.112
658.368
619.652
390.66
146.836
130.78
157.351
166.029
158.388
147.123
135.003
124.629
121.764
121.427
121.318
164.146
420.399
700.944
752.63
614.719
491.856
435.299
385.69
328.975
266.145
327.258
485.497
272.239
317.559
357.347
533.166
724.318
628.68
283.579
122.406
130.82
158.618
168.088
165.766
158.263
145.844
132.015
125.533
125.595
123.706
146.466
379.248
747.481
843.834
696.584
570.089
515.17
465.567
400.823
328.43
422.297
504.627
272.107
300.096
373.683
582.634
761.624
599.615
184.095
122.453
135.777
162.658
168.045
168.126
166.239
159.007
145.022
136.069
137.301
134.148
140.754
324.831
781.023
932.288
780.049
661.04
612.949
565.908
503.254
424.96
605.571
540.865
278.503
295.145
395.233
628.495
771.797
488.534
137.288
124.066
146.199
166.938
168.387
168.045
168.156
166.931
159.277
152.053
153.774
151.212
145.059
260.598
792.46
1000.69
863.84
757.714
723.323
683.906
650.746
632.963
1094.02
594.077
286.169
299.727
428.587
671.222
771.256
336.615
132.942
132.891
157.444
168.196
168.045
168.57
168.045
168.197
167.285
164.685
165.45
164.395
155.573
207.73
713.071
1034.42
951.063
855.39
834.724
822.352
884.925
1129.27
1386.88
658.034
286.293
321.935
479.626
699.679
730.744
223.994
132.901
143.259
164.831
168.045
168.805
168.045
168.723
168.045
168.243
168.045
168.264
168.045
162.436
185.097
503.521
1043.77
1044.25
952.182
939.52
1012.9
1232.42
1383.01
1403.64
722.658
286.471
368.277
551.445
704.391
535.405
169.592
134.165
148.191
167.091
168.782
168.045
169.121
168.045
168.888
168.045
168.68
168.045
168.546
163.538
166.186
290.295
995.911
1110.91
1048.65
1053.26
1248.76
1383.96
1403.93
1403.77
784.531
300.333
454.105
636.993
703.367
323.178
147.963
135.954
148.77
167.17
168.045
169.406
168.045
169.432
168.045
169.137
168.045
169.235
168.045
160.843
149.512
191.13
549.415
1127.52
1138.56
1195.49
1362.22
1404.24
1403.71
1386.01
852.407
392.406
596.914
723.856
571.834
186.356
133.315
135.959
146.114
164.564
169.526
168.045
169.79
168.045
169.755
168.045
169.668
168.045
169.244
155.756
136.627
138.382
245.828
819.44
1192.42
1287.03
1392.89
1403.77
1404.23
1322.9
965.048
567.387
787.192
795.08
392.205
131.249
124.159
132.128
139.756
157.61
168.045
170.111
168.045
170.263
168.045
170.087
168.045
169.99
168.045
149.6
128.07
121.901
141.944
324.047
959.243
1312.89
1384.95
1404.61
1403.17
1238.95
1113.77
802.635
985.994
868.916
264.418
116.224
118.276
125.596
130.906
145.726
169.953
168.045
170.472
168.045
170.536
168.045
170.354
168.045
169.135
139.48
123.292
118.908
118.844
141.659
315.829
881.439
1307.05
1403.31
1403.75
1224.99
1229.33
1052.73
1141.68
908.643
196.671
110.97
114.098
119.253
121.371
130.326
168.045
170.497
168.045
170.547
168.045
170.524
168.045
170.232
150.366
126.666
120.457
118.573
116.346
116.429
126.97
227.931
783.997
1335.76
1400.29
1295.64
1258.67
1241.72
1245.13
839.706
156.129
106.939
109.625
112.849
111.749
113.358
140.732
168.045
170.529
168.045
170.509
168.045
170.396
168.045
125.182
114.744
116.897
118.131
116.124
114.436
114.458
113.296
221.647
923.701
1371.84
1313.43
1233.11
1283.12
1276.64
568.587
130.258
98.0921
100.077
101.999
99.8607
96.5244
100.334
147.247
168.045
170.236
168.045
170.145
168.045
125.485
97.4861
101.369
109.769
113.086
111.746
111.918
112.263
104.433
106.891
400.975
1195.94
1185.76
1077.54
1281.48
1004.33
229.637
86.6314
77.9038
79.691
80.7218
80.5063
74.693
68.6986
81.9666
110.14
136.652
144.175
141.362
111.965
69.0368
69.5196
81.3811
93.5192
96.2239
96.4029
97.4761
97.9049
90.7844
83.3795
196.418
849.877
1082.62
935.684
1010.34
448.118
69.4631
47.5743
49.5346
50.7228
51.3806
52.876
47.4314
40.6346
37.2282
42.6414
55.3489
59.603
59.8555
44.6131
32.5125
41.9682
54.1789
65.2459
66.3841
67.7548
67.8877
65.6449
58.7138
60.9736
162.623
663.673
1023.81
812.448
591.811
142.403
28.9404
23.3982
24.6988
25.2037
25.9256
27.4291
23.6907
18.9776
15.6775
13.0236
15.9245
17.9087
18.044
14.3523
13.6223
20.0608
27.6463
34.5102
35.26
36.1252
35.496
32.787
30.0441
48.577
194.784
581.958
938.402
428.884
259.986
59.0287
14.5873
10.6237
10.3783
10.779
11.6995
12.5301
10.166
7.79547
6.71288
5.30539
6.66802
8.26419
7.47305
5.7809
5.29647
7.77844
11.0307
14.1652
14.865
15.0018
14.5169
13.7824
16.9199
47.4862
209.374
497.435
844.982
102.327
66.2168
21.1326
7.24089
4.91082
4.61906
5.38352
6.27109
6.47495
4.99233
4.28821
4.03691
3.82053
5.1695
6.984
5.57811
3.57236
2.67821
3.2702
4.32585
5.54157
5.99271
5.9065
5.87306
6.85678
13.9856
56.793
200.865
392.341
690.234
18.682
12.4168
5.97832
3.7278
3.00621
3.04245
4.08432
4.65951
4.3256
3.61519
3.71677
3.70511
3.7107
5.0955
7.27756
5.3904
3.02952
2.53057
2.49544
2.63716
3.05409
3.2517
3.1791
3.46282
5.4292
15.0774
60.5137
150.742
268.424
438.857
7.55717
4.64975
2.66305
2.46376
2.53372
2.82462
3.85542
4.10416
3.54379
3.57404
3.69386
3.69948
3.70513
5.86662
8.85286
5.70649
2.95419
2.49618
2.52777
2.51171
2.57031
2.63455
2.6147
3.08121
5.68802
17.1587
48.6014
84.2633
144.081
210.206
5.18021
3.30082
2.07015
2.13189
2.48023
2.94802
3.75192
3.82931
3.57404
3.5457
3.75575
3.70603
3.71143
7.22691
10.6941
6.04265
2.9664
2.52777
2.49632
2.52778
2.52706
2.54541
2.57136
3.45356
7.46737
16.9141
28.0748
40.0658
63.68
82.739
4.43466
2.6121
2.06774
2.09397
2.52747
3.12023
3.69296
3.73101
3.55245
3.57405
3.77536
3.86229
3.85174
8.44702
11.7901
6.11734
2.95044
2.49897
2.52541
2.50826
2.52779
2.54639
2.88966
4.7739
8.82051
13.5407
15.083
18.402
28.3983
34.7051
3.66721
2.31579
2.09134
2.1891
2.48968
3.16873
3.71306
3.71101
3.57405
3.56138
3.76216
4.10954
4.34929
9.2931
12.2134
5.99276
2.8695
2.52542
2.497
2.52543
2.52391
2.65225
3.68548
6.08818
8.84937
9.57211
8.76853
11.122
18.3261
22.0903
2.90789
2.31605
2.22233
2.23354
2.37912
3.0135
3.63029
3.71593
3.5741
3.57407
3.8318
4.4833
5.50512
10.1117
12.4034
5.90818
2.82522
2.50758
2.52272
2.50991
2.52545
2.99493
4.50695
6.42824
7.32603
6.44765
6.015
9.67147
16.9892
20.9781
2.4963
2.42921
2.30375
2.23134
2.32453
2.90752
3.46229
3.71788
3.63846
3.8104
3.99926
4.80673
7.1337
11.4276
12.6822
6.08052
2.89017
2.52273
2.50216
2.52274
2.56957
3.46515
4.80339
5.6541
5.06222
4.22327
4.8653
9.99064
19.4878
25.3377
2.57694
2.45197
2.29349
2.22982
2.41898
3.13937
3.73297
3.65263
3.64048
3.87474
4.01208
4.91119
8.73907
13.0992
13.1082
6.64194
3.09323
2.51155
2.52041
2.51772
2.82248
3.7225
4.41856
4.18313
3.23236
2.85162
4.30812
10.7905
22.7497
32.3392
2.84484
2.30479
2.22186
2.3237
2.8715
3.7795
4.2754
3.97528
3.73193
3.77814
3.77535
4.7897
9.95337
14.2964
13.3856
7.12292
3.24521
2.52043
2.51198
2.53866
3.10499
3.64478
3.59248
2.86762
2.53117
2.51951
3.80547
10.6061
23.3346
34.5529
3.0064
2.21902
2.21804
2.56979
3.42108
4.23278
4.3752
4.2784
4.02858
3.89681
3.80381
4.71567
10.7923
14.6155
13.4482
7.32533
3.30282
2.51744
2.51797
2.66094
3.14656
3.26771
2.74489
2.52881
2.5106
2.53133
3.2204
8.41007
19.9526
31.4165
2.99907
2.41075
2.32361
2.81444
3.75557
4.27097
4.37185
4.09222
4.16111
4.41039
4.76112
5.7213
11.631
14.6306
13.4638
7.45937
3.38752
2.54781
2.51651
2.68734
2.86629
2.6947
2.52613
2.51024
2.52895
2.51977
2.83517
5.9933
13.6913
22.1121
2.9983
2.68139
2.64319
3.03824
3.82962
4.27338
4.06122
3.79064
3.84999
4.75645
6.5297
8.63669
12.7191
14.616
13.7251
7.94561
3.73348
2.65657
2.51568
2.55464
2.52987
2.52385
2.51028
2.52626
2.51597
2.52908
2.72753
4.69983
9.83875
15.5471
2.99711
2.88724
2.8991
3.20745
3.71642
4.08954
4.03869
3.7938
3.79071
4.60458
7.78658
11.6009
13.8555
14.6309
14.2367
9.1743
4.35396
2.76573
2.51895
2.51126
2.52126
2.50976
2.52397
2.51488
2.52637
2.56098
2.8653
4.2581
7.87227
12.457
2.98454
3.00466
3.07378
3.29171
3.5924
3.82452
3.93064
3.90711
3.79379
4.31574
8.22646
13.3924
14.5432
14.6165
14.6099
11.0084
5.09663
2.81842
2.51304
2.52125
2.51068
2.52395
2.51613
2.52635
2.74752
3.12217
3.46804
4.18273
6.68915
10.5048
2.83452
3.13517
3.2786
3.38315
3.56074
3.7412
3.86322
3.95646
4.05015
4.38614
8.34131
14.3631
14.6165
14.6609
14.6168
12.9605
6.0862
2.83907
2.52126
2.51647
2.52394
2.51392
2.52633
2.87251
3.61829
3.97167
4.10093
4.08439
5.54546
8.50335
2.77778
3.43545
3.64802
3.56386
3.60351
3.75282
3.86762
3.97048
4.18338
4.85083
9.00753
14.6163
14.66
14.617
14.6784
14.3001
8.14808
3.22465
2.51996
2.52394
2.52204
2.52631
2.65523
3.71181
4.55197
4.62268
4.33473
3.89509
4.23266
6.66044
2.82098
3.94693
4.19697
3.87639
3.7728
3.90546
4.04935
4.16657
4.47768
6.36025
11.4385
14.6564
14.617
14.7318
14.6173
14.6665
11.7247
4.78843
2.76627
2.63309
2.60096
2.55038
2.97819
4.24482
5.03417
4.99514
4.34636
3.92226
3.89546
5.54
2.94371
4.38588
4.69705
4.27076
4.12765
4.3238
4.55673
4.89416
6.29387
9.66161
13.9119
14.6169
14.739
14.6175
14.7858
14.6175
14.4673
7.98703
3.7036
3.02407
2.98872
2.8938
3.21236
4.25241
5.13042
5.1994
4.38412
3.89539
3.92244
5.36755
3.16387
4.51951
4.9455
4.67778
4.69305
5.06584
5.58375
7.17929
10.0193
13.056
14.6168
14.7228
14.6174
14.8278
14.6178
14.8199
14.6175
12.008
5.11282
3.66377
3.73534
3.51351
3.37819
3.80011
4.97199
5.33912
4.46367
3.92238
3.93443
5.50302
3.33203
4.40387
5.00852
5.16139
5.56734
6.33102
7.99049
10.8127
13.3045
14.5443
14.6567
14.6173
14.8249
14.6178
14.9066
14.618
14.8244
14.219
6.48161
4.63941
4.68242
4.23799
3.64282
3.61769
4.5
5.51862
4.53767
3.99926
4.50975
5.50192
3.52618
4.01581
5.01108
5.96191
7.01687
8.5705
11.2513
13.6571
14.6165
14.6293
14.6171
14.7898
14.6176
14.9183
14.6181
14.9597
14.6179
14.4874
7.76628
6.0168
5.63982
4.93261
4.08715
3.62025
4.05304
5.79553
5.06132
4.71795
4.86471
5.50464
3.98257
3.97735
4.99716
7.21298
9.04561
11.3313
13.7568
14.6162
14.6416
14.6167
14.712
14.6172
14.8801
14.6177
14.9597
14.6183
14.9154
14.1316
9.10514
7.33871
6.4775
5.66292
4.66834
3.61841
3.94393
6.23936
6.13728
5.39683
5.05955
5.50558
4.62303
4.17033
5.27431
8.65218
11.2601
13.6051
14.6158
14.6453
14.6163
14.6831
14.6168
14.814
14.616
14.8517
14.6181
14.8977
14.6182
14.6581
10.1902
8.24271
7.21894
6.44474
5.39068
3.89691
4.0633
6.79075
7.59347
6.4757
5.4919
5.29302
5.28144
5.48098
6.56132
9.90652
13.0359
14.574
14.6406
14.616
14.6905
14.6164
14.7217
12.9876
11.2539
11.8415
14.8697
14.622
14.8683
14.6167
10.3675
8.81697
7.86025
7.19789
6.2757
4.63471
4.52478
7.50927
9.67996
8.62072
6.03267
5.0252
6.17287
7.48473
9.01972
11.2189
13.9244
14.6247
14.6157
14.6959
14.616
14.71
11.5335
10.5008
10.9071
11.2622
12.8924
14.8988
14.6177
12.4407
10.3941
9.2762
8.48953
7.89435
7.1502
5.66674
5.4248
8.44877
12.0731
12.2801
7.45614
6.39771
7.85146
10.5602
11.5264
12.3263
14.2126
14.6155
14.6774
14.6156
14.7095
12.9372
9.13112
10.1458
11.4006
12.1205
12.4209
13.7986
14.8306
11.7873
10.9942
10.2324
9.45322
8.65131
7.8711
6.75288
6.63971
9.51632
14.2587
16.8502
14.3925
10.3642
10.1987
13.904
13.1187
13.0151
14.324
14.6468
14.6153
14.709
14.3333
9.38244
8.2398
9.93242
11.597
12.9411
13.4077
13.3825
13.2714
12.9276
12.562
11.9233
10.7945
9.42158
8.33631
7.63685
8.00268
10.8913
16.3983
20.9281
20.7404
14.1117
12.5241
16.1921
13.9134
13.2953
14.3887
14.6151
14.6842
13.8784
9.82174
7.39613
7.51167
9.23528
11.3693
13.192
13.7794
13.796
13.7795
13.7721
13.6486
13.2763
11.8063
9.89069
8.48857
8.16599
9.24845
12.2705
17.7546
22.1943
22.6509
17.2826
15.0797
16.9497
14.133
13.3315
14.3019
14.6609
14.6148
10.7169
7.30638
6.4063
6.56064
8.03314
10.5944
13.0932
13.8011
13.7798
13.8019
13.7799
13.7846
13.6542
12.0959
9.98251
8.46881
8.40661
9.97044
12.9284
18.0424
22.5474
22.7867
19.926
18.3612
17.0385
13.6917
13.0187
13.954
14.6144
13.5032
9.70856
6.91619
6.16423
6.16653
7.01591
9.75294
12.7518
13.7799
13.8095
13.7801
13.8022
13.7801
13.2785
11.5751
9.4379
8.24893
8.45351
10.1295
12.972
17.7773
22.7866
22.8951
21.7062
21.5312
16.9602
12.3291
12.5781
13.6467
14.4509
12.8789
10.2276
7.69782
6.28789
6.16234
6.68008
9.41299
12.4945
13.6263
13.7802
13.6171
13.3724
12.7498
11.1985
9.46584
7.84824
7.43584
8.08149
9.61947
11.683
15.5118
22.8147
22.8022
22.7903
24.0764
16.3802
10.167
12.1524
13.636
14.0319
13.4483
11.7555
9.30882
7.19748
6.304
6.89624
9.59095
12.4474
13.2178
12.8113
11.4468
10.184
9.08036
7.76768
6.56523
5.75708
5.91401
6.68208
7.71561
8.82655
11.6128
21.6793
22.9366
22.8224
26.1083
15.3277
9.75996
11.723
13.8549
14.0092
13.9596
13.3591
11.2589
8.83985
7.6992
8.42036
10.672
12.5004
12.7271
11.1451
8.3702
6.31523
5.27792
4.59199
4.05754
3.86043
4.09638
4.65537
5.23581
5.82841
7.89977
17.8271
22.817
22.8365
27.2481
14.1418
9.89501
11.3237
13.9035
13.9905
13.9717
13.9341
12.9921
10.8304
9.96283
10.5855
11.6712
12.4708
11.419
8.36045
5.15198
3.4331
2.79365
2.52825
2.40619
2.45105
2.60088
2.92544
3.36588
3.85409
5.43092
13.3882
22.9253
22.0676
27.301
12.6993
9.76249
11.1447
13.8799
13.9718
13.953
13.9342
13.8206
12.5543
11.8692
12.0207
11.9497
11.5971
8.95505
5.32606
2.89429
1.91444
1.59486
1.51652
1.53763
1.61631
1.71728
1.93268
2.34661
2.87025
4.14064
9.84058
22.4286
20.3374
25.5564
11.1666
9.89593
11.4967
13.9122
13.9641
13.9344
13.9259
13.8937
13.5118
12.7622
12.4243
11.8226
9.34116
5.8622
3.13906
1.80596
1.33236
1.18434
1.17533
1.1985
1.26182
1.34963
1.51001
1.8099
2.27673
3.25003
7.29451
17.7364
17.8514
22.6255
10.4514
9.86281
12.0219
13.9202
13.9362
13.9609
13.8973
13.8795
13.7828
12.9188
11.9415
9.81313
6.30582
3.42444
2.00091
1.43769
1.18489
1.14113
1.14129
1.14133
1.17995
1.25531
1.3638
1.53443
1.82672
2.45308
5.2101
12.5033
14.6345
21.0058
11.3432
10.392
12.3244
13.8984
13.969
13.8978
13.9232
13.8605
13.5357
11.8283
9.54642
6.56682
3.68957
2.07825
1.56072
1.36775
1.17787
1.14145
1.14162
1.14591
1.1787
1.25667
1.32295
1.38401
1.49886
1.96447
3.87045
7.76652
11.5235
24.0491
20.3356
16.4353
12.7816
13.6961
13.898
13.9547
13.8605
13.8632
11.4795
8.64424
6.03809
3.72575
2.16787
1.54929
1.44437
1.37911
1.2271
1.1432
1.14394
1.14974
1.1939
1.27267
1.30683
1.30243
1.38323
1.68583
2.73917
5.22082
9.00671
48.4265
41.1198
25.5893
14.3621
13.3464
13.8924
13.8605
13.9009
11.9765
7.52811
4.996
3.26084
2.14177
1.57083
1.43199
1.43168
1.41034
1.28644
1.15268
1.14336
1.14992
1.20819
1.28109
1.28076
1.28913
1.3352
1.48515
2.02672
3.91992
7.07621
71.9779
59.1972
31.0451
17.1081
13.3373
13.1601
13.0948
10.5411
6.21924
3.91074
2.61399
1.89067
1.56735
1.44113
1.43461
1.43877
1.42451
1.31761
1.17037
1.13882
1.14471
1.20926
1.27834
1.27908
1.27157
1.25715
1.32076
1.64209
3.15681
5.58273
74.1581
65.9088
32.5843
18.8365
13.612
10.0921
7.14319
4.58943
2.8284
2.06929
1.63608
1.48799
1.45742
1.45262
1.46112
1.4462
1.41875
1.32171
1.18381
1.13883
1.14636
1.20364
1.25578
1.2507
1.20953
1.18349
1.20762
1.43766
2.61708
4.39928
74.1589
57.8697
26.8917
17.1302
12.363
7.55023
3.96017
2.1809
1.64435
1.50033
1.46837
1.46793
1.46751
1.49387
1.49415
1.4473
1.38778
1.30292
1.18833
1.13885
1.14374
1.16636
1.18535
1.17851
1.15689
1.14454
1.15468
1.33516
2.23011
3.53707
74.1619
28.5708
12.0807
9.28282
7.26045
4.57213
2.38853
1.51192
1.47036
1.46954
1.46923
1.4688
1.4903
1.52058
1.50369
1.41459
1.32539
1.25539
1.17773
1.13063
1.11927
1.11402
1.11413
1.12317
1.1317
1.13511
1.14368
1.30315
1.99087
2.97884
69.2602
11.7011
4.59002
3.9686
3.42124
2.63297
1.72431
1.47191
1.46951
1.47063
1.47011
1.46969
1.50497
1.52119
1.45772
1.33294
1.24545
1.18954
1.14537
1.10975
1.08614
1.07817
1.08455
1.10781
1.13001
1.14723
1.17111
1.3139
1.85123
2.61185
23.5043
5.72051
2.48685
2.26357
2.11057
1.98819
1.58234
1.471
1.47215
1.47251
1.50211
1.49785
1.50118
1.47222
1.31829
1.21985
1.16319
1.12117
1.09705
1.07787
1.05778
1.06238
1.08392
1.1179
1.15117
1.18403
1.22445
1.3522
1.74809
2.31178
4.74849
3.09444
2.05332
1.95541
1.92022
1.91836
1.71567
1.47432
1.47208
1.56401
1.6318
1.55619
1.41714
1.25406
1.12785
1.10271
1.07859
1.05026
1.03934
1.03519
1.02726
1.04593
1.08624
1.12738
1.16614
1.20712
1.25513
1.37273
1.62009
1.99873
2.4139
2.36539
2.08618
2.08695
2.07733
2.33499
2.32602
1.74398
1.53798
1.73673
1.74457
1.57645
1.2173
1.03127
0.99799
1.01034
1.00792
0.994291
0.99151
0.99299
0.991819
1.00878
1.05235
1.09983
1.1424
1.18938
1.24385
1.32692
1.43416
1.67342
2.44121
2.59808
3.17657
3.13714
2.88981
3.23675
3.2558
2.4079
1.88575
1.8745
1.77073
1.45737
1.02499
0.97021
0.97275
0.973986
0.975069
0.97391
0.975882
0.97631
0.978828
0.980283
0.996961
1.02767
1.06261
1.10356
1.15123
1.19305
1.24287
1.38915
2.44841
3.42544
4.68685
4.62256
3.98998
4.04079
3.87888
2.96308
2.29264
1.92651
1.65457
1.205
0.970069
0.972208
0.97067
0.973055
0.973731
0.975177
0.974191
0.976733
0.975401
0.978667
0.980415
0.983149
0.993072
1.01382
1.03763
1.05557
1.1041
1.21244
2.43865
3.73528
5.26682
5.2679
4.47433
4.28692
3.99727
3.10426
2.44359
1.91106
1.40696
1.00546
0.972347
0.970409
0.972576
0.97117
0.973478
0.97322
0.975878
0.974845
0.977874
0.977174
0.980677
0.982422
0.986624
0.989343
0.995187
1.00035
1.03466
1.13261
2.435
3.37632
5.13853
5.06613
4.1918
3.90347
3.47357
2.78849
2.3213
1.71341
1.16006
0.976549
0.972735
0.973155
0.971144
0.973186
0.972531
0.974709
0.974293
0.976735
0.976223
0.979421
0.979975
0.983989
0.986211
0.99152
0.994878
1.00156
1.01322
1.10485
2.43992
2.48547
3.71857
3.61312
3.04926
2.93675
2.56876
2.18921
1.94537
1.44145
1.03041
0.99124
0.982946
0.974604
0.97351
0.972451
0.97378
0.973807
0.975485
0.975499
0.977844
0.978509
0.98156
0.98315
0.98744
0.990655
0.996532
1.0014
1.0091
1.0916
2.82545
2.76024
2.74679
2.71633
2.47434
2.41091
2.14588
1.91831
1.7495
1.3635
1.0691
1.03622
1.00452
0.981745
0.974285
0.973413
0.973485
0.974277
0.974839
0.976287
0.977287
0.979295
0.981022
0.983875
0.986802
0.991199
0.9958
1.00208
1.00985
1.08775
)
;

boundaryField
{
    inlet
    {
        type            calculated;
        value           nonuniform List<scalar> 
30
(
1124.87
1121.42
1105.51
1097.27
1067.44
1067.08
1066.71
1066.35
1065.98
1065.62
1065.25
1064.89
1035.55
1002.6
971.666
936.632
869.898
850.947
849.768
849.768
835.252
771.15
809.294
987.45
1027.49
1027.5
1027.5
1027.49
1027.49
1027.49
)
;
    }
    outlet
    {
        type            calculated;
        value           nonuniform List<scalar> 
30
(
2.93535
2.93535
2.96344
2.95625
2.7347
2.43156
2.15466
1.9296
1.75755
1.3704
1.07409
1.03953
1.00591
0.981444
0.974063
0.973344
0.973467
0.974271
0.974835
0.976283
0.977281
0.979289
0.981015
0.983868
0.986794
0.991191
0.995791
1.00208
1.00985
1.08775
)
;
    }
    walls
    {
        type            calculated;
        value           nonuniform List<scalar> 
400
(
1124.55
991.992
1039.85
1039.85
1039.85
1020.58
1016.44
1099.4
1231.43
1261.63
1261.77
1261.91
1262.03
1266.18
1283.56
1283.55
1283.53
1187.4
748.539
538.498
476.34
451.81
452.183
457.64
475.785
521.841
627.121
797.283
958.37
1025.97
1039.39
1085.37
1179.35
1236.58
1238.84
1226.62
1202.97
1228.17
1244.41
1250.06
1246.4
1233.47
1216.3
1210.26
1251.57
1297.9
1080.67
662.942
483.781
403.207
385.252
385.668
385.668
385.668
385.893
386.836
413.452
535.701
782.629
1076.98
1274.31
1330.5
1337.2
1330.33
1312.25
1306.74
1315.1
1342.36
1371.29
1391.25
1402.65
1408.92
1412.45
1414.69
1416.56
1418.5
1420.45
1422.13
1423.27
1423.37
1423.37
1423.43
1423.26
1413.14
1391.91
1362.94
1293.08
1204.05
1204.19
1239.91
1299.86
1320.04
1320.44
1323.67
1344.56
1382.27
1412.29
1423.14
1421.34
1388.74
1331.05
1269.26
1290.52
1335.97
1340.36
1341.74
1341.78
1342.8
1352.31
1378.25
1401.25
1412.2
1412.55
1411.69
1370.16
1255.1
1021.42
963.073
1021.79
1203.68
1217.35
685.1
353.194
343.716
381.528
418.443
446.417
466.912
485.497
504.627
540.865
594.077
658.034
722.658
784.531
852.407
965.048
1113.77
1229.33
1258.67
1233.11
1077.54
935.684
812.448
428.884
102.327
18.682
7.55717
5.18021
4.43466
3.66721
2.90789
2.4963
2.57694
2.84484
3.0064
2.99907
2.9983
2.99711
2.98454
2.83452
2.77778
2.82098
2.94371
3.16387
3.33203
3.52618
3.98257
4.62303
5.28144
6.17287
7.85146
10.1987
12.5241
15.0797
18.3612
21.5312
24.0764
26.1083
27.2481
27.301
25.5564
22.6255
21.0058
24.0491
48.4265
71.9779
74.1581
74.1589
74.1619
69.2602
23.5043
4.74849
2.4139
2.44121
2.44841
2.43865
2.435
2.43992
2.82545
1027.14
848.52
782.768
783.143
783.512
783.881
842.808
1051.67
1273.65
1181.74
743.614
543.649
543.668
543.674
617.255
789.476
991.3
1158.63
1257.83
1305.02
1336.77
1367.76
1396.18
1415.75
1423.84
1423.97
1423.97
1423.97
1423.14
1244.78
684.581
185.39
58.2278
47.4573
47.0489
47.0368
47.0079
46.9968
47.0072
47.0034
46.9842
46.9662
47.0831
47.1493
47.1492
47.1714
47.2537
47.7698
49.4312
52.7145
57.5402
63.4868
70.1942
77.699
86.2625
96.2188
108.003
122.312
140
161.773
189.262
225.835
286.048
401.623
619.637
937.423
1216.28
1320.56
1351.32
1375.56
1376.64
1349.77
1262.61
1102.12
1039.7
1040.12
1040.52
1040.93
1064.91
1176.12
1297
1346.78
1360.51
1355.91
1344.42
1344.42
1349.4
1364.03
1369.73
1363.36
1350.33
1350.35
1350.36
1350.46
1365.74
1383.96
1389.88
1379.58
1339.12
1324.15
1324.15
1324.3
1342.68
1371.18
1388.22
1395.83
1399.56
1401.81
1403.42
1404.35
1404.36
1404.37
1404.35
1404.33
1397.43
1126.21
774.676
718.06
750.956
788.49
785.484
692.732
405.869
259.797
239.194
239.28
262.996
327.258
422.297
605.571
1094.02
1386.88
1403.64
1403.77
1386.01
1322.9
1238.95
1224.99
1295.64
1313.43
1185.76
1082.62
1023.81
938.402
844.982
690.234
438.857
210.206
82.739
34.7051
22.0903
20.9781
25.3377
32.3392
34.5529
31.4165
22.1121
15.5471
12.457
10.5048
8.50335
6.66044
5.54
5.36755
5.50302
5.50192
5.50464
5.50558
5.29302
5.0252
6.39771
10.3642
14.1117
17.2826
19.926
21.7062
22.7903
22.8224
22.8365
22.0676
20.3374
17.8514
14.6345
11.5235
9.00671
7.07621
5.58273
4.39928
3.53707
2.97884
2.61185
2.31178
1.99873
1.67342
1.38915
1.21244
1.13261
1.10485
1.0916
1.08775
)
;
    }
    frontAndBackPlanes
    {
        type            empty;
    }
}


// ************************************************************************* //
