/*--------------------------------*- C++ -*----------------------------------*\
| =========                 |                                                 |
| \\      /  F ield         | OpenFOAM: The Open Source CFD Toolbox           |
|  \\    /   O peration     | Version:  2.3.0                                 |
|   \\  /    A nd           | Web:      www.OpenFOAM.org                      |
|    \\/     M anipulation  |                                                 |
\*---------------------------------------------------------------------------*/
FoamFile
{
    version     2.0;
    format      ascii;
    class       volVectorField;
    location    "18";
    object      U;
}
// * * * * * * * * * * * * * * * * * * * * * * * * * * * * * * * * * * * * * //

dimensions      [0 1 -1 0 0 0 0];

internalField   nonuniform List<vector> 
1875
(
(0.113952 -0.289194 0)
(0.227159 -0.297213 0)
(0.375712 -0.250197 0)
(0.474052 -0.20301 0)
(0.550274 -0.168518 0)
(0.577006 -0.137148 0)
(0.595139 -0.114514 0)
(0.578855 -0.0918609 0)
(0.539752 -0.0725373 0)
(0.474077 -0.0346352 0)
(0.401452 -0.00720649 0)
(0.306121 0.0445942 0)
(0.197003 0.069768 0)
(0.0766401 0.152162 0)
(-0.0434337 0.109825 0)
(-0.194526 0.132685 0)
(-0.294702 0.112255 0)
(-0.393753 0.0272609 0)
(-0.466678 -0.0042085 0)
(-0.476468 -0.0756545 0)
(-0.441539 -0.1099 0)
(-0.392445 -0.164767 0)
(-0.282561 -0.207639 0)
(-0.175606 -0.201868 0)
(-0.0851813 -0.19975 0)
(0.0730636 -0.499234 0)
(0.133268 -0.443011 0)
(0.227194 -0.275913 0)
(0.272241 -0.133487 0)
(0.292498 -0.0112173 0)
(0.296929 0.0752727 0)
(0.301038 0.183068 0)
(0.268342 0.263275 0)
(0.251823 0.331776 0)
(0.210774 0.366562 0)
(0.16944 0.399524 0)
(0.126558 0.447246 0)
(0.0478149 0.43272 0)
(-0.00458702 0.408223 0)
(-0.0643627 0.439249 0)
(-0.154868 0.392756 0)
(-0.231738 0.382834 0)
(-0.318667 0.368156 0)
(-0.392704 0.253847 0)
(-0.368196 0.108609 0)
(-0.373034 -0.0277032 0)
(-0.340617 -0.121968 0)
(-0.252777 -0.26452 0)
(-0.182406 -0.328636 0)
(-0.0657199 -0.327086 0)
(0.0213543 -0.617215 0)
(0.0229444 -0.508447 0)
(0.0345473 -0.252573 0)
(0.0178861 -0.16379 0)
(0.0350996 -0.0834832 0)
(0.0326877 -0.0112976 0)
(0.0409031 0.0342271 0)
(0.0805097 0.120947 0)
(0.100208 0.204462 0)
(0.117602 0.301565 0)
(0.0866726 0.3639 0)
(0.064516 0.453402 0)
(0.0192675 0.525149 0)
(-0.0197919 0.512536 0)
(-0.0350167 0.571427 0)
(-0.0701494 0.569978 0)
(-0.101401 0.564182 0)
(-0.15157 0.500385 0)
(-0.212328 0.237566 0)
(-0.213406 -0.00943698 0)
(-0.235158 -0.150151 0)
(-0.219906 -0.295419 0)
(-0.185372 -0.438938 0)
(-0.123646 -0.572731 0)
(-0.0648406 -0.663499 0)
(-0.000373877 -0.630417 0)
(-0.0351913 -0.491039 0)
(-0.0155537 -0.29754 0)
(-0.0129277 -0.226538 0)
(0.00235653 -0.131778 0)
(0.016115 -0.0304429 0)
(0.0227771 0.0150124 0)
(0.010928 0.0625354 0)
(-0.00175174 0.17176 0)
(-0.00108426 0.300229 0)
(-0.0207383 0.425662 0)
(-0.0338001 0.545192 0)
(-0.0424107 0.57272 0)
(-0.0375062 0.516938 0)
(-0.0282416 0.564233 0)
(-0.0284543 0.556905 0)
(-0.000363034 0.543857 0)
(0.0217899 0.555203 0)
(0.0125591 0.408089 0)
(-0.0212622 0.194895 0)
(-0.0615433 -0.0130301 0)
(-0.0526338 -0.262808 0)
(-0.0497603 -0.441997 0)
(-0.0526817 -0.619491 0)
(-0.0164003 -0.770378 0)
(-0.028256 -0.528213 0)
(-0.0537518 -0.429181 0)
(-0.0772379 -0.273981 0)
(-0.105858 -0.192103 0)
(-0.115295 -0.0964788 0)
(-0.131229 -0.0132906 0)
(-0.139924 0.0773381 0)
(-0.164322 0.170904 0)
(-0.181955 0.272695 0)
(-0.191599 0.384588 0)
(-0.187164 0.472426 0)
(-0.166983 0.524188 0)
(-0.120707 0.515893 0)
(-0.0914825 0.496125 0)
(-0.0596051 0.530426 0)
(-0.0358539 0.515714 0)
(0.00263607 0.476626 0)
(0.0394127 0.50269 0)
(0.0394565 0.393008 0)
(0.0301593 0.188535 0)
(0.0370971 -0.0295706 0)
(0.0337042 -0.250087 0)
(0.0206785 -0.423425 0)
(0.00334783 -0.607682 0)
(-0.00881366 -0.803905 0)
(0.00238495 -0.468908 0)
(-0.056236 -0.364308 0)
(-0.0608062 -0.1997 0)
(-0.130327 -0.128788 0)
(-0.164435 -0.0542892 0)
(-0.201965 0.02275 0)
(-0.226611 0.107542 0)
(-0.245998 0.185161 0)
(-0.25767 0.269338 0)
(-0.25548 0.343582 0)
(-0.235792 0.408732 0)
(-0.20214 0.430716 0)
(-0.15573 0.412768 0)
(-0.12369 0.415726 0)
(-0.0843935 0.447237 0)
(-0.0450175 0.405191 0)
(-0.0317768 0.371118 0)
(0.00154802 0.434296 0)
(0.00161791 0.400629 0)
(0.00746652 0.189375 0)
(0.0375647 -0.0619067 0)
(0.0490669 -0.235399 0)
(0.0394812 -0.39909 0)
(0.0214852 -0.560783 0)
(0.00414423 -0.795975 0)
(0.00263712 -0.431035 0)
(-0.0111587 -0.335625 0)
(-0.00413151 -0.133856 0)
(-0.0637762 0.0099558 0)
(-0.117842 0.0775153 0)
(-0.172139 0.105512 0)
(-0.203371 0.169601 0)
(-0.223027 0.218496 0)
(-0.23182 0.275976 0)
(-0.226014 0.305418 0)
(-0.200974 0.318373 0)
(-0.169061 0.302315 0)
(-0.13909 0.308668 0)
(-0.126555 0.330953 0)
(-0.100227 0.342759 0)
(-0.0896017 0.347086 0)
(-0.0883193 0.381741 0)
(-0.0975409 0.428306 0)
(-0.0754646 0.365234 0)
(-0.0270224 0.0703812 0)
(0.00559616 -0.128195 0)
(0.0187491 -0.263909 0)
(0.0245344 -0.382044 0)
(0.011864 -0.534657 0)
(0.00723161 -0.765102 0)
(0.0189852 -0.428421 0)
(0.0199518 -0.325678 0)
(0.0187166 -0.126431 0)
(0.0322351 0.119021 0)
(-0.0245689 0.166893 0)
(-0.070082 0.213491 0)
(-0.0972663 0.207991 0)
(-0.123287 0.24413 0)
(-0.126109 0.267276 0)
(-0.124682 0.269643 0)
(-0.118217 0.278376 0)
(-0.116229 0.286308 0)
(-0.117278 0.306775 0)
(-0.124087 0.327964 0)
(-0.120994 0.343469 0)
(-0.142256 0.382584 0)
(-0.159103 0.425339 0)
(-0.151799 0.402393 0)
(-0.0946463 0.255398 0)
(-0.0427091 -0.0226063 0)
(-0.0255767 -0.140435 0)
(-0.0148039 -0.266481 0)
(-0.00103707 -0.383045 0)
(0.00200115 -0.524092 0)
(0.00166384 -0.752264 0)
(0.0245915 -0.542788 0)
(0.0439339 -0.349781 0)
(0.0245346 -0.170769 0)
(0.0646945 0.0689749 0)
(0.04292 0.313809 0)
(-0.0138813 0.276409 0)
(-0.0507322 0.273493 0)
(-0.0592749 0.280072 0)
(-0.0660325 0.275207 0)
(-0.0783687 0.284975 0)
(-0.0864285 0.297483 0)
(-0.102565 0.306513 0)
(-0.122034 0.327987 0)
(-0.141965 0.355793 0)
(-0.168091 0.388227 0)
(-0.182178 0.424266 0)
(-0.184617 0.406864 0)
(-0.148707 0.307595 0)
(-0.0882284 0.0820611 0)
(-0.0762452 -0.0543908 0)
(-0.0657127 -0.193504 0)
(-0.0506555 -0.314455 0)
(-0.0344759 -0.414148 0)
(-0.0187753 -0.544487 0)
(-0.0050694 -0.757046 0)
(0.00831534 -0.588221 0)
(0.0221327 -0.331009 0)
(-0.0022081 -0.14891 0)
(0.0178807 0.0559145 0)
(0.0376048 0.325257 0)
(0.0253122 0.413508 0)
(-0.0323485 0.312451 0)
(-0.051985 0.297232 0)
(-0.0603764 0.304158 0)
(-0.0767799 0.320541 0)
(-0.0983972 0.330041 0)
(-0.118532 0.368841 0)
(-0.137357 0.395389 0)
(-0.15482 0.41493 0)
(-0.16544 0.431112 0)
(-0.172106 0.430664 0)
(-0.154359 0.358317 0)
(-0.107589 0.179641 0)
(-0.0963702 0.0657649 0)
(-0.0860018 -0.079143 0)
(-0.0801545 -0.216657 0)
(-0.0713143 -0.355478 0)
(-0.048906 -0.46794 0)
(-0.0269888 -0.605146 0)
(-0.00900003 -0.810326 0)
(0.000771806 -0.597863 0)
(-0.00149379 -0.282865 0)
(-0.0182686 -0.127968 0)
(-0.0191697 -0.000226897 0)
(0.024078 0.291205 0)
(0.0613932 0.451202 0)
(0.0138628 0.447102 0)
(-0.0284208 0.329651 0)
(-0.0573093 0.332166 0)
(-0.077531 0.376383 0)
(-0.0912916 0.39417 0)
(-0.113753 0.3942 0)
(-0.124593 0.411707 0)
(-0.134747 0.421938 0)
(-0.14046 0.429615 0)
(-0.138239 0.385327 0)
(-0.101566 0.26331 0)
(-0.0821415 0.155969 0)
(-0.0697844 0.0442822 0)
(-0.0598912 -0.0907007 0)
(-0.0582644 -0.229855 0)
(-0.04985 -0.39223 0)
(-0.0340334 -0.523167 0)
(-0.0185319 -0.63709 0)
(-0.00373694 -0.839473 0)
(-0.00354143 -0.591045 0)
(-0.00361549 -0.272644 0)
(-0.0109467 -0.109288 0)
(-0.019451 -0.0279296 0)
(0.00891427 0.180834 0)
(0.0757685 0.413653 0)
(0.11069 0.5181 0)
(0.0581953 0.487649 0)
(-8.67282e-05 0.400608 0)
(-0.0394711 0.392042 0)
(-0.055251 0.411489 0)
(-0.0696669 0.441726 0)
(-0.073526 0.441808 0)
(-0.0728825 0.440615 0)
(-0.0678758 0.422263 0)
(-0.0434239 0.341675 0)
(-0.0301776 0.218717 0)
(-0.0188277 0.102022 0)
(-0.0200194 -0.00276585 0)
(-0.0081902 -0.103807 0)
(-0.00915514 -0.227623 0)
(-0.0102773 -0.400163 0)
(-0.0116426 -0.546042 0)
(-0.00833071 -0.654646 0)
(-0.0019121 -0.855668 0)
(-0.00190215 -0.584604 0)
(0.00698349 -0.274956 0)
(0.0195533 -0.103785 0)
(0.0130806 -0.0338374 0)
(0.0174665 0.0527659 0)
(0.0750548 0.242035 0)
(0.143249 0.476961 0)
(0.178384 0.554326 0)
(0.140294 0.561358 0)
(0.0925883 0.514884 0)
(0.0401734 0.459121 0)
(0.0226589 0.415414 0)
(0.0260442 0.413799 0)
(0.046037 0.404637 0)
(0.0681435 0.387743 0)
(0.100526 0.331721 0)
(0.113283 0.253056 0)
(0.106878 0.168249 0)
(0.0842301 0.047532 0)
(0.070182 -0.0893361 0)
(0.0592837 -0.189674 0)
(0.0434656 -0.354361 0)
(0.027387 -0.52072 0)
(0.0135319 -0.640011 0)
(0.00428202 -0.852003 0)
(0.00599309 -0.600324 0)
(0.0251253 -0.332878 0)
(0.0519171 -0.13256 0)
(0.0567835 -0.0111021 0)
(0.0504273 0.0312678 0)
(0.0636262 0.106149 0)
(0.123231 0.293825 0)
(0.199125 0.507568 0)
(0.227227 0.581274 0)
(0.214184 0.597698 0)
(0.195068 0.576788 0)
(0.149056 0.516254 0)
(0.112383 0.412834 0)
(0.110836 0.360674 0)
(0.117325 0.309318 0)
(0.136649 0.258987 0)
(0.144916 0.217632 0)
(0.140371 0.175763 0)
(0.123593 0.0867556 0)
(0.104906 -0.0593273 0)
(0.0834722 -0.157576 0)
(0.0603527 -0.318909 0)
(0.0409627 -0.477954 0)
(0.0230888 -0.597584 0)
(0.00898428 -0.8135 0)
(0.00848484 -0.645201 0)
(0.0333897 -0.393979 0)
(0.0571918 -0.176829 0)
(0.0719951 -0.0183828 0)
(0.0687316 0.0475162 0)
(0.0651546 0.0746315 0)
(0.0840975 0.148465 0)
(0.148347 0.334527 0)
(0.221601 0.534114 0)
(0.233442 0.603603 0)
(0.224889 0.611153 0)
(0.212315 0.584529 0)
(0.176514 0.503922 0)
(0.137366 0.386559 0)
(0.126731 0.303283 0)
(0.130331 0.250028 0)
(0.131002 0.222823 0)
(0.120313 0.194178 0)
(0.0996606 0.126335 0)
(0.096237 -0.0128403 0)
(0.0738662 -0.104408 0)
(0.0522834 -0.276714 0)
(0.0363423 -0.44658 0)
(0.021207 -0.571041 0)
(0.0062524 -0.792289 0)
(0.00541356 -0.697689 0)
(0.0274826 -0.456287 0)
(0.043437 -0.222751 0)
(0.0546333 -0.0392597 0)
(0.0558229 0.0561539 0)
(0.0532306 0.0723728 0)
(0.0593496 0.103606 0)
(0.0825216 0.190766 0)
(0.155376 0.395218 0)
(0.209032 0.574203 0)
(0.209719 0.623295 0)
(0.20344 0.619381 0)
(0.186422 0.579325 0)
(0.144874 0.457574 0)
(0.12201 0.323605 0)
(0.11147 0.260873 0)
(0.0920778 0.250783 0)
(0.0624125 0.245274 0)
(0.0587123 0.126207 0)
(0.0688653 0.00677427 0)
(0.0527955 -0.0700979 0)
(0.0415585 -0.246348 0)
(0.0317457 -0.409959 0)
(0.0185114 -0.534918 0)
(0.00740459 -0.75919 0)
(0.000870153 -0.720502 0)
(0.0101498 -0.473965 0)
(0.0105789 -0.235105 0)
(0.0213396 -0.0414863 0)
(0.0264008 0.0517774 0)
(0.0267866 0.0680842 0)
(0.0337181 0.0745501 0)
(0.0477372 0.127358 0)
(0.0782115 0.254425 0)
(0.144659 0.484634 0)
(0.167474 0.61634 0)
(0.157763 0.640617 0)
(0.148253 0.624246 0)
(0.120314 0.525655 0)
(0.0864384 0.364984 0)
(0.0732871 0.323859 0)
(0.0341306 0.330917 0)
(0.0134232 0.266654 0)
(0.0232286 0.0820433 0)
(0.0306268 0.0169224 0)
(0.0279987 -0.0520264 0)
(0.0249621 -0.236184 0)
(0.0196876 -0.393393 0)
(0.0120723 -0.514996 0)
(0.004287 -0.740982 0)
(-0.00649486 -0.721834 0)
(-0.0177767 -0.461455 0)
(-0.0248497 -0.237433 0)
(-0.0132163 -0.0663122 0)
(-0.000284442 0.0517287 0)
(0.0071177 0.0598389 0)
(0.0164346 0.052878 0)
(0.029019 0.0900797 0)
(0.0400322 0.193676 0)
(0.0778067 0.396703 0)
(0.111113 0.588383 0)
(0.104662 0.664768 0)
(0.0962023 0.660162 0)
(0.0837228 0.584004 0)
(0.0379857 0.406598 0)
(0.0282028 0.376906 0)
(-0.00230548 0.391816 0)
(-0.00393898 0.265064 0)
(-0.00540897 0.0707017 0)
(-0.00119971 0.0107484 0)
(0.00798452 -0.0593373 0)
(0.0148282 -0.237404 0)
(0.0120055 -0.381879 0)
(0.00723698 -0.500282 0)
(0.00359089 -0.727148 0)
(-0.0185572 -0.673929 0)
(-0.0334556 -0.429606 0)
(-0.0426539 -0.236427 0)
(-0.0334148 -0.0973913 0)
(-0.0111544 0.00879314 0)
(0.00809603 0.0301352 0)
(0.0227359 0.0282916 0)
(0.0314685 0.0602908 0)
(0.0321228 0.157226 0)
(0.0429088 0.335637 0)
(0.0716632 0.555602 0)
(0.0761261 0.673323 0)
(0.0685357 0.685444 0)
(0.0664357 0.634549 0)
(0.0375994 0.480693 0)
(0.00920716 0.423134 0)
(-0.00515211 0.410502 0)
(-0.00272788 0.269217 0)
(-0.0115365 0.0813231 0)
(-0.0106998 -0.0107477 0)
(0.00385151 -0.0883869 0)
(0.0107325 -0.24194 0)
(0.010277 -0.377237 0)
(0.00748647 -0.490508 0)
(0.00387939 -0.71936 0)
(-0.0155816 -0.617828 0)
(-0.0360321 -0.397818 0)
(-0.043878 -0.236541 0)
(-0.0343624 -0.135695 0)
(-0.00879968 -0.0483155 0)
(0.0175181 -0.0212475 0)
(0.0325586 -0.00432849 0)
(0.0337786 0.0593259 0)
(0.0213996 0.159086 0)
(0.0156541 0.309619 0)
(0.0306403 0.51187 0)
(0.0414643 0.661377 0)
(0.0432233 0.688005 0)
(0.0479019 0.649521 0)
(0.031445 0.540848 0)
(0.024576 0.471361 0)
(0.0110702 0.433759 0)
(0.0119014 0.277398 0)
(0.00785732 0.0950394 0)
(0.00471787 -0.023756 0)
(0.0104716 -0.109464 0)
(0.0162047 -0.250033 0)
(0.0137062 -0.377042 0)
(0.00926488 -0.483729 0)
(0.00509215 -0.70402 0)
(-0.016056 -0.569487 0)
(-0.0400488 -0.368981 0)
(-0.0478039 -0.239978 0)
(-0.0426593 -0.175205 0)
(-0.0249766 -0.114407 0)
(-0.00649924 -0.0679282 0)
(-0.00674028 -0.0139438 0)
(-0.0119649 0.0861171 0)
(-0.023834 0.189228 0)
(-0.0361738 0.327097 0)
(-0.0328402 0.510316 0)
(-0.0171537 0.643319 0)
(-0.00137915 0.668172 0)
(0.0224786 0.637789 0)
(0.0246141 0.537651 0)
(0.0339413 0.470336 0)
(0.0320152 0.432764 0)
(0.0376662 0.28844 0)
(0.034533 0.0965609 0)
(0.0292651 -0.0147635 0)
(0.0331188 -0.111477 0)
(0.0317906 -0.241828 0)
(0.0244788 -0.362095 0)
(0.015556 -0.463638 0)
(0.00568295 -0.686031 0)
(-0.0206526 -0.496022 0)
(-0.0541421 -0.324288 0)
(-0.0763155 -0.22792 0)
(-0.0850831 -0.181099 0)
(-0.0922039 -0.128868 0)
(-0.097847 -0.0625815 0)
(-0.109575 0.012044 0)
(-0.113869 0.116123 0)
(-0.115625 0.221814 0)
(-0.11642 0.346625 0)
(-0.0982055 0.499074 0)
(-0.0708788 0.594235 0)
(-0.0316404 0.616176 0)
(0.00968098 0.594056 0)
(0.0270398 0.520216 0)
(0.0472916 0.452504 0)
(0.0562356 0.420839 0)
(0.0661472 0.293524 0)
(0.060894 0.114935 0)
(0.0534332 -0.0214564 0)
(0.0510268 -0.11072 0)
(0.0449506 -0.228597 0)
(0.0334901 -0.340819 0)
(0.0206402 -0.438037 0)
(0.0073452 -0.659637 0)
(-0.018833 -0.390702 0)
(-0.0714129 -0.228808 0)
(-0.129612 -0.162194 0)
(-0.161823 -0.118323 0)
(-0.187326 -0.0751768 0)
(-0.204805 -0.025608 0)
(-0.20642 0.0351606 0)
(-0.205288 0.109828 0)
(-0.185976 0.196463 0)
(-0.168454 0.306187 0)
(-0.134005 0.420157 0)
(-0.0860704 0.483012 0)
(-0.0360451 0.497776 0)
(0.0174451 0.500004 0)
(0.0464729 0.468689 0)
(0.0727147 0.408525 0)
(0.0921528 0.381542 0)
(0.102346 0.290302 0)
(0.0978878 0.124563 0)
(0.0832081 -0.00474033 0)
(0.0712306 -0.0972289 0)
(0.058682 -0.209919 0)
(0.0421163 -0.312129 0)
(0.0243293 -0.40488 0)
(0.00781433 -0.628712 0)
(-0.0156824 -0.294304 0)
(-0.0549052 -0.0769848 0)
(-0.141246 -0.0324905 0)
(-0.20422 -0.0456638 0)
(-0.239138 -0.0264824 0)
(-0.250205 -0.00733414 0)
(-0.239363 0.0199601 0)
(-0.21467 0.0751902 0)
(-0.186758 0.148767 0)
(-0.153425 0.241421 0)
(-0.108058 0.323379 0)
(-0.0587771 0.368594 0)
(-0.00621216 0.388654 0)
(0.0417015 0.406331 0)
(0.0802598 0.405055 0)
(0.109805 0.364504 0)
(0.132893 0.346351 0)
(0.149864 0.293415 0)
(0.144445 0.171945 0)
(0.125855 0.0415882 0)
(0.104597 -0.0510263 0)
(0.0805951 -0.156762 0)
(0.0559188 -0.255839 0)
(0.0318851 -0.350202 0)
(0.00957266 -0.584294 0)
(-0.00190865 -0.259427 0)
(-0.0129855 0.00114583 0)
(-0.0350633 0.129454 0)
(-0.111413 0.105313 0)
(-0.18317 0.00328365 0)
(-0.200639 -0.042552 0)
(-0.198335 -0.0554874 0)
(-0.172074 -0.0312499 0)
(-0.142604 0.0405635 0)
(-0.101436 0.108887 0)
(-0.0558095 0.183219 0)
(-0.0157583 0.236016 0)
(0.0306313 0.259265 0)
(0.0653682 0.293694 0)
(0.105344 0.30642 0)
(0.123537 0.29839 0)
(0.142269 0.289081 0)
(0.147732 0.268838 0)
(0.146581 0.19805 0)
(0.136943 0.0801317 0)
(0.10691 0.000538419 0)
(0.0788455 -0.103292 0)
(0.0544647 -0.200859 0)
(0.0299663 -0.298177 0)
(0.00839183 -0.543319 0)
(0.00196873 -0.253526 0)
(0.00291097 9.62838e-05 0)
(0.00735211 0.162327 0)
(-0.00435142 0.252775 0)
(-0.0610258 0.196422 0)
(-0.105617 0.0322963 0)
(-0.103584 -0.049778 0)
(-0.0983284 -0.0575714 0)
(-0.0788668 -0.0229378 0)
(-0.0522025 0.0408021 0)
(-0.0183846 0.118205 0)
(0.0183612 0.171063 0)
(0.0479603 0.201141 0)
(0.0703576 0.225281 0)
(0.0966592 0.264569 0)
(0.107386 0.279534 0)
(0.116938 0.278727 0)
(0.118284 0.264432 0)
(0.121297 0.197751 0)
(0.100398 0.127106 0)
(0.0726014 0.0587478 0)
(0.0581613 -0.0524991 0)
(0.0408003 -0.14725 0)
(0.0220849 -0.252196 0)
(0.00625607 -0.508253 0)
(0.000243721 -0.251888 0)
(-0.00637546 0.00662151 0)
(-0.00932392 0.160075 0)
(-0.0119045 0.270292 0)
(-0.0293422 0.254806 0)
(-0.0515008 0.0808033 0)
(-0.0533801 -0.0589215 0)
(-0.0541379 -0.0782943 0)
(-0.0464023 -0.0599288 0)
(-0.0313379 -0.0218066 0)
(-0.0117059 0.0267233 0)
(0.00746583 0.0905247 0)
(0.019699 0.145982 0)
(0.0305687 0.181378 0)
(0.041885 0.224138 0)
(0.0560546 0.255656 0)
(0.0595056 0.265442 0)
(0.0594608 0.262738 0)
(0.0615966 0.233495 0)
(0.0355308 0.188661 0)
(0.0367799 0.0805098 0)
(0.0357213 -0.0319995 0)
(0.0265735 -0.116348 0)
(0.0149853 -0.222571 0)
(0.00486013 -0.485567 0)
(-0.000262415 -0.242351 0)
(-0.010496 0.0276448 0)
(-0.0217154 0.174622 0)
(-0.028803 0.285389 0)
(-0.0410108 0.278784 0)
(-0.0550424 0.0917046 0)
(-0.0663705 -0.0466468 0)
(-0.0792963 -0.0694008 0)
(-0.0871997 -0.0629745 0)
(-0.0900877 -0.0316998 0)
(-0.0883461 0.0337262 0)
(-0.0750714 0.104725 0)
(-0.0632634 0.159123 0)
(-0.0616367 0.181557 0)
(-0.054045 0.21086 0)
(-0.0371646 0.247677 0)
(-0.0301542 0.263093 0)
(-0.0161629 0.261208 0)
(-0.0140884 0.236567 0)
(-0.0014677 0.171196 0)
(0.0163264 0.054304 0)
(0.0201444 -0.0270809 0)
(0.0166488 -0.104048 0)
(0.00912134 -0.204963 0)
(0.00393448 -0.468703 0)
(-0.000464605 -0.2333 0)
(-0.00870999 0.056512 0)
(-0.0186558 0.197172 0)
(-0.0249607 0.31089 0)
(-0.0371399 0.315398 0)
(-0.0610905 0.130697 0)
(-0.0874556 -0.00676389 0)
(-0.128695 -0.0449162 0)
(-0.151732 -0.0465553 0)
(-0.172882 -0.00960625 0)
(-0.17401 0.0146675 0)
(-0.163765 0.0591391 0)
(-0.135601 0.130169 0)
(-0.113645 0.170437 0)
(-0.0968544 0.187423 0)
(-0.0714678 0.213493 0)
(-0.0485197 0.230218 0)
(-0.0271584 0.234642 0)
(-0.0135931 0.217399 0)
(0.0116477 0.123153 0)
(0.0238689 0.0371409 0)
(0.0222338 -0.0222569 0)
(0.0187526 -0.0908781 0)
(0.00921015 -0.184516 0)
(0.0048331 -0.451759 0)
(7.91103e-05 -0.229444 0)
(-0.00302823 0.0724199 0)
(-0.00850981 0.201325 0)
(-0.00757161 0.32203 0)
(-0.00654544 0.355701 0)
(-0.0273391 0.219333 0)
(-0.0492495 0.0959241 0)
(-0.0819474 0.0689677 0)
(-0.136873 0.0445573 0)
(-0.175849 0.006129 0)
(-0.197094 0.00391116 0)
(-0.204659 0.0145405 0)
(-0.188866 0.0446236 0)
(-0.153937 0.0853399 0)
(-0.121143 0.11624 0)
(-0.0885084 0.139019 0)
(-0.0525185 0.164834 0)
(-0.0220651 0.183188 0)
(0.00729999 0.160081 0)
(0.0284329 0.0902098 0)
(0.029286 0.0431948 0)
(0.0272142 -0.0133683 0)
(0.018777 -0.0713341 0)
(0.0090671 -0.167189 0)
(0.00568493 -0.437832 0)
(-0.00103249 -0.224523 0)
(-0.00294695 0.0830436 0)
(-0.0103584 0.206317 0)
(-0.00826376 0.311976 0)
(0.00159993 0.354868 0)
(0.00296299 0.247802 0)
(-0.00379773 0.1238 0)
(-0.0153123 0.119799 0)
(-0.039484 0.157255 0)
(-0.0809958 0.127151 0)
(-0.113268 0.0875461 0)
(-0.137388 0.0381654 0)
(-0.145439 0.0154065 0)
(-0.144615 0.0161679 0)
(-0.136683 0.0336262 0)
(-0.117021 0.0547214 0)
(-0.0871973 0.0729498 0)
(-0.0505373 0.095578 0)
(-0.0157443 0.0959977 0)
(0.00764326 0.070589 0)
(0.0134115 0.0378228 0)
(0.0155992 -0.0050064 0)
(0.00937535 -0.0550138 0)
(0.00515475 -0.159529 0)
(0.00534273 -0.424591 0)
(-0.000477506 -0.219849 0)
(-0.00241016 0.094477 0)
(-0.0112504 0.220301 0)
(-0.0156847 0.292096 0)
(-0.00162388 0.328083 0)
(0.0111072 0.240631 0)
(0.011174 0.136751 0)
(-0.00529426 0.147009 0)
(-0.0208525 0.199368 0)
(-0.0417307 0.178162 0)
(-0.0495446 0.128894 0)
(-0.061036 0.0846516 0)
(-0.0689736 0.0624221 0)
(-0.0767304 0.0594207 0)
(-0.0801734 0.0536897 0)
(-0.0829438 0.0300412 0)
(-0.0776022 0.0203528 0)
(-0.0600709 0.018628 0)
(-0.0320348 0.0245014 0)
(-0.0120612 0.0286844 0)
(-0.000195175 0.0218343 0)
(0.00323856 -0.00561877 0)
(0.000416589 -0.0471009 0)
(0.00241162 -0.158797 0)
(0.00598299 -0.414466 0)
(0.000446921 -0.216872 0)
(0.00295121 0.1002 0)
(-0.00504853 0.245005 0)
(-0.017163 0.286675 0)
(-0.00945258 0.291668 0)
(0.00423563 0.220633 0)
(0.00159163 0.156968 0)
(-0.028166 0.196668 0)
(-0.0438062 0.227623 0)
(-0.0541322 0.188575 0)
(-0.0606964 0.135715 0)
(-0.066246 0.0901296 0)
(-0.0634518 0.055637 0)
(-0.0551277 0.0455708 0)
(-0.0431276 0.0499405 0)
(-0.0415727 0.0517225 0)
(-0.0467262 0.026557 0)
(-0.0439193 -0.00666252 0)
(-0.0334803 -0.0121842 0)
(-0.0205669 0.00155463 0)
(-0.0142803 0.00834514 0)
(-0.0104475 -0.00790568 0)
(-0.0106085 -0.048412 0)
(6.00622e-05 -0.173471 0)
(0.00576924 -0.404201 0)
(0.00127082 -0.226662 0)
(0.00705159 0.0951754 0)
(0.00506454 0.273227 0)
(-0.0129172 0.295766 0)
(-0.0142622 0.273832 0)
(-0.00910953 0.214408 0)
(-0.0230045 0.20671 0)
(-0.044822 0.248369 0)
(-0.0567658 0.257416 0)
(-0.0662581 0.207564 0)
(-0.0763805 0.151172 0)
(-0.0867315 0.0885706 0)
(-0.0833404 0.0329157 0)
(-0.0752985 0.014242 0)
(-0.0555839 0.0207881 0)
(-0.044377 0.0417088 0)
(-0.0402029 0.0284131 0)
(-0.0411032 -0.0144648 0)
(-0.0360093 -0.0281664 0)
(-0.0314127 -0.0108154 0)
(-0.0283038 -0.00107407 0)
(-0.0243762 -0.0147667 0)
(-0.01804 -0.0664479 0)
(-0.000213906 -0.202333 0)
(0.00386781 -0.397427 0)
(0.00113299 -0.23322 0)
(0.0068557 0.0835351 0)
(0.0117945 0.294296 0)
(-0.00150825 0.331534 0)
(-0.0133329 0.277649 0)
(-0.0234945 0.231038 0)
(-0.035644 0.238206 0)
(-0.0416905 0.272711 0)
(-0.0461146 0.274427 0)
(-0.051248 0.228283 0)
(-0.0606248 0.177366 0)
(-0.07355 0.110448 0)
(-0.0870792 0.0192797 0)
(-0.0863981 -0.0166887 0)
(-0.0739268 -0.024373 0)
(-0.0524739 0.0129661 0)
(-0.0468152 0.0215379 0)
(-0.044116 -0.0199521 0)
(-0.041242 -0.0351044 0)
(-0.0408537 -0.0150589 0)
(-0.0393632 -0.00714927 0)
(-0.0316566 -0.0310378 0)
(-0.0198828 -0.0990931 0)
(-0.000614591 -0.229477 0)
(0.00271924 -0.393008 0)
(0.00304735 -0.240845 0)
(0.00311794 0.0699801 0)
(0.0146219 0.292942 0)
(0.0155961 0.355343 0)
(0.00398556 0.319356 0)
(-0.0113352 0.267905 0)
(-0.0224402 0.252212 0)
(-0.0231848 0.273258 0)
(-0.0152969 0.274059 0)
(-0.00728562 0.241884 0)
(-0.00779581 0.201322 0)
(-0.0133127 0.150486 0)
(-0.0286022 0.0771092 0)
(-0.0463983 -0.0212884 0)
(-0.0485605 -0.0552573 0)
(-0.0438036 -0.0193913 0)
(-0.0393548 0.0118352 0)
(-0.0380199 -0.024529 0)
(-0.0391192 -0.0356047 0)
(-0.0424702 -0.0146677 0)
(-0.0413074 -0.0201477 0)
(-0.0324391 -0.0581229 0)
(-0.0201398 -0.133118 0)
(-0.000681371 -0.256899 0)
(0.00124298 -0.389548 0)
(0.00448789 -0.246266 0)
(-0.00287429 0.0571924 0)
(0.0117605 0.267288 0)
(0.0233983 0.356472 0)
(0.0234109 0.336163 0)
(0.0168026 0.294095 0)
(0.0114651 0.26374 0)
(0.014872 0.256643 0)
(0.0263881 0.244862 0)
(0.0383034 0.221062 0)
(0.044339 0.195969 0)
(0.0464831 0.157341 0)
(0.0418646 0.109827 0)
(0.0284303 0.0348677 0)
(0.00804995 -0.032727 0)
(-0.007713 -0.0178216 0)
(-0.0212703 0.0185615 0)
(-0.0211224 -0.0179197 0)
(-0.0303097 -0.0268237 0)
(-0.0371291 -0.00575223 0)
(-0.0367 -0.0284924 0)
(-0.0306177 -0.0774434 0)
(-0.0174996 -0.16789 0)
(-0.00223499 -0.279909 0)
(-0.0011816 -0.38936 0)
(0.00272603 -0.244213 0)
(-0.00868999 0.0625801 0)
(-0.00467332 0.22363 0)
(0.0187352 0.337527 0)
(0.0276558 0.335424 0)
(0.0315236 0.294677 0)
(0.0349396 0.259068 0)
(0.0428585 0.236569 0)
(0.0543401 0.220396 0)
(0.0684096 0.200563 0)
(0.0810741 0.182082 0)
(0.0886948 0.153264 0)
(0.0869982 0.118532 0)
(0.0799119 0.0705617 0)
(0.053118 0.0167837 0)
(0.0151536 0.0372551 0)
(-0.00427704 0.0449158 0)
(-0.00841388 0.00167354 0)
(-0.0248274 -0.00308698 0)
(-0.0329116 0.00268676 0)
(-0.0317256 -0.0359887 0)
(-0.0248811 -0.0979989 0)
(-0.0124255 -0.1981 0)
(-0.00571062 -0.295172 0)
(-0.0045704 -0.395648 0)
(0.000226117 -0.231716 0)
(-0.0138859 0.0848828 0)
(-0.0213174 0.209223 0)
(-0.00789963 0.2861 0)
(0.0166304 0.310819 0)
(0.0343771 0.281096 0)
(0.0541045 0.240097 0)
(0.0732023 0.21502 0)
(0.0931174 0.191298 0)
(0.110955 0.163618 0)
(0.120929 0.150788 0)
(0.120682 0.147661 0)
(0.11083 0.134627 0)
(0.090611 0.113977 0)
(0.0415779 0.106452 0)
(0.0098874 0.106316 0)
(-0.000331809 0.0708494 0)
(-0.00992425 0.0295819 0)
(-0.0262569 0.0290862 0)
(-0.0309755 0.0071762 0)
(-0.0272646 -0.0451177 0)
(-0.0170527 -0.120491 0)
(-0.00874921 -0.212244 0)
(-0.00764309 -0.299485 0)
(-0.00678303 -0.410749 0)
(-0.00127103 -0.224148 0)
(-0.00941649 0.115195 0)
(-0.0203948 0.213421 0)
(-0.0158467 0.250742 0)
(0.0112403 0.241398 0)
(0.0499076 0.212032 0)
(0.0870547 0.174952 0)
(0.119399 0.146219 0)
(0.141819 0.136231 0)
(0.145548 0.14014 0)
(0.135589 0.155291 0)
(0.113479 0.17183 0)
(0.0798001 0.191756 0)
(0.0313129 0.225995 0)
(-0.00254865 0.180629 0)
(-0.00858847 0.134145 0)
(-0.0127731 0.0859752 0)
(-0.0269174 0.0607202 0)
(-0.0343832 0.0465159 0)
(-0.0318846 0.00312672 0)
(-0.0222497 -0.0644744 0)
(-0.0113729 -0.142201 0)
(-0.00612082 -0.217574 0)
(-0.00782172 -0.299915 0)
(-0.00353172 -0.42789 0)
(-0.00633655 -0.21894 0)
(0.00298281 0.130389 0)
(-0.00361672 0.214646 0)
(0.0105845 0.215269 0)
(0.0397487 0.157078 0)
(0.0816375 0.100379 0)
(0.116836 0.080605 0)
(0.133955 0.0904226 0)
(0.13254 0.12529 0)
(0.112146 0.172662 0)
(0.0786535 0.223323 0)
(0.0333162 0.278319 0)
(-0.0111861 0.310403 0)
(-0.0356788 0.276484 0)
(-0.0371987 0.186389 0)
(-0.0333762 0.131959 0)
(-0.0393848 0.107192 0)
(-0.0479765 0.0802276 0)
(-0.0455114 0.0399338 0)
(-0.0343663 -0.0211834 0)
(-0.021931 -0.0900803 0)
(-0.0135347 -0.157777 0)
(-0.00855179 -0.219921 0)
(-0.00930744 -0.302059 0)
(0.000260496 -0.436956 0)
(-0.0115829 -0.217167 0)
(0.0120042 0.114868 0)
(0.0232422 0.192333 0)
(0.0419326 0.165359 0)
(0.0646484 0.0774112 0)
(0.0831979 0.0422171 0)
(0.0909157 0.0548611 0)
(0.0853983 0.113311 0)
(0.0607526 0.199455 0)
(0.0272746 0.268415 0)
(-0.00357222 0.323975 0)
(-0.0291824 0.358533 0)
(-0.0448845 0.355897 0)
(-0.04897 0.276075 0)
(-0.0454113 0.186018 0)
(-0.0557221 0.13769 0)
(-0.0650914 0.122635 0)
(-0.0668136 0.0767107 0)
(-0.0580981 0.0173482 0)
(-0.0459948 -0.0482116 0)
(-0.0354352 -0.10905 0)
(-0.0282548 -0.168546 0)
(-0.022832 -0.225189 0)
(-0.0158028 -0.315425 0)
(-0.00258583 -0.446691 0)
(-0.0124761 -0.209823 0)
(0.0238285 0.0537073 0)
(0.0719798 0.151061 0)
(0.0800865 0.137773 0)
(0.0736694 0.0651875 0)
(0.0621305 0.039241 0)
(0.0521668 0.0798987 0)
(0.0321853 0.17238 0)
(0.0123468 0.260947 0)
(-0.00714021 0.312506 0)
(-0.0190006 0.360483 0)
(-0.0267787 0.380677 0)
(-0.035265 0.361353 0)
(-0.0346769 0.27567 0)
(-0.0414336 0.203907 0)
(-0.0625851 0.175912 0)
(-0.0733944 0.137675 0)
(-0.0779676 0.0609359 0)
(-0.0743607 -0.00902701 0)
(-0.0683111 -0.0744242 0)
(-0.0609239 -0.133324 0)
(-0.0547777 -0.188639 0)
(-0.0490553 -0.246095 0)
(-0.0288062 -0.355161 0)
(-0.00819641 -0.475629 0)
(0.0164253 -0.219795 0)
(0.03378 -0.119026 0)
(0.104726 0.103564 0)
(0.110462 0.157128 0)
(0.0988159 0.124818 0)
(0.0590334 0.0836185 0)
(0.039527 0.120733 0)
(0.0163868 0.209147 0)
(0.00651742 0.286361 0)
(0.00358807 0.335483 0)
(-0.00417766 0.369551 0)
(-0.00301262 0.383581 0)
(-0.00527133 0.367943 0)
(-0.00527968 0.288764 0)
(-0.0219097 0.249918 0)
(-0.0405737 0.206815 0)
(-0.0548255 0.155979 0)
(-0.0633656 0.0794599 0)
(-0.0721656 -0.0104787 0)
(-0.0723386 -0.0843118 0)
(-0.0692164 -0.144769 0)
(-0.0658028 -0.199149 0)
(-0.0667291 -0.276443 0)
(-0.0393361 -0.423524 0)
(-0.0162441 -0.524348 0)
(0.025328 -0.331896 0)
(0.0413544 -0.200504 0)
(0.0726676 -0.0137481 0)
(0.093297 0.148047 0)
(0.0822184 0.171342 0)
(0.0567454 0.149591 0)
(0.0313333 0.169811 0)
(0.0155546 0.240488 0)
(0.0118041 0.287704 0)
(0.0218763 0.328966 0)
(0.0374143 0.367364 0)
(0.0434565 0.382865 0)
(0.0479887 0.369332 0)
(0.0426287 0.31755 0)
(0.0221408 0.278825 0)
(0.00734324 0.248195 0)
(-0.00663 0.183443 0)
(-0.019442 0.106624 0)
(-0.034887 0.0129702 0)
(-0.0467715 -0.082678 0)
(-0.0540888 -0.146292 0)
(-0.0570163 -0.200798 0)
(-0.0609464 -0.292715 0)
(-0.04064 -0.489065 0)
(-0.0257608 -0.590861 0)
(0.00082209 -0.382641 0)
(0.028531 -0.208731 0)
(-0.00324093 -0.0332699 0)
(0.0279839 0.152819 0)
(0.0184937 0.198046 0)
(0.012836 0.186761 0)
(-0.000835706 0.208098 0)
(-0.0095901 0.253765 0)
(0.00171755 0.271923 0)
(0.0255931 0.285839 0)
(0.0581691 0.322093 0)
(0.0908881 0.359281 0)
(0.102874 0.371328 0)
(0.102471 0.355856 0)
(0.0865022 0.327718 0)
(0.068845 0.270632 0)
(0.0573631 0.214135 0)
(0.0442613 0.139474 0)
(0.0310261 0.0585816 0)
(0.0131524 -0.0392373 0)
(-0.00445779 -0.124919 0)
(-0.019963 -0.190018 0)
(-0.0291952 -0.298608 0)
(-0.0265292 -0.509628 0)
(-0.0186551 -0.677643 0)
(-0.00802046 -0.38973 0)
(-0.0240848 -0.16158 0)
(-0.0596974 0.00245286 0)
(-0.0510287 0.141816 0)
(-0.0501168 0.188263 0)
(-0.0472081 0.205448 0)
(-0.0518572 0.23493 0)
(-0.0507738 0.242298 0)
(-0.0219232 0.220492 0)
(0.0163859 0.205536 0)
(0.0612016 0.223175 0)
(0.109411 0.286842 0)
(0.143932 0.344748 0)
(0.158912 0.36096 0)
(0.158355 0.351734 0)
(0.144887 0.320491 0)
(0.121112 0.249839 0)
(0.102591 0.172224 0)
(0.0875866 0.0865207 0)
(0.0736543 0.00665389 0)
(0.0562445 -0.0715333 0)
(0.0338053 -0.144544 0)
(0.0209269 -0.274818 0)
(0.00269138 -0.492164 0)
(-0.00663373 -0.704849 0)
(-0.028684 -0.308107 0)
(-0.0515087 -0.0828454 0)
(-0.0809308 0.0475893 0)
(-0.0842316 0.142995 0)
(-0.0851945 0.180274 0)
(-0.0840231 0.201485 0)
(-0.0837913 0.219608 0)
(-0.0714936 0.19188 0)
(-0.0336222 0.121503 0)
(0.0159355 0.102924 0)
(0.0618982 0.115886 0)
(0.108635 0.169683 0)
(0.159003 0.269265 0)
(0.183163 0.330502 0)
(0.181946 0.35894 0)
(0.17634 0.351681 0)
(0.161577 0.307795 0)
(0.137483 0.215862 0)
(0.119974 0.122402 0)
(0.104453 0.034287 0)
(0.0939725 -0.0435468 0)
(0.0711528 -0.10897 0)
(0.0648107 -0.234868 0)
(0.0321953 -0.425429 0)
(0.00727676 -0.694787 0)
(-0.0167161 -0.228177 0)
(-0.0426899 -0.0377888 0)
(-0.0611347 0.0705581 0)
(-0.0666143 0.145503 0)
(-0.0662455 0.1794 0)
(-0.0629276 0.196651 0)
(-0.0557984 0.201743 0)
(-0.0251337 0.123532 0)
(0.0258092 0.0116902 0)
(0.0621129 -0.0119218 0)
(0.0978613 0.00534297 0)
(0.12416 0.058418 0)
(0.154443 0.177693 0)
(0.169664 0.308718 0)
(0.165054 0.365524 0)
(0.160117 0.364987 0)
(0.151432 0.336544 0)
(0.135807 0.259644 0)
(0.127406 0.160673 0)
(0.118319 0.0669435 0)
(0.110765 -0.00884016 0)
(0.0919267 -0.0744862 0)
(0.0890792 -0.190863 0)
(0.0533565 -0.341923 0)
(0.0290094 -0.625716 0)
(0.00271188 -0.194523 0)
(-0.0248381 0.00750709 0)
(-0.0374597 0.0966459 0)
(-0.03958 0.145649 0)
(-0.0299558 0.166605 0)
(-0.0116967 0.171008 0)
(0.0224632 0.143548 0)
(0.0831531 0.022924 0)
(0.125206 -0.0615443 0)
(0.138963 -0.065852 0)
(0.152324 -0.0376292 0)
(0.145554 0.0339666 0)
(0.122156 0.168933 0)
(0.120908 0.301538 0)
(0.111726 0.370895 0)
(0.105304 0.378205 0)
(0.101895 0.354854 0)
(0.103882 0.268191 0)
(0.108353 0.165068 0)
(0.107972 0.0773023 0)
(0.105363 0.00857231 0)
(0.0915723 -0.0546115 0)
(0.0897271 -0.150959 0)
(0.0586251 -0.268985 0)
(0.0326145 -0.521153 0)
(0.00507489 -0.178198 0)
(-0.0125832 0.0494982 0)
(-0.0222955 0.113044 0)
(-0.0214913 0.127359 0)
(-0.00561646 0.12198 0)
(0.0296671 0.083469 0)
(0.0881596 -0.0166599 0)
(0.137289 -0.0949252 0)
(0.162647 -0.111746 0)
(0.159227 -0.0956854 0)
(0.123526 -0.0225858 0)
(0.0770151 0.124093 0)
(0.0356244 0.25457 0)
(0.0158829 0.35722 0)
(0.00968501 0.399251 0)
(0.0174817 0.386338 0)
(0.0372142 0.334184 0)
(0.0620772 0.240857 0)
(0.08012 0.149084 0)
(0.0878273 0.0749338 0)
(0.0882782 0.0204441 0)
(0.0801203 -0.0401212 0)
(0.0732404 -0.116594 0)
(0.0489604 -0.209522 0)
(0.02011 -0.434185 0)
(0.00683173 -0.181043 0)
(-0.00224222 0.070859 0)
(-0.0101075 0.118963 0)
(-0.00992885 0.108193 0)
(0.00923667 0.0570586 0)
(0.0469674 -0.0431411 0)
(0.0896197 -0.115263 0)
(0.0961793 -0.140948 0)
(0.0759719 -0.106957 0)
(0.0232751 0.0469326 0)
(-0.0332442 0.160886 0)
(-0.0745325 0.249769 0)
(-0.0902144 0.321284 0)
(-0.0895153 0.355049 0)
(-0.0636978 0.363558 0)
(-0.0315009 0.323228 0)
(0.00871884 0.251609 0)
(0.0432815 0.175258 0)
(0.0657833 0.110014 0)
(0.0745846 0.0602953 0)
(0.0764757 0.0240321 0)
(0.0714182 -0.0233824 0)
(0.057703 -0.0765025 0)
(0.0364756 -0.155474 0)
(0.00771115 -0.376131 0)
(0.00348875 -0.188479 0)
(0.00164375 0.0862142 0)
(-0.00606573 0.130446 0)
(-0.00729562 0.0894693 0)
(0.00886426 -0.00536802 0)
(0.0321671 -0.099386 0)
(0.031517 -0.127254 0)
(0.00296147 -0.0654564 0)
(-0.0546144 0.0616515 0)
(-0.100786 0.153851 0)
(-0.120999 0.204178 0)
(-0.12864 0.25859 0)
(-0.122125 0.293209 0)
(-0.0985497 0.303435 0)
(-0.0621517 0.271904 0)
(-0.0191326 0.220651 0)
(0.0207882 0.163617 0)
(0.0496808 0.11501 0)
(0.0666551 0.0803482 0)
(0.0715286 0.0529432 0)
(0.0708753 0.02659 0)
(0.0663423 0.00101825 0)
(0.0506974 -0.0332155 0)
(0.0288879 -0.106748 0)
(0.00339052 -0.34015 0)
(-4.99775e-05 -0.192052 0)
(0.000601692 0.0968296 0)
(-0.00740441 0.140749 0)
(-0.0109232 0.0815413 0)
(-0.00265672 -0.0327942 0)
(-0.00496273 -0.0874451 0)
(-0.0309855 -0.0611434 0)
(-0.0746821 0.0498694 0)
(-0.110543 0.143178 0)
(-0.125373 0.182372 0)
(-0.126724 0.216595 0)
(-0.122487 0.241503 0)
(-0.0964855 0.242591 0)
(-0.061453 0.216515 0)
(-0.0219483 0.176527 0)
(0.0154415 0.133064 0)
(0.0447714 0.0972546 0)
(0.0638937 0.074174 0)
(0.0733572 0.0621241 0)
(0.0747985 0.053364 0)
(0.0708026 0.0368725 0)
(0.0640098 0.0212466 0)
(0.0490432 0.00831451 0)
(0.0284272 -0.0560872 0)
(0.00536666 -0.306473 0)
(-0.00211916 -0.189402 0)
(0.00157207 0.105232 0)
(-0.0102383 0.157523 0)
(-0.0186532 0.0810205 0)
(-0.0259707 -0.0242874 0)
(-0.0412307 -0.042167 0)
(-0.0773307 0.0248506 0)
(-0.10745 0.123987 0)
(-0.116679 0.16641 0)
(-0.116238 0.186791 0)
(-0.105783 0.19891 0)
(-0.0817034 0.185977 0)
(-0.0486025 0.162423 0)
(-0.0135071 0.13387 0)
(0.0202413 0.0998869 0)
(0.0472999 0.0730289 0)
(0.0660004 0.0566073 0)
(0.0767684 0.0529033 0)
(0.0808198 0.0568808 0)
(0.0780863 0.058365 0)
(0.0729392 0.0550251 0)
(0.0631541 0.0506498 0)
(0.0463205 0.0475577 0)
(0.0275319 -0.00737558 0)
(0.00241651 -0.260956 0)
(-0.0057648 -0.19096 0)
(0.00417115 0.113082 0)
(-0.00425737 0.192431 0)
(-0.0244852 0.106101 0)
(-0.0492803 0.0165441 0)
(-0.0722223 0.0179414 0)
(-0.102803 0.0913858 0)
(-0.108388 0.14442 0)
(-0.105997 0.160087 0)
(-0.0919136 0.159311 0)
(-0.0708093 0.140864 0)
(-0.0438828 0.118224 0)
(-0.0146952 0.0905131 0)
(0.0149397 0.0629314 0)
(0.0413776 0.0426559 0)
(0.0617825 0.0322879 0)
(0.076463 0.0327367 0)
(0.0841206 0.0417938 0)
(0.0863012 0.0597177 0)
(0.0814111 0.0714142 0)
(0.0723121 0.0728911 0)
(0.0605331 0.0782573 0)
(0.0368288 0.0893784 0)
(0.01738 0.0427524 0)
(-0.00617776 -0.241 0)
(-0.00816004 -0.188591 0)
(0.00450428 0.0988725 0)
(0.00973107 0.22668 0)
(-0.0131522 0.175113 0)
(-0.0550156 0.0786746 0)
(-0.0815123 0.0737773 0)
(-0.100231 0.112092 0)
(-0.0999344 0.128931 0)
(-0.0926418 0.128274 0)
(-0.080993 0.111101 0)
(-0.0648161 0.089341 0)
(-0.0434838 0.0608438 0)
(-0.01991 0.0315392 0)
(0.00450356 0.00795535 0)
(0.0293288 -0.00433243 0)
(0.0520879 -0.00457106 0)
(0.0705846 0.00784968 0)
(0.0822327 0.0317126 0)
(0.0849742 0.0639887 0)
(0.0792028 0.0896968 0)
(0.0672784 0.104232 0)
(0.0480662 0.127066 0)
(0.0207207 0.145737 0)
(0.00301479 0.0863223 0)
(-0.00993104 -0.243614 0)
(-0.00692759 -0.179036 0)
(0.00220498 0.0629886 0)
(0.0190378 0.23751 0)
(0.00433065 0.247117 0)
(-0.0318073 0.164119 0)
(-0.068865 0.120478 0)
(-0.084106 0.127631 0)
(-0.0877423 0.127532 0)
(-0.0866744 0.119139 0)
(-0.0875274 0.0963015 0)
(-0.0828954 0.0578815 0)
(-0.0722911 0.0170317 0)
(-0.0559636 -0.0170172 0)
(-0.0328974 -0.0468126 0)
(-0.00515488 -0.0632675 0)
(0.0241226 -0.0580646 0)
(0.049573 -0.033407 0)
(0.06828 0.0118277 0)
(0.0749833 0.0691122 0)
(0.0684419 0.112241 0)
(0.0533576 0.143343 0)
(0.0312356 0.174863 0)
(0.00032187 0.197013 0)
(-0.0127282 0.104236 0)
(-0.00974496 -0.254009 0)
(-0.00336893 -0.170183 0)
(-0.00152082 0.0334839 0)
(0.0212233 0.227976 0)
(0.0239105 0.29042 0)
(0.0015995 0.244177 0)
(-0.0376387 0.189067 0)
(-0.0623416 0.155591 0)
(-0.0727721 0.137805 0)
(-0.0827821 0.129917 0)
(-0.0897649 0.106736 0)
(-0.0959138 0.0586258 0)
(-0.0966188 -0.000314419 0)
(-0.0928277 -0.0546074 0)
(-0.080573 -0.108329 0)
(-0.0579405 -0.137157 0)
(-0.0289785 -0.132815 0)
(0.000966585 -0.100223 0)
(0.0242947 -0.0296574 0)
(0.0343784 0.0629781 0)
(0.0282824 0.133304 0)
(0.011581 0.178945 0)
(-0.0128548 0.238924 0)
(-0.0306727 0.24795 0)
(-0.0291555 0.0966716 0)
(-0.00388773 -0.285859 0)
(-0.00111039 -0.166057 0)
(-0.00395095 0.00634429 0)
(0.0192203 0.178524 0)
(0.0409725 0.293126 0)
(0.0294331 0.30048 0)
(0.00743689 0.260886 0)
(-0.0263617 0.201191 0)
(-0.0428549 0.173109 0)
(-0.0559831 0.151701 0)
(-0.0718678 0.123092 0)
(-0.0881274 0.0725902 0)
(-0.100903 0.00617932 0)
(-0.112098 -0.0604909 0)
(-0.117201 -0.133718 0)
(-0.11689 -0.179316 0)
(-0.111544 -0.189824 0)
(-0.0979431 -0.157116 0)
(-0.0791963 -0.0614725 0)
(-0.0592838 0.0634686 0)
(-0.0598435 0.164414 0)
(-0.0647882 0.231729 0)
(-0.064456 0.258471 0)
(-0.0485702 0.229353 0)
(-0.0342126 0.0378848 0)
(0.00950216 -0.331914 0)
(-0.00279481 -0.159029 0)
(-0.00328271 -0.00456874 0)
(0.0117107 0.119959 0)
(0.0465814 0.26761 0)
(0.0648864 0.324435 0)
(0.0497343 0.312735 0)
(0.0272741 0.272247 0)
(-0.00458744 0.202604 0)
(-0.0265747 0.193238 0)
(-0.046915 0.185222 0)
(-0.0657759 0.125594 0)
(-0.0906833 0.0589621 0)
(-0.121299 -0.00279497 0)
(-0.150475 -0.0923129 0)
(-0.169631 -0.152206 0)
(-0.184013 -0.171426 0)
(-0.19177 -0.157611 0)
(-0.186139 -0.0866294 0)
(-0.143819 0.0511059 0)
(-0.1126 0.153155 0)
(-0.0860995 0.198196 0)
(-0.0625015 0.217168 0)
(-0.0274207 0.175625 0)
(-0.00464345 -0.0233723 0)
(0.0183531 -0.341102 0)
(-0.0066097 -0.155692 0)
(0.00157683 -0.0134424 0)
(0.0102598 0.059879 0)
(0.0471513 0.180301 0)
(0.082938 0.29733 0)
(0.100688 0.339305 0)
(0.0885038 0.333359 0)
(0.0662161 0.294742 0)
(0.0249482 0.236105 0)
(0.00599082 0.205068 0)
(-0.0187447 0.163576 0)
(-0.0488193 0.121423 0)
(-0.0887844 0.0646542 0)
(-0.136586 -0.0313149 0)
(-0.184797 -0.111664 0)
(-0.214935 -0.149996 0)
(-0.225605 -0.168946 0)
(-0.223173 -0.15693 0)
(-0.187839 -0.0987633 0)
(-0.122488 0.0439411 0)
(-0.0668992 0.114092 0)
(-0.0205817 0.132876 0)
(0.0222493 0.0997769 0)
(0.0339593 -0.0359491 0)
(0.0344434 -0.292502 0)
(-0.00814719 -0.152848 0)
(0.00747205 -0.035389 0)
(0.0189567 0.0203465 0)
(0.0453349 0.0961564 0)
(0.0875874 0.210741 0)
(0.127273 0.308128 0)
(0.149105 0.344319 0)
(0.150574 0.340291 0)
(0.139643 0.327576 0)
(0.114486 0.295717 0)
(0.0916949 0.248526 0)
(0.0696522 0.218252 0)
(0.0404545 0.19061 0)
(0.00474098 0.121495 0)
(-0.0440537 0.0279914 0)
(-0.0855041 -0.0763287 0)
(-0.137997 -0.144474 0)
(-0.162771 -0.18355 0)
(-0.170544 -0.186322 0)
(-0.130688 -0.1359 0)
(-0.0695344 -0.0549117 0)
(-0.0163791 0.0208134 0)
(0.0335425 0.034764 0)
(0.0398361 -0.0233343 0)
(0.0345239 -0.196309 0)
(-0.00814669 -0.161778 0)
(0.0145894 -0.0789664 0)
(0.0280006 -0.0341269 0)
(0.0505725 0.0215809 0)
(0.0766072 0.0906696 0)
(0.115061 0.19536 0)
(0.148557 0.288244 0)
(0.155416 0.320396 0)
(0.159236 0.315835 0)
(0.160034 0.301356 0)
(0.158073 0.270353 0)
(0.154053 0.234403 0)
(0.155468 0.20723 0)
(0.147916 0.167996 0)
(0.134229 0.100908 0)
(0.103062 0.0367619 0)
(0.0519578 -0.000168415 0)
(0.0140717 -0.0681321 0)
(-0.0281259 -0.156002 0)
(-0.0525619 -0.186114 0)
(-0.0523519 -0.152399 0)
(-0.017322 -0.100585 0)
(0.017081 -0.0323388 0)
(0.0227244 -0.0375913 0)
(0.0173625 -0.149529 0)
(-0.0187192 -0.161993 0)
(-0.00632818 -0.102128 0)
(-0.00992731 -0.0609393 0)
(0.000765452 -0.00353857 0)
(0.0170927 0.0714332 0)
(0.0398608 0.156805 0)
(0.077151 0.262478 0)
(0.104379 0.319434 0)
(0.120694 0.323765 0)
(0.132339 0.309533 0)
(0.140431 0.278038 0)
(0.146339 0.239078 0)
(0.152569 0.213917 0)
(0.155282 0.195669 0)
(0.152736 0.157664 0)
(0.137567 0.124054 0)
(0.125647 0.0817897 0)
(0.117226 0.0231082 0)
(0.0887214 -0.0246202 0)
(0.0527657 -0.0779029 0)
(0.0286176 -0.126578 0)
(0.0158374 -0.118876 0)
(0.0180265 -0.0404786 0)
(0.0208871 0.0037521 0)
(0.0208987 -0.0967861 0)
(-0.0361865 -0.113655 0)
(-0.0401977 -0.088954 0)
(-0.0751859 -0.0653175 0)
(-0.0869723 -0.0403348 0)
(-0.0864097 -0.00312575 0)
(-0.0568683 0.0534834 0)
(-0.0177847 0.129371 0)
(0.0184968 0.194129 0)
(0.0482155 0.221659 0)
(0.079816 0.224093 0)
(0.111728 0.205437 0)
(0.131119 0.169315 0)
(0.151485 0.142497 0)
(0.166821 0.120268 0)
(0.174041 0.0954254 0)
(0.171239 0.0598184 0)
(0.154662 0.00605145 0)
(0.144671 -0.024907 0)
(0.137023 -0.0409338 0)
(0.12388 -0.0720722 0)
(0.101401 -0.108939 0)
(0.0836726 -0.111914 0)
(0.0621887 -0.0904317 0)
(0.0341109 -0.0708371 0)
(0.0192764 -0.104286 0)
(-0.0485445 -0.00472955 0)
(-0.0627793 0.041647 0)
(-0.115612 0.0538363 0)
(-0.151876 0.0505765 0)
(-0.176438 0.0461627 0)
(-0.181344 0.0299138 0)
(-0.132098 0.136092 0)
(-0.0974196 0.26571 0)
(-0.0501918 0.25423 0)
(-0.00629328 0.242093 0)
(0.0373659 0.231218 0)
(0.077435 0.222244 0)
(0.10624 0.220213 0)
(0.129519 0.230589 0)
(0.149814 0.244777 0)
(0.172739 0.243737 0)
(0.183535 0.201607 0)
(0.191505 0.108098 0)
(0.179251 0.0932986 0)
(0.15346 0.0662449 0)
(0.105473 0.01868 0)
(0.0741725 0.0420267 0)
(0.0481457 0.138149 0)
(0.0318104 0.194141 0)
(0.0219577 0.101742 0)
(-0.00289915 0.0188077 0)
(-0.0297517 -0.00513704 0)
(-0.0377956 -0.00519128 0)
(-0.0481796 -0.0181876 0)
(-0.0662613 -0.0600306 0)
(-0.0912182 -0.155911 0)
(-0.103652 -0.221479 0)
(-0.0813458 -0.172825 0)
(-0.0449594 -0.146374 0)
(-0.0121683 -0.128813 0)
(0.0155604 -0.122305 0)
(0.039792 -0.124762 0)
(0.0608965 -0.135174 0)
(0.0814029 -0.155799 0)
(0.10207 -0.178891 0)
(0.120489 -0.191418 0)
(0.128128 -0.19975 0)
(0.124109 -0.139441 0)
(0.106912 -0.080756 0)
(0.0871941 -0.0495733 0)
(0.0616404 -0.0546764 0)
(0.0314855 -0.146822 0)
(0.0139041 -0.165825 0)
(0.0150801 -0.156174 0)
(0.0119571 -0.211133 0)
(0.161813 0.0450301 0)
(0.0633269 0.0341666 0)
(0.0622962 0.0327319 0)
(0.0579364 0.0433125 0)
(0.0456589 0.0528306 0)
(0.00873496 0.0444209 0)
(-0.0629575 0.0502997 0)
(-0.0832268 0.0728434 0)
(-0.0498938 0.0446181 0)
(-0.0120807 0.025838 0)
(0.0281049 0.018874 0)
(0.0665372 0.0207962 0)
(0.0984326 0.0250379 0)
(0.118905 0.0316928 0)
(0.113249 0.0449513 0)
(0.0909481 0.0511681 0)
(0.0525417 0.0551041 0)
(0.0367194 0.0351084 0)
(0.0481372 0.0192031 0)
(0.0635535 0.0154375 0)
(0.0928084 0.0277145 0)
(0.0958056 0.061159 0)
(0.0639194 0.0664448 0)
(0.0337941 0.0819986 0)
(0.0325584 0.138462 0)
(-0.00566566 -0.130461 0)
(0.0861584 0.189169 0)
(0.0534745 0.28563 0)
(0.0252671 0.309469 0)
(-0.0268059 0.373945 0)
(-0.0897293 0.414232 0)
(-0.149167 0.305596 0)
(-0.0710895 0.085273 0)
(-0.0349011 0.0100323 0)
(0.022476 0.00143648 0)
(0.0687735 0.0131766 0)
(0.111363 0.0356464 0)
(0.14044 0.107518 0)
(0.156102 0.199506 0)
(0.174112 0.27509 0)
(0.159182 0.309781 0)
(0.110795 0.320098 0)
(0.0618297 0.270075 0)
(0.0367393 0.208186 0)
(0.0361424 0.190956 0)
(0.0529572 0.207348 0)
(0.0667141 0.257608 0)
(0.0480993 0.272518 0)
(0.015256 0.257452 0)
(0.0114399 0.239071 0)
(-0.063771 -0.183255 0)
(-0.0258828 -0.00367349 0)
(-0.0233367 0.170152 0)
(-0.0287917 0.240875 0)
(-0.0409492 0.302143 0)
(-0.0563965 0.31047 0)
(0.0178163 0.00957314 0)
(0.0815288 -0.197563 0)
(0.0904019 -0.23502 0)
(0.100622 -0.230256 0)
(0.11235 -0.211873 0)
(0.123357 -0.16912 0)
(0.123975 -0.130806 0)
(0.126924 -0.0998827 0)
(0.160235 -0.0370482 0)
(0.171287 0.140804 0)
(0.125642 0.240297 0)
(0.0929479 0.21139 0)
(0.0658419 0.0583033 0)
(0.0673695 -0.0719088 0)
(0.074041 -0.0708353 0)
(0.0863445 -0.0086562 0)
(0.0883694 0.161744 0)
(0.0456783 0.224418 0)
(0.020942 0.207484 0)
(-0.0459995 -0.0160756 0)
(-0.0897303 0.061928 0)
(-0.0786137 0.158052 0)
(-0.0664568 0.19941 0)
(-0.0106123 0.209927 0)
(0.0516961 0.132384 0)
(0.157991 -0.0517027 0)
(0.178241 -0.1567 0)
(0.190014 -0.193803 0)
(0.196492 -0.189216 0)
(0.206145 -0.167805 0)
(0.204746 -0.125097 0)
(0.233036 -0.0433171 0)
(0.195575 0.0523612 0)
(0.121326 0.0753012 0)
(0.101612 0.193477 0)
(0.0678615 0.297328 0)
(0.0494738 0.255292 0)
(0.0723291 0.141772 0)
(0.0764466 0.102939 0)
(0.0654071 0.0848858 0)
(0.0575487 0.0989279 0)
(0.0694286 0.202362 0)
(0.0329606 0.261524 0)
(0.0147813 0.237367 0)
(-0.0328532 0.0837425 0)
(-0.061887 0.109291 0)
(-0.0673287 0.140598 0)
(-0.0332069 0.112575 0)
(0.0241197 -0.00184193 0)
(0.0931537 -0.0914785 0)
(0.132699 -0.174766 0)
(0.150494 -0.225816 0)
(0.153252 -0.249418 0)
(0.149632 -0.246311 0)
(0.157803 -0.209752 0)
(0.110068 -0.15568 0)
(0.0795698 -0.0178431 0)
(0.00632653 0.171674 0)
(-0.0657817 0.297121 0)
(-0.0772758 0.345772 0)
(-0.0802446 0.314353 0)
(-0.0319554 0.18627 0)
(0.00431262 0.0573917 0)
(0.0278951 -0.00270975 0)
(0.0503144 -0.0164193 0)
(0.0514864 0.0436507 0)
(0.061431 0.248182 0)
(0.0228448 0.322223 0)
(0.0100941 0.303068 0)
(-0.0270955 0.146676 0)
(-0.0402986 0.140193 0)
(-0.0405976 0.110134 0)
(-0.00296418 0.00404037 0)
(0.020331 -0.087197 0)
(0.0379786 -0.1424 0)
(0.0448622 -0.186298 0)
(0.050018 -0.206264 0)
(0.049996 -0.213521 0)
(0.0390292 -0.199225 0)
(0.035872 -0.0835924 0)
(-0.0399282 0.0787 0)
(-0.126228 0.215887 0)
(-0.15732 0.293076 0)
(-0.177228 0.310194 0)
(-0.170608 0.280667 0)
(-0.124438 0.17894 0)
(-0.0724292 0.0507475 0)
(-0.0329486 0.00796689 0)
(-0.0161456 -0.00659456 0)
(-0.00234772 0.00658606 0)
(-0.00387597 0.0745423 0)
(0.0266526 0.277543 0)
(0.0197771 0.37252 0)
(0.00780748 0.324627 0)
(-0.0164836 0.235615 0)
(-0.0200192 0.162137 0)
(-0.0191342 0.0795651 0)
(-0.00313548 -0.0286737 0)
(0.00111522 -0.0983832 0)
(0.00445194 -0.145792 0)
(0.00559422 -0.187559 0)
(0.00514106 -0.208267 0)
(0.00283062 -0.211506 0)
(-0.00433836 -0.175857 0)
(-0.0212976 -0.0163003 0)
(-0.0541458 0.226845 0)
(-0.105898 0.300892 0)
(-0.125309 0.317988 0)
(-0.139781 0.306592 0)
(-0.127346 0.212853 0)
(-0.0794632 0.033689 0)
(-0.0528126 -0.0429785 0)
(-0.0354661 -0.0606709 0)
(-0.0205144 -0.059279 0)
(-0.0121816 -0.0359236 0)
(-0.00661346 0.0143955 0)
(0.0149628 0.201862 0)
(0.0243166 0.394963 0)
(0.00851483 0.377826 0)
)
;

boundaryField
{
    inlet
    {
        type            calculated;
        value           uniform (0 0.05 0);
    }
    outlet
    {
        type            calculated;
        value           nonuniform List<vector> 
25
(
(-0.0164836 0.235615 0)
(-0.0200192 0.162137 0)
(-0.0191342 0.0795651 0)
(-0 -0.0291597 0)
(0 -0.0985535 0)
(0 -0.145807 0)
(0 -0.187319 0)
(0 -0.20758 0)
(0 -0.209984 0)
(-0 -0.172962 0)
(-0 -0.012755 0)
(-0.0541458 0.226845 0)
(-0.105898 0.300892 0)
(-0.125309 0.317988 0)
(-0.139781 0.306592 0)
(-0.127346 0.212853 0)
(-0.0794632 0.033689 0)
(-0 -0.0452473 0)
(-0 -0.0619988 0)
(-0 -0.0598133 0)
(-0 -0.0360121 0)
(-0.00661346 0.0143955 0)
(0.0149628 0.201862 0)
(0.0243166 0.394963 0)
(0.00851483 0.377826 0)
)
;
    }
    walls
    {
        type            calculated;
        value           uniform (0 0 0);
    }
    defaultFaces
    {
        type            empty;
    }
}


// ************************************************************************* //
