/*--------------------------------*- C++ -*----------------------------------*\
| =========                 |                                                 |
| \\      /  F ield         | OpenFOAM: The Open Source CFD Toolbox           |
|  \\    /   O peration     | Version:  2.3.0                                 |
|   \\  /    A nd           | Web:      www.OpenFOAM.org                      |
|    \\/     M anipulation  |                                                 |
\*---------------------------------------------------------------------------*/
FoamFile
{
    version     2.0;
    format      ascii;
    class       volScalarField;
    location    "0.236";
    object      nut;
}
// * * * * * * * * * * * * * * * * * * * * * * * * * * * * * * * * * * * * * //

dimensions      [0 2 -1 0 0 0 0];

internalField   nonuniform List<scalar> 
545
(
6.7221
6.40121
5.88914
5.4474
5.14512
6.85227
6.41599
5.87347
5.42043
5.09461
7.07606
6.428
5.83588
5.36447
5.00426
7.41446
6.41824
5.77555
5.28436
4.86612
7.9161
6.36308
5.70612
5.19851
4.67149
4.99065
4.90631
4.87952
4.87111
4.8685
4.86769
4.86744
4.86737
4.86735
4.86735
4.86736
4.86736
4.86737
4.86737
4.86738
4.86738
4.86739
4.86739
4.8674
4.8674
4.86741
4.86741
4.86741
4.86742
4.86742
4.86743
4.86743
4.86743
4.86743
4.86744
4.86744
4.86744
4.86744
4.86745
4.86745
4.86745
4.86745
4.86745
4.86745
4.86746
4.86746
4.86746
4.86746
4.86746
4.86746
4.95199
4.89448
4.87578
4.86994
4.86813
4.86757
4.86741
4.86736
4.86735
4.86735
4.86736
4.86736
4.86737
4.86737
4.86738
4.86738
4.86739
4.86739
4.8674
4.8674
4.86741
4.86741
4.86742
4.86742
4.86742
4.86743
4.86743
4.86743
4.86744
4.86744
4.86744
4.86744
4.86745
4.86745
4.86745
4.86745
4.86745
4.86745
4.86746
4.86746
4.86746
4.86746
4.86746
4.86746
4.86746
4.89574
4.87466
4.86942
4.86795
4.86751
4.86738
4.86735
4.86734
4.86734
4.86735
4.86736
4.86736
4.86737
4.86737
4.86738
4.86738
4.86739
4.86739
4.8674
4.8674
4.86741
4.86741
4.86742
4.86742
4.86742
4.86743
4.86743
4.86743
4.86744
4.86744
4.86744
4.86744
4.86745
4.86745
4.86745
4.86745
4.86745
4.86745
4.86746
4.86746
4.86746
4.86746
4.86746
4.86746
4.86746
4.82257
4.85152
4.86229
4.86574
4.86683
4.86717
4.86728
4.86732
4.86734
4.86735
4.86736
4.86736
4.86737
4.86737
4.86738
4.86739
4.86739
4.8674
4.8674
4.8674
4.86741
4.86741
4.86742
4.86742
4.86742
4.86743
4.86743
4.86743
4.86744
4.86744
4.86744
4.86744
4.86745
4.86745
4.86745
4.86745
4.86745
4.86746
4.86746
4.86746
4.86746
4.86746
4.86746
4.86746
4.86746
4.73727
4.83195
4.85664
4.86402
4.8663
4.86701
4.86723
4.86731
4.86733
4.86735
4.86736
4.86736
4.86737
4.86737
4.86738
4.86739
4.86739
4.8674
4.8674
4.8674
4.86741
4.86741
4.86742
4.86742
4.86742
4.86743
4.86743
4.86743
4.86744
4.86744
4.86744
4.86744
4.86745
4.86745
4.86745
4.86745
4.86745
4.86746
4.86746
4.86746
4.86746
4.86746
4.86746
4.86746
4.86746
4.74676
4.826
4.85434
4.86329
4.86607
4.86694
4.86721
4.8673
4.86733
4.86735
4.86736
4.86736
4.86737
4.86737
4.86738
4.86739
4.86739
4.8674
4.8674
4.8674
4.86741
4.86741
4.86742
4.86742
4.86742
4.86743
4.86743
4.86743
4.86744
4.86744
4.86744
4.86745
4.86745
4.86745
4.86745
4.86745
4.86745
4.86746
4.86746
4.86746
4.86746
4.86746
4.86746
4.86746
4.86746
7.9161
6.36308
5.70612
5.19851
4.67149
7.41446
6.41824
5.77555
5.28436
4.86612
7.07606
6.428
5.83588
5.36447
5.00426
6.85227
6.41599
5.87347
5.42043
5.09461
6.7221
6.40121
5.88914
5.4474
5.14512
4.73727
4.83195
4.85664
4.86402
4.8663
4.86701
4.86723
4.86731
4.86733
4.86735
4.86736
4.86736
4.86737
4.86737
4.86738
4.86739
4.86739
4.8674
4.8674
4.8674
4.86741
4.86741
4.86742
4.86742
4.86742
4.86743
4.86743
4.86743
4.86744
4.86744
4.86744
4.86744
4.86745
4.86745
4.86745
4.86745
4.86745
4.86746
4.86746
4.86746
4.86746
4.86746
4.86746
4.86746
4.86746
4.82257
4.85152
4.86229
4.86574
4.86683
4.86717
4.86728
4.86732
4.86734
4.86735
4.86736
4.86736
4.86737
4.86737
4.86738
4.86739
4.86739
4.8674
4.8674
4.8674
4.86741
4.86741
4.86742
4.86742
4.86742
4.86743
4.86743
4.86743
4.86744
4.86744
4.86744
4.86744
4.86745
4.86745
4.86745
4.86745
4.86745
4.86746
4.86746
4.86746
4.86746
4.86746
4.86746
4.86746
4.86746
4.89574
4.87466
4.86942
4.86795
4.86751
4.86738
4.86735
4.86734
4.86734
4.86735
4.86736
4.86736
4.86737
4.86737
4.86738
4.86738
4.86739
4.86739
4.8674
4.8674
4.86741
4.86741
4.86742
4.86742
4.86742
4.86743
4.86743
4.86743
4.86744
4.86744
4.86744
4.86744
4.86745
4.86745
4.86745
4.86745
4.86745
4.86745
4.86746
4.86746
4.86746
4.86746
4.86746
4.86746
4.86746
4.95199
4.89448
4.87578
4.86994
4.86813
4.86757
4.86741
4.86736
4.86735
4.86735
4.86736
4.86736
4.86737
4.86737
4.86738
4.86738
4.86739
4.86739
4.8674
4.8674
4.86741
4.86741
4.86742
4.86742
4.86742
4.86743
4.86743
4.86743
4.86744
4.86744
4.86744
4.86744
4.86745
4.86745
4.86745
4.86745
4.86745
4.86745
4.86746
4.86746
4.86746
4.86746
4.86746
4.86746
4.86746
4.99065
4.90631
4.87952
4.87111
4.8685
4.86769
4.86744
4.86737
4.86735
4.86735
4.86736
4.86736
4.86737
4.86737
4.86738
4.86738
4.86739
4.86739
4.8674
4.8674
4.86741
4.86741
4.86741
4.86742
4.86742
4.86743
4.86743
4.86743
4.86744
4.86744
4.86744
4.86744
4.86744
4.86745
4.86745
4.86745
4.86745
4.86745
4.86745
4.86746
4.86746
4.86746
4.86746
4.86746
4.86746
)
;

boundaryField
{
    AirInlet
    {
        type            fixedValue;
        value           uniform 0;
    }
    WaterInlet
    {
        type            fixedValue;
        value           uniform 0;
    }
    ChannelWall
    {
        type            fixedValue;
        value           uniform 0;
    }
    Outlet
    {
        type            calculated;
        value           nonuniform List<scalar> 
11
(
4.86746
4.86746
4.86746
4.86746
4.86746
4.86746
4.86746
4.86746
4.86746
4.86746
4.86746
)
;
    }
    FrontAndBack
    {
        type            empty;
    }
}


// ************************************************************************* //
