/*--------------------------------*- C++ -*----------------------------------*\
| =========                 |                                                 |
| \\      /  F ield         | OpenFOAM: The Open Source CFD Toolbox           |
|  \\    /   O peration     | Version:  2.3.0                                 |
|   \\  /    A nd           | Web:      www.OpenFOAM.org                      |
|    \\/     M anipulation  |                                                 |
\*---------------------------------------------------------------------------*/
FoamFile
{
    version     2.0;
    format      ascii;
    class       volScalarField;
    location    "0.434";
    object      k;
}
// * * * * * * * * * * * * * * * * * * * * * * * * * * * * * * * * * * * * * //

dimensions      [0 2 -2 0 0 0 0];

internalField   nonuniform List<scalar> 
545
(
164595
156738
144198
133381
125979
167782
157099
143815
132721
124742
173262
157393
142894
131350
122529
181548
157154
141417
129389
119147
193831
155804
139717
127287
114381
122195
120129
119472
119265
119200
119179
119172
119169
119168
119167
119166
119165
119164
119164
119163
119162
119162
119161
119161
119160
119159
119159
119158
119158
119158
119157
119157
119156
119156
119156
119155
119155
119155
119154
119154
119154
119154
119154
119153
119153
119153
119153
119153
119153
119153
121248
119839
119380
119236
119191
119176
119171
119169
119168
119167
119166
119165
119164
119164
119163
119162
119162
119161
119161
119160
119159
119159
119158
119158
119158
119157
119157
119156
119156
119156
119155
119155
119155
119154
119154
119154
119154
119154
119153
119153
119153
119153
119153
119153
119153
119871
119354
119224
119187
119175
119171
119169
119168
119167
119167
119166
119165
119164
119164
119163
119162
119162
119161
119161
119160
119159
119159
119158
119158
119158
119157
119157
119156
119156
119156
119155
119155
119155
119154
119154
119154
119154
119154
119153
119153
119153
119153
119153
119153
119153
118079
118787
119050
119133
119159
119166
119168
119168
119167
119167
119166
119165
119164
119164
119163
119162
119162
119161
119161
119160
119159
119159
119158
119158
119158
119157
119157
119156
119156
119156
119155
119155
119155
119154
119154
119154
119154
119154
119153
119153
119153
119153
119153
119153
119153
115991
118308
118911
119091
119146
119162
119167
119167
119167
119167
119166
119165
119164
119164
119163
119162
119162
119161
119161
119160
119159
119159
119158
119158
119158
119157
119157
119156
119156
119156
119155
119155
119155
119154
119154
119154
119154
119154
119153
119153
119153
119153
119153
119153
119153
116223
118162
118855
119073
119140
119160
119166
119167
119167
119166
119166
119165
119164
119164
119163
119162
119162
119161
119161
119160
119159
119159
119158
119158
119158
119157
119157
119156
119156
119156
119155
119155
119155
119154
119154
119154
119154
119154
119153
119153
119153
119153
119153
119153
119153
193831
155804
139717
127287
114381
181548
157154
141417
129389
119147
173262
157393
142894
131350
122529
167782
157099
143815
132721
124742
164595
156738
144198
133381
125979
115991
118308
118911
119091
119146
119162
119167
119167
119167
119167
119166
119165
119164
119164
119163
119162
119162
119161
119161
119160
119159
119159
119158
119158
119158
119157
119157
119156
119156
119156
119155
119155
119155
119154
119154
119154
119154
119154
119153
119153
119153
119153
119153
119153
119153
118079
118787
119050
119133
119159
119166
119168
119168
119167
119167
119166
119165
119164
119164
119163
119162
119162
119161
119161
119160
119159
119159
119158
119158
119158
119157
119157
119156
119156
119156
119155
119155
119155
119154
119154
119154
119154
119154
119153
119153
119153
119153
119153
119153
119153
119871
119354
119224
119187
119175
119171
119169
119168
119167
119167
119166
119165
119164
119164
119163
119162
119162
119161
119161
119160
119159
119159
119158
119158
119158
119157
119157
119156
119156
119156
119155
119155
119155
119154
119154
119154
119154
119154
119153
119153
119153
119153
119153
119153
119153
121248
119839
119380
119236
119191
119176
119171
119169
119168
119167
119166
119165
119164
119164
119163
119162
119162
119161
119161
119160
119159
119159
119158
119158
119158
119157
119157
119156
119156
119156
119155
119155
119155
119154
119154
119154
119154
119154
119153
119153
119153
119153
119153
119153
119153
122195
120129
119472
119265
119200
119179
119172
119169
119168
119167
119166
119165
119164
119164
119163
119162
119162
119161
119161
119160
119159
119159
119158
119158
119158
119157
119157
119156
119156
119156
119155
119155
119155
119154
119154
119154
119154
119154
119153
119153
119153
119153
119153
119153
119153
)
;

boundaryField
{
    AirInlet
    {
        type            fixedValue;
        value           uniform 0.1;
    }
    WaterInlet
    {
        type            fixedValue;
        value           uniform 0.1;
    }
    ChannelWall
    {
        type            fixedValue;
        value           uniform 0.1;
    }
    Outlet
    {
        type            inletOutlet;
        inletValue      uniform 0.1;
        value           nonuniform List<scalar> 
11
(
119153
119153
119153
119153
119153
119153
119153
119153
119153
119153
119153
)
;
    }
    FrontAndBack
    {
        type            empty;
    }
}


// ************************************************************************* //
